17 0.553466796875 0.4169921875 0.01416015625 0.020182291666666664
17 0.5732421875 0.4163411458333333 0.01171875 0.009765625
17 0.55810546875 0.3837890625 0.0126953125 0.014973958333333332
17 0.55224609375 0.4368489583333333 0.015625 0.018229166666666664
17 0.56884765625 0.43359375 0.0146484375 0.018229166666666664
11 0.686767578125 0.46451822916666663 0.30712890625 0.177734375
201 0.6845703125 0.6272786458333333 0.046875 0.04231770833333333
47 0.64794921875 0.7646484375 0.0087890625 0.024088541666666664
84 0.65771484375 0.7639973958333333 0.0107421875 0.025390625
87 0.671630859375 0.7643229166666666 0.00927734375 0.026041666666666664
93 0.681396484375 0.7652994791666666 0.01025390625 0.025390625
79 0.69140625 0.7652994791666666 0.009765625 0.026692708333333332
73 0.700927734375 0.7646484375 0.01025390625 0.026692708333333332
77 0.711181640625 0.7649739583333333 0.01025390625 0.026041666666666664
18 0.6796875 0.7639973958333333 0.0771484375 0.031901041666666664
5 0.668212890625 0.4521484375 0.44775390625 0.7220052083333333
