11 0.8794019933554817 0.8978411719352352 0.23322259136212625 0.14880493446414803
1 0.8318936877076413 0.8018504240555127 0.33222591362126247 0.37933693138010793
11 0.25614617940199336 0.538550501156515 0.2159468438538206 0.1056283731688512
47 0.21760797342192692 0.674248265227448 0.009966777408637875 0.019275250578257516
84 0.22790697674418606 0.674633770239013 0.0106312292358804 0.020046260601387818
72 0.24285714285714288 0.6730917501927525 0.009966777408637875 0.020046260601387818
77 0.25182724252491695 0.6727062451811874 0.0079734219269103 0.022359290670778718
80 0.26245847176079734 0.6723207401696222 0.009302325581395349 0.02158828064764842
76 0.27209302325581397 0.671935235158057 0.008637873754152824 0.019275250578257516
66 0.2817275747508306 0.671935235158057 0.0106312292358804 0.020817270624518117
18 0.24983388704318937 0.6727062451811874 0.08106312292358804 0.030069390902081727
1 0.2780730897009967 0.5728604471858134 0.3142857142857143 0.3870470316114109
