1 0.89306640625 0.4296875 0.212890625 0.30078125
111 0.9150390625 0.4378255208333333 0.015625 0.022786458333333332
11 0.909912109375 0.37109375 0.15966796875 0.07552083333333333
18 0.912353515625 0.4619140625 0.06005859375 0.030598958333333332
42 0.888916015625 0.4612630208333333 0.00927734375 0.024088541666666664
81 0.896728515625 0.4612630208333333 0.00830078125 0.026692708333333332
79 0.907470703125 0.46256510416666663 0.00830078125 0.024088541666666664
72 0.914794921875 0.4632161458333333 0.00732421875 0.025390625
73 0.922607421875 0.46256510416666663 0.00830078125 0.026692708333333332
73 0.930908203125 0.46256510416666663 0.00830078125 0.030598958333333332
94 0.938232421875 0.46647135416666663 0.00634765625 0.022786458333333332
