17 0.3740234375 0.61328125 0.017578125 0.020833333333333332
17 0.3955078125 0.6129557291666666 0.0166015625 0.024088541666666664
17 0.41259765625 0.6194661458333333 0.017578125 0.022786458333333332
17 0.3701171875 0.6383463541666666 0.01171875 0.016276041666666664
17 0.3876953125 0.6396484375 0.013671875 0.018880208333333332
17 0.405517578125 0.6458333333333333 0.01904296875 0.024739583333333332
17 0.36572265625 0.6634114583333333 0.0166015625 0.018229166666666664
17 0.386474609375 0.6663411458333333 0.02197265625 0.024088541666666664
17 0.40673828125 0.673828125 0.0166015625 0.01953125
17 0.38037109375 0.6923828125 0.017578125 0.029296875
11 0.618896484375 0.6949869791666666 0.53369140625 0.416015625
4 0.625244140625 0.5091145833333333 0.63134765625 0.9557291666666666
