111 0.443359375 0.53515625 0.017578125 0.024739583333333332
47 0.418212890625 0.5716145833333333 0.00634765625 0.015625
84 0.426025390625 0.5712890625 0.00634765625 0.016276041666666664
98 0.436767578125 0.5716145833333333 0.00634765625 0.015625
88 0.444580078125 0.5712890625 0.00634765625 0.016276041666666664
73 0.4521484375 0.5716145833333333 0.0068359375 0.015625
77 0.46044921875 0.5719401041666666 0.0068359375 0.016276041666666664
78 0.468017578125 0.5719401041666666 0.00537109375 0.016276041666666664
18 0.442626953125 0.5716145833333333 0.06103515625 0.026041666666666664
12 0.478759765625 0.3623046875 0.04541015625 0.009765625
17 0.376220703125 0.357421875 0.01025390625 0.0078125
17 0.38818359375 0.35709635416666663 0.009765625 0.007161458333333333
11 0.4384765625 0.39453125 0.1884765625 0.09765625
1 0.438232421875 0.45572916666666663 0.24755859375 0.3359375
