17 0.396240234375 0.17317708333333331 0.01123046875 0.018229166666666664
17 0.410888671875 0.17447916666666666 0.00927734375 0.018229166666666664
17 0.42333984375 0.17708333333333331 0.009765625 0.015625
17 0.393798828125 0.19108072916666666 0.01123046875 0.012369791666666666
17 0.418212890625 0.19563802083333331 0.01318359375 0.014973958333333332
17 0.4052734375 0.19270833333333331 0.0087890625 0.013020833333333332
17 0.39111328125 0.208984375 0.01171875 0.015625
17 0.404541015625 0.2109375 0.01220703125 0.015625
17 0.420166015625 0.21549479166666666 0.01220703125 0.014322916666666666
17 0.400634765625 0.23014322916666666 0.01416015625 0.020182291666666664
11 0.56005859375 0.2630208333333333 0.3564453125 0.21354166666666666
142 0.553466796875 0.46744791666666663 0.02783203125 0.03515625
47 0.522705078125 0.5572916666666666 0.00830078125 0.020833333333333332
84 0.5322265625 0.556640625 0.0087890625 0.01953125
101 0.544677734375 0.5569661458333333 0.01220703125 0.024088541666666664
71 0.5537109375 0.5579427083333333 0.0078125 0.020833333333333332
71 0.5712890625 0.5582682291666666 0.0068359375 0.025390625
77 0.561767578125 0.5579427083333333 0.01220703125 0.024739583333333332
79 0.579833984375 0.5589192708333333 0.01123046875 0.022786458333333332
18 0.55224609375 0.5579427083333333 0.068359375 0.028645833333333332
4 0.5615234375 0.29850260416666663 0.44921875 0.595703125
