17 0.25598259608411894 0.3459885386819484 0.020304568527918784 0.008595988538681949
17 0.2563451776649746 0.35243553008595985 0.013778100072516317 0.0057306590257879654
16 0.29477882523567805 0.3939828080229226 0.012327773749093546 0.017191977077363897
12 0.3538796229151559 0.34921203438395415 0.044960116026105876 0.019340974212034383
11 0.29260333575054387 0.3753581661891117 0.18201595358955766 0.08166189111747851
150 0.2483683828861494 0.49570200573065903 0.023930384336475707 0.014326647564469913
47 0.22588832487309646 0.5204154727793696 0.006526468455402465 0.012177650429799427
84 0.23241479332849893 0.5207736389684814 0.007976794778825236 0.014326647564469913
97 0.2425670775924583 0.5200573065902578 0.007976794778825236 0.012893982808022923
79 0.24981870920957217 0.5204154727793696 0.007976794778825236 0.012177650429799427
75 0.25743292240754173 0.5207736389684814 0.007251631617113851 0.012893982808022923
76 0.26468455402465557 0.5204154727793696 0.007251631617113851 0.013610315186246417
78 0.2719361856417694 0.5204154727793696 0.007251631617113851 0.012177650429799427
18 0.24873096446700507 0.5200573065902578 0.05946337926033358 0.020057306590257878
1 0.3230601885424221 0.4222779369627507 0.32849891225525746 0.2643266475644699
