17 0.39404296875 0.3369140625 0.009765625 0.011067708333333332
17 0.393310546875 0.3486328125 0.00927734375 0.011067708333333332
12 0.4267578125 0.3343098958333333 0.0498046875 0.012369791666666666
12 0.525390625 0.33658854166666663 0.05859375 0.010416666666666666
15 0.396728515625 0.40397135416666663 0.03271484375 0.014973958333333332
15 0.44091796875 0.4072265625 0.03125 0.013671875
11 0.476318359375 0.37076822916666663 0.19970703125 0.095703125
111 0.4736328125 0.5445963541666666 0.0205078125 0.027994791666666664
47 0.44384765625 0.5852864583333333 0.0087890625 0.01953125
84 0.45361328125 0.5849609375 0.009765625 0.022786458333333332
101 0.466796875 0.5846354166666666 0.009765625 0.022135416666666664
73 0.475341796875 0.5849609375 0.00927734375 0.021484375
78 0.484375 0.5849609375 0.0107421875 0.021484375
77 0.4931640625 0.583984375 0.0087890625 0.020833333333333332
71 0.502197265625 0.5862630208333333 0.00732421875 0.021484375
1 0.4765625 0.447265625 0.2783203125 0.40494791666666663
18 0.470947265625 0.5843098958333333 0.07080078125 0.035807291666666664
