11 0.4095052083333333 0.5009293680297398 0.43229166666666663 0.11524163568773234
47 0.38639322916666663 0.8847583643122676 0.016276041666666664 0.010223048327137546
84 0.4134114583333333 0.883364312267658 0.018229166666666664 0.008364312267657992
101 0.36979166666666663 0.8975371747211895 0.015625 0.016263940520446097
71 0.3860677083333333 0.8982342007434944 0.009114583333333332 0.015799256505576207
73 0.400390625 0.8973048327137546 0.014322916666666666 0.016728624535315983
77 0.4306640625 0.89567843866171 0.016276041666666664 0.015334572490706319
80 0.4150390625 0.8961431226765799 0.014973958333333332 0.016263940520446097
18 0.400390625 0.8919609665427509 0.0859375 0.032063197026022304
11 0.8603515625 0.641496282527881 0.21158854166666666 0.05715613382899628
128 0.8665364583333333 0.6809944237918215 0.026041666666666664 0.011617100371747211
47 0.8349609375 0.712360594795539 0.007161458333333333 0.011152416356877323
96 0.8440755208333333 0.712592936802974 0.009765625 0.011617100371747211
71 0.8561197916666666 0.7121282527881041 0.006510416666666666 0.010687732342007435
75 0.8636067708333333 0.7116635687732341 0.008463541666666666 0.011617100371747211
77 0.8723958333333333 0.7116635687732341 0.009114583333333332 0.011617100371747211
73 0.888671875 0.7105018587360594 0.009114583333333332 0.011152416356877323
88 0.880859375 0.7114312267657992 0.0078125 0.0120817843866171
18 0.861328125 0.7128252788104089 0.06510416666666666 0.01486988847583643
3 0.8115234375 0.6484665427509293 0.3274739583333333 0.23094795539033455
4 0.3577473958333333 0.5841078066914498 0.5774739583333333 0.6868029739776952
