11 0.25072358900144714 0.7087053571428571 0.268451519536903 0.12574404761904762
128 0.24782923299565845 0.7894345238095237 0.03835021707670043 0.025297619047619048
47 0.21599131693198262 0.8407738095238094 0.01085383502170767 0.020833333333333332
84 0.22756874095513746 0.8404017857142857 0.012301013024602025 0.020089285714285712
83 0.25434153400868303 0.8385416666666666 0.01085383502170767 0.017857142857142856
99 0.2431259044862518 0.8392857142857142 0.011577424023154847 0.019345238095238096
75 0.2659189580318379 0.8381696428571428 0.01085383502170767 0.021577380952380952
75 0.2778581765557163 0.8370535714285714 0.010130246020260492 0.020833333333333332
78 0.2890738060781476 0.8370535714285714 0.01085383502170767 0.020833333333333332
18 0.25180897250361794 0.8392857142857142 0.08972503617945006 0.03125
3 0.28798842257597684 0.7213541666666666 0.366136034732272 0.4352678571428571
