78 0.020029920212765957 0.5125725338491296 0.0031582446808510636 0.014506769825918761
73 0.022938829787234043 0.5120889748549323 0.0026595744680851063 0.015473887814313346
73 0.02559840425531915 0.5130560928433269 0.0026595744680851063 0.013539651837524178
80 0.028590425531914893 0.5135396518375241 0.003324468085106383 0.014506769825918761
71 0.031914893617021274 0.5135396518375241 0.0026595744680851063 0.01644100580270793
18 0.026180186170212765 0.5101547388781431 0.01579122340425532 0.024177949709864605
7 0.03324468085106383 0.449468085106383 0.0641622340425532 0.4260154738878143
78 0.20794547872340424 0.6204061895551257 0.003989361702127659 0.015473887814313346
72 0.21077127659574468 0.6201644100580271 0.0026595744680851063 0.015957446808510637
73 0.2135970744680851 0.6201644100580271 0.0029920212765957447 0.015957446808510637
74 0.21633976063829788 0.6187137330754352 0.0024933510638297874 0.014990328820116054
71 0.2197473404255319 0.6172630560928434 0.0036569148936170214 0.015957446808510637
18 0.2137632978723404 0.616779497098646 0.016289893617021278 0.022727272727272728
7 0.21434507978723405 0.5756769825918762 0.07396941489361702 0.48017408123791105
78 0.5201130319148936 0.5135396518375241 0.002327127659574468 0.017408123791102514
73 0.5227726063829787 0.5140232108317214 0.003989361702127659 0.013539651837524178
73 0.5255984042553191 0.5123307543520309 0.002327127659574468 0.014990328820116054
80 0.5285904255319149 0.5123307543520309 0.0036569148936170214 0.016924564796905222
71 0.5313331117021276 0.5123307543520309 0.0028257978723404253 0.016924564796905222
18 0.5255984042553191 0.5094294003868473 0.015957446808510637 0.02562862669245648
7 0.5311668882978723 0.44052224371373305 0.05701462765957447 0.4400386847195358
78 0.7074468085106382 0.6206479690522244 0.0036569148936170214 0.016924564796905222
72 0.7103557180851063 0.6213733075435203 0.0031582446808510636 0.0183752417794971
73 0.7133477393617021 0.6201644100580271 0.0028257978723404253 0.015957446808510637
74 0.7163397606382979 0.6199226305609284 0.0031582446808510636 0.0183752417794971
71 0.7199966755319149 0.6165377176015474 0.0031582446808510636 0.01644100580270793
18 0.7139295212765957 0.6153288201160542 0.016622340425531915 0.02756286266924565
7 0.7144281914893617 0.5710831721470019 0.07280585106382978 0.47292069632495165
