114 0.6328125 0.5221354166666666 0.017578125 0.018229166666666664
47 0.60400390625 0.5794270833333333 0.005859375 0.018229166666666664
84 0.613037109375 0.5794270833333333 0.00732421875 0.018229166666666664
94 0.62548828125 0.5794270833333333 0.0078125 0.01953125
78 0.634521484375 0.5794270833333333 0.00732421875 0.018229166666666664
80 0.643310546875 0.5794270833333333 0.00732421875 0.018229166666666664
72 0.65283203125 0.5794270833333333 0.0068359375 0.018229166666666664
72 0.661376953125 0.5794270833333333 0.00634765625 0.018229166666666664
18 0.6328125 0.5787760416666666 0.068359375 0.028645833333333332
17 0.556884765625 0.3157552083333333 0.01220703125 0.0078125
17 0.545166015625 0.326171875 0.01123046875 0.009114583333333332
14 0.61181640625 0.365234375 0.0068359375 0.041666666666666664
11 0.622314453125 0.3616536458333333 0.21142578125 0.11783854166666666
1 0.620361328125 0.43229166666666663 0.28955078125 0.39713541666666663
