17 0.4296875 0.3525390625 0.009765625 0.008463541666666666
12 0.4580078125 0.3583984375 0.0615234375 0.031901041666666664
12 0.566650390625 0.3518880208333333 0.05712890625 0.021484375
11 0.517333984375 0.39518229166666663 0.21728515625 0.11979166666666666
180 0.5205078125 0.5716145833333333 0.01953125 0.03645833333333333
47 0.49169921875 0.6334635416666666 0.0087890625 0.020833333333333332
84 0.5009765625 0.6328125 0.009765625 0.022135416666666664
84 0.513671875 0.6334635416666666 0.0087890625 0.020833333333333332
75 0.523193359375 0.6331380208333333 0.00927734375 0.022786458333333332
72 0.53271484375 0.6334635416666666 0.0078125 0.024739583333333332
77 0.541748046875 0.6331380208333333 0.01025390625 0.022786458333333332
79 0.551025390625 0.6328125 0.00830078125 0.022135416666666664
18 0.5224609375 0.6334635416666666 0.0732421875 0.028645833333333332
2 0.513671875 0.46744791666666663 0.3046875 0.4388020833333333
