79 0.6181640625 0.540625 0.005859375 0.0125
76 0.62451171875 0.54 0.005859375 0.0125
76 0.630859375 0.5403125 0.0068359375 0.013125
76 0.63671875 0.5396875 0.0048828125 0.010625
80 0.64306640625 0.54 0.0068359375 0.0125
18 0.63134765625 0.5359375000000001 0.033203125 0.019375
7 0.62841796875 0.484375 0.115234375 0.38875
43 0.28125 0.0446875 0.0068359375 0.015625
81 0.2880859375 0.044375 0.0068359375 0.0175
74 0.29638671875 0.0440625 0.0068359375 0.016875
77 0.302490234375 0.044375 0.00732421875 0.02
93 0.309326171875 0.0446875 0.00732421875 0.019375
87 0.315185546875 0.043125000000000004 0.00537109375 0.01625
76 0.322509765625 0.0440625 0.00634765625 0.016875
18 0.3017578125 0.043125000000000004 0.0517578125 0.025
