151 0.41748046875 0.4765625 0.0322265625 0.009114583333333332
47 0.392333984375 0.5432942708333333 0.00537109375 0.016276041666666664
84 0.3994140625 0.5432942708333333 0.005859375 0.016276041666666664
86 0.41015625 0.54296875 0.005859375 0.015625
86 0.41748046875 0.5436197916666666 0.005859375 0.015625
73 0.42529296875 0.5442708333333333 0.005859375 0.015625
72 0.43310546875 0.544921875 0.005859375 0.015625
78 0.440185546875 0.544921875 0.00537109375 0.015625
18 0.416259765625 0.5436197916666666 0.05712890625 0.024739583333333332
15 0.353759765625 0.3671875 0.02783203125 0.013020833333333332
17 0.364501953125 0.3050130208333333 0.01025390625 0.008463541666666666
17 0.35107421875 0.3056640625 0.0107421875 0.007161458333333333
11 0.416015625 0.34635416666666663 0.17578125 0.10546875
2 0.416015625 0.4026692708333333 0.2626953125 0.361328125
