17 0.383544921875 0.3401692708333333 0.00927734375 0.008463541666666666
17 0.396728515625 0.34342447916666663 0.01220703125 0.007161458333333333
17 0.3818359375 0.3499348958333333 0.01171875 0.007161458333333333
15 0.454345703125 0.41569010416666663 0.02001953125 0.014973958333333332
11 0.458251953125 0.3740234375 0.20166015625 0.099609375
111 0.462646484375 0.55078125 0.02001953125 0.024739583333333332
47 0.43505859375 0.595703125 0.0078125 0.022135416666666664
84 0.444091796875 0.5950520833333333 0.01025390625 0.020833333333333332
77 0.45654296875 0.5947265625 0.0078125 0.021484375
77 0.473876953125 0.5950520833333333 0.00927734375 0.022135416666666664
79 0.464599609375 0.59375 0.00830078125 0.0234375
76 0.482177734375 0.5947265625 0.00830078125 0.024088541666666664
71 0.49169921875 0.5940755208333333 0.0087890625 0.021484375
18 0.462646484375 0.5944010416666666 0.06787109375 0.026041666666666664
1 0.455078125 0.453125 0.2744140625 0.36588541666666663
