11 0.20053475935828877 0.7265361242403782 0.24064171122994651 0.1161377447670493
159 0.19318181818181818 0.836934503713707 0.01871657754010695 0.020931802835921675
47 0.16276737967914437 0.8713706954760297 0.010026737967914439 0.01958136394328157
84 0.17279411764705882 0.8713706954760297 0.011363636363636362 0.01823092505064146
82 0.1888368983957219 0.8706954760297098 0.010026737967914439 0.01823092505064146
93 0.20020053475935828 0.8696826468602297 0.011363636363636362 0.018906144496961513
73 0.23295454545454544 0.8666441593517894 0.008689839572192513 0.01958136394328157
72 0.21122994652406415 0.8686698176907496 0.0106951871657754 0.020931802835921675
71 0.22225935828877005 0.8686698176907496 0.008689839572192513 0.020931802835921675
18 0.1978609625668449 0.8693450371370696 0.0855614973262032 0.027683997299122215
1 0.2249331550802139 0.7606347062795409 0.34157754010695185 0.39365293720459155
5 0.13469251336898394 0.3234301147873059 0.2693850267379679 0.6049966239027684
