11 0.17708333333333331 0.5428219346888479 0.3203125 0.13185459026494148
47 0.17610677083333331 0.7307455329636476 0.017578125 0.012322858903265559
84 0.20247395833333331 0.7288971041281578 0.015625 0.011090573012939002
83 0.16276041666666666 0.7476894639556377 0.013020833333333332 0.02033271719038817
75 0.17610677083333331 0.7467652495378928 0.012369791666666666 0.019716574245224893
78 0.19075520833333331 0.7473813924830561 0.013020833333333332 0.020948860135551448
77 0.20475260416666666 0.7455329636475663 0.012369791666666666 0.018484288354898338
77 0.21809895833333331 0.7443006777572397 0.013020833333333332 0.023413431916204562
18 0.1904296875 0.741528034504005 0.080078125 0.04128157732593962
4 0.21451822916666666 0.5422057917436846 0.4290364583333333 0.6013555144793592
4 0.7861328125 0.6537276648182379 0.4251302083333333 0.6703635243376463
47 0.6272786458333333 0.3361059765865681 0.004557291666666666 0.009242144177449169
84 0.6331380208333333 0.33548983364140483 0.007161458333333333 0.009242144177449169
91 0.6409505208333333 0.3345656192236599 0.005859375 0.009858287122612447
18 0.6455078125 0.33487369069624157 0.044921875 0.014171287738755391
2 0.6376953125 0.31423290203327175 0.18815104166666666 0.1786814540973506
