11 0.25651041666666663 0.43742824339839265 0.20963541666666666 0.16762342135476463
47 0.2197265625 0.6440872560275546 0.011067708333333332 0.03214695752009185
84 0.23014322916666666 0.6446613088404133 0.011067708333333332 0.03329506314580941
77 0.24479166666666666 0.642939150401837 0.009114583333333332 0.029850746268656716
72 0.25455729166666663 0.6435132032146957 0.01171875 0.030998851894374284
72 0.265625 0.6417910447761194 0.01171875 0.03214695752009185
79 0.27506510416666663 0.6412169919632607 0.009765625 0.030998851894374284
75 0.28515625 0.6394948335246843 0.01171875 0.03214695752009185
18 0.2522786458333333 0.6412169919632607 0.07877604166666666 0.04936854190585534
1 0.2783203125 0.4827784156142365 0.330078125 0.6211251435132032
