17 0.330810546875 0.37076822916666663 0.01220703125 0.009765625
17 0.34619140625 0.3675130208333333 0.0126953125 0.011067708333333332
11 0.410400390625 0.4169921875 0.21630859375 0.12044270833333333
135 0.41015625 0.6181640625 0.0224609375 0.031901041666666664
47 0.381103515625 0.6653645833333333 0.00927734375 0.022135416666666664
84 0.390625 0.6653645833333333 0.009765625 0.022135416666666664
98 0.40283203125 0.6666666666666666 0.0087890625 0.024739583333333332
88 0.41259765625 0.6656901041666666 0.0107421875 0.025390625
75 0.422607421875 0.6656901041666666 0.01123046875 0.021484375
71 0.432861328125 0.666015625 0.00732421875 0.026041666666666664
71 0.440673828125 0.6666666666666666 0.01123046875 0.024739583333333332
18 0.411865234375 0.6647135416666666 0.07080078125 0.02734375
2 0.410888671875 0.47428385416666663 0.32666015625 0.478515625
