73 0.16306515957446807 0.6056576402321083 0.003989361702127659 0.016924564796905222
73 0.17669547872340424 0.6068665377176016 0.0036569148936170214 0.017408123791102514
75 0.1661402925531915 0.6044487427466151 0.0028257978723404253 0.014506769825918761
75 0.16946476063829788 0.6056576402321083 0.0031582446808510636 0.014990328820116054
71 0.17337101063829788 0.6056576402321083 0.003989361702127659 0.014990328820116054
71 0.16988031914893617 0.6015473887814313 0.016622340425531915 0.025145067698259187
73 0.663314494680851 0.6056576402321083 0.0024933510638297874 0.016924564796905222
75 0.6666389627659575 0.6056576402321083 0.0028257978723404253 0.016924564796905222
73 0.6763630319148936 0.6046905222437138 0.003989361702127659 0.014990328820116054
18 0.6700465425531915 0.6003384912959381 0.01894946808510638 0.02756286266924565
7 0.6698803191489362 0.5440038684719536 0.07313829787234043 0.4932301740812379
