6 0.66796875 0.4309895833333333 0.2578125 0.46354166666666663
128 0.678466796875 0.5166015625 0.02294921875 0.022786458333333332
11 0.67431640625 0.35026041666666663 0.1953125 0.13671875
17 0.58984375 0.37890625 0.013671875 0.015625
17 0.589111328125 0.3626302083333333 0.01318359375 0.016927083333333332
17 0.5908203125 0.3466796875 0.0166015625 0.014973958333333332
17 0.59228515625 0.318359375 0.01171875 0.014322916666666666
17 0.62646484375 0.30045572916666663 0.0107421875 0.008463541666666666
18 0.6806640625 0.6025390625 0.06640625 0.027994791666666664
47 0.652099609375 0.6018880208333333 0.00732421875 0.024088541666666664
84 0.6611328125 0.6015625 0.009765625 0.024739583333333332
105 0.67333984375 0.6025390625 0.0068359375 0.024088541666666664
80 0.68212890625 0.6015625 0.0087890625 0.024739583333333332
76 0.690673828125 0.6015625 0.00830078125 0.022135416666666664
72 0.70068359375 0.6002604166666666 0.0068359375 0.022135416666666664
73 0.708740234375 0.6022135416666666 0.00732421875 0.0234375
