11 0.3167317708333333 0.48977695167286245 0.10872395833333333 0.03345724907063197
78 0.3118489583333333 0.5274163568773234 0.00390625 0.0037174721189591076
72 0.31608072916666663 0.5269516728624535 0.003255208333333333 0.004646840148698884
72 0.32421875 0.5271840148698884 0.00390625 0.005111524163568773
78 0.31998697916666663 0.5269516728624535 0.003255208333333333 0.004646840148698884
84 0.3203125 0.5225371747211895 0.005208333333333333 0.004182156133828996
18 0.31608072916666663 0.5255576208178439 0.024088541666666664 0.0120817843866171
1 0.3313802083333333 0.5051115241635687 0.16927083333333331 0.11338289962825278
117 0.14778645833333331 0.7955390334572491 0.014322916666666666 0.011152416356877323
43 0.11979166666666666 0.8183085501858736 0.0078125 0.011152416356877323
81 0.1298828125 0.8187732342007434 0.008463541666666666 0.011152416356877323
87 0.14290364583333331 0.8178438661710037 0.008463541666666666 0.011152416356877323
71 0.15299479166666666 0.8180762081784386 0.00390625 0.010687732342007435
71 0.16243489583333331 0.8178438661710037 0.003255208333333333 0.011152416356877323
74 0.17220052083333331 0.8176115241635687 0.007161458333333333 0.009758364312267658
79 0.18098958333333331 0.8171468401486989 0.006510416666666666 0.010687732342007435
18 0.1513671875 0.8178438661710037 0.07486979166666666 0.01765799256505576
11 0.15364583333333331 0.7569702602230483 0.23697916666666666 0.062267657992565055
2 0.18359375 0.7616171003717471 0.33854166666666663 0.24256505576208176
102 0.3079427083333333 0.5274163568773234 0.0026041666666666665 0.004646840148698884
47 0.3118489583333333 0.5225371747211895 0.00390625 0.0032527881040892194
