133 0.443359375 0.48209635416666663 0.017578125 0.013671875
47 0.419189453125 0.5211588541666666 0.00537109375 0.014973958333333332
84 0.426025390625 0.5211588541666666 0.00634765625 0.014973958333333332
88 0.436767578125 0.521484375 0.00634765625 0.015625
105 0.4443359375 0.521484375 0.005859375 0.015625
72 0.45166015625 0.521484375 0.005859375 0.015625
78 0.458984375 0.521484375 0.005859375 0.015625
78 0.466552734375 0.5211588541666666 0.00537109375 0.014973958333333332
18 0.442626953125 0.521484375 0.05712890625 0.026041666666666664
17 0.3779296875 0.32096354166666663 0.0087890625 0.005208333333333333
17 0.376220703125 0.32682291666666663 0.01025390625 0.005208333333333333
17 0.374755859375 0.3343098958333333 0.01025390625 0.005859375
14 0.439453125 0.3544921875 0.0048828125 0.037109375
11 0.43994140625 0.3518880208333333 0.1728515625 0.091796875
1 0.439697265625 0.4111328125 0.24560546875 0.3040364583333333
