159 0.57421875 0.560546875 0.0185546875 0.026041666666666664
42 0.545166015625 0.6188151041666666 0.00732421875 0.018880208333333332
85 0.55419921875 0.619140625 0.0078125 0.01953125
73 0.567138671875 0.6188151041666666 0.00732421875 0.018880208333333332
91 0.576416015625 0.619140625 0.00732421875 0.01953125
76 0.585693359375 0.619140625 0.00732421875 0.018229166666666664
78 0.59521484375 0.619140625 0.0068359375 0.018229166666666664
76 0.60400390625 0.6194661458333333 0.0068359375 0.018880208333333332
18 0.574951171875 0.6181640625 0.07080078125 0.030598958333333332
18 0.4921875 0.3274739583333333 0.0126953125 0.009114583333333332
18 0.48974609375 0.3391927083333333 0.01171875 0.009114583333333332
11 0.5673828125 0.37662760416666663 0.2138671875 0.123046875
2 0.563720703125 0.45703125 0.31005859375 0.44791666666666663
