4 0.466064453125 0.3157552083333333 0.37646484375 0.6302083333333333
11 0.46630859375 0.29459635416666663 0.3701171875 0.17513020833333331
17 0.33056640625 0.2275390625 0.009765625 0.016276041666666664
17 0.304931640625 0.24251302083333331 0.01318359375 0.016276041666666664
17 0.31787109375 0.24186197916666666 0.0126953125 0.017578125
216 0.46875 0.5550130208333333 0.033203125 0.03450520833333333
18 0.47265625 0.6136067708333333 0.06640625 0.025390625
47 0.4443359375 0.6129557291666666 0.0078125 0.021484375
84 0.45263671875 0.6139322916666666 0.0107421875 0.022135416666666664
101 0.46533203125 0.61328125 0.0087890625 0.0234375
71 0.473876953125 0.6139322916666666 0.00830078125 0.022135416666666664
77 0.482666015625 0.6129557291666666 0.00927734375 0.025390625
79 0.49169921875 0.6126302083333333 0.0087890625 0.024739583333333332
76 0.500732421875 0.61328125 0.00927734375 0.0234375
