220 0.32403328438570733 0.45125448028673837 0.021536955457660305 0.017921146953405017
47 0.297846304454234 0.5232974910394266 0.005384238864415076 0.017204301075268817
84 0.3056779246206559 0.5232974910394266 0.0063631913852178175 0.017204301075268817
86 0.3169358786098874 0.5232974910394266 0.0063631913852178175 0.017204301075268817
93 0.32501223690651004 0.5236559139784946 0.006852667645619188 0.017921146953405017
75 0.33308859520313266 0.5243727598566308 0.0063631913852178175 0.017921146953405017
71 0.34092021536955464 0.5240143369175627 0.002447381302006853 0.018637992831541217
77 0.3489965736661772 0.5236559139784946 0.006852667645619188 0.017921146953405017
18 0.32329906999510527 0.5229390681003584 0.061184532550171325 0.026523297491039426
16 0.323543808125306 0.3146953405017921 0.012726382770435635 0.015770609318996417
17 0.2611355849241312 0.26057347670250897 0.011257953989231524 0.009318996415770608
11 0.32501223690651004 0.2953405017921147 0.20264317180616742 0.10896057347670252
2 0.32721488007831623 0.36451612903225805 0.27753303964757714 0.44086021505376344
