135 0.447021484375 0.53515625 0.01611328125 0.02734375
47 0.421875 0.5751953125 0.005859375 0.016276041666666664
84 0.4296875 0.5751953125 0.005859375 0.016276041666666664
84 0.44091796875 0.5751953125 0.005859375 0.016276041666666664
93 0.448974609375 0.5748697916666666 0.00634765625 0.016927083333333332
71 0.456298828125 0.5748697916666666 0.00244140625 0.016927083333333332
73 0.4638671875 0.5755208333333333 0.005859375 0.015625
75 0.47216796875 0.5751953125 0.0068359375 0.016276041666666664
18 0.447021484375 0.5748697916666666 0.06005859375 0.024739583333333332
14 0.442138671875 0.36490885416666663 0.00732421875 0.039713541666666664
17 0.37109375 0.337890625 0.01171875 0.0078125
17 0.3701171875 0.3460286458333333 0.0107421875 0.007161458333333333
17 0.367919921875 0.353515625 0.01123046875 0.006510416666666666
17 0.3662109375 0.3623046875 0.01171875 0.008463541666666666
11 0.442626953125 0.37467447916666663 0.19189453125 0.11263020833333333
2 0.441650390625 0.42936197916666663 0.26806640625 0.39908854166666663
