206 0.47998046875 0.48893229166666663 0.0341796875 0.04817708333333333
47 0.44970703125 0.62890625 0.0078125 0.020833333333333332
84 0.4599609375 0.6282552083333333 0.0078125 0.022135416666666664
81 0.4736328125 0.6285807291666666 0.0078125 0.022786458333333332
79 0.484130859375 0.6282552083333333 0.00927734375 0.020833333333333332
82 0.494384765625 0.6282552083333333 0.00830078125 0.020833333333333332
77 0.504638671875 0.6282552083333333 0.00732421875 0.022135416666666664
80 0.5146484375 0.6272786458333333 0.0087890625 0.020182291666666664
18 0.48291015625 0.6279296875 0.076171875 0.031901041666666664
17 0.30419921875 0.21516927083333331 0.0107421875 0.013671875
17 0.318359375 0.216796875 0.0126953125 0.016927083333333332
11 0.479736328125 0.26432291666666663 0.40771484375 0.19140625
5 0.477783203125 0.3671875 0.52978515625 0.7395833333333333
