3 0.828125 0.752 0.33854166666666663 0.428
11 0.2177734375 0.39 0.193359375 0.138
144 0.21028645833333331 0.527 0.028645833333333332 0.018000000000000002
47 0.18229166666666666 0.556 0.009114583333333332 0.026000000000000002
84 0.1923828125 0.557 0.012369791666666666 0.026000000000000002
77 0.20442708333333331 0.553 0.010416666666666666 0.026000000000000002
77 0.22493489583333331 0.552 0.009765625 0.024
77 0.24381510416666666 0.5495 0.011067708333333332 0.027
76 0.21516927083333331 0.5545 0.009765625 0.023
79 0.2353515625 0.552 0.009765625 0.024
18 0.21354166666666666 0.553 0.07552083333333333 0.034
1 0.24609375 0.4405 0.31119791666666663 0.487
