7 0.3980219414893617 0.2052707930367505 0.0477061170212766 0.3795938104448743
7 0.8966921542553191 0.2052707930367505 0.0417220744680851 0.3795938104448743
7 0.6458610372340425 0.7439555125725339 0.08560505319148937 0.4434235976789168
7 0.6882480053191489 0.24588974854932302 0.05269281914893617 0.37379110251450676
7 0.14419880319148937 0.7439555125725339 0.0875997340425532 0.4434235976789168
7 0.1884973404255319 0.24443907156673114 0.05053191489361702 0.370889748549323
7 0.23129986702127658 0.11460348162475822 0.04072473404255319 0.23694390715667313
7 0.7324634308510638 0.11702127659574468 0.039727393617021274 0.23210831721470018
7 0.6439494680851063 0.10541586073500968 0.027925531914893616 0.20889748549323017
7 0.1422872340425532 0.10106382978723405 0.027925531914893616 0.20019342359767892
11 0.020362367021276594 0.31117021276595747 0.04072473404255319 0.15038684719535783
11 0.520029920212766 0.31117021276595747 0.04271941489361702 0.15038684719535783
1 0.033826462765957445 0.4197292069632495 0.06765292553191489 0.5531914893617021
1 0.5319980053191489 0.41682785299806574 0.0686502659574468 0.5647969052224372
71 0.05044880319148936 0.09090909090909091 0.002160904255319149 0.020309477756286266
78 0.05751329787234043 0.0892166344294004 0.0029920212765957447 0.016924564796905222
77 0.061087101063829786 0.08873307543520309 0.0024933510638297874 0.016924564796905222
18 0.04970079787234043 0.08994197292069632 0.027260638297872338 0.022243713733075435
2 0.051778590425531915 0.07543520309477757 0.10388962765957446 0.15087040618955513
71 0.5506150265957447 0.08970019342359768 0.002160904255319149 0.016924564796905222
93 0.553939494680851 0.09018375241779497 0.003490691489361702 0.018858800773694392
78 0.5576795212765957 0.08945841392649903 0.0026595744680851063 0.019342359767891684
77 0.5611702127659575 0.0882495164410058 0.0029920212765957447 0.017891682785299807
18 0.5496176861702128 0.08849129593810445 0.0277593085106383 0.025145067698259187
2 0.5521941489361702 0.07736943907156674 0.10638297872340426 0.15667311411992263
