17 0.487060546875 0.3759765625 0.01123046875 0.009765625
17 0.48388671875 0.3876953125 0.0107421875 0.008463541666666666
12 0.515380859375 0.3818359375 0.04931640625 0.021484375
11 0.55810546875 0.408203125 0.197265625 0.09505208333333333
111 0.568603515625 0.5751953125 0.02099609375 0.03450520833333333
42 0.541015625 0.6149088541666666 0.0078125 0.020182291666666664
94 0.549560546875 0.6158854166666666 0.01025390625 0.020833333333333332
71 0.561767578125 0.6171875 0.00732421875 0.022135416666666664
91 0.569580078125 0.6158854166666666 0.01025390625 0.022135416666666664
79 0.578857421875 0.6168619791666666 0.00732421875 0.022786458333333332
72 0.587646484375 0.6155598958333333 0.00830078125 0.022786458333333332
76 0.5966796875 0.6171875 0.009765625 0.0234375
18 0.568603515625 0.6175130208333333 0.06787109375 0.029296875
1 0.56005859375 0.47916666666666663 0.2783203125 0.38151041666666663
