17 0.6220703125 0.4251302083333333 0.009765625 0.0078125
17 0.634033203125 0.42447916666666663 0.01220703125 0.0078125
17 0.621826171875 0.43424479166666663 0.01416015625 0.009114583333333332
17 0.634033203125 0.43359375 0.01220703125 0.009114583333333332
17 0.6201171875 0.4436848958333333 0.01171875 0.008463541666666666
17 0.619873046875 0.4593098958333333 0.01416015625 0.013671875
15 0.696044921875 0.5159505208333333 0.02197265625 0.017578125
11 0.71044921875 0.4794921875 0.2109375 0.126953125
128 0.721435546875 0.6640625 0.02587890625 0.016927083333333332
47 0.6923828125 0.7115885416666666 0.0087890625 0.0234375
84 0.701904296875 0.7109375 0.01123046875 0.0234375
100 0.71484375 0.7102864583333333 0.0107421875 0.022135416666666664
76 0.724853515625 0.7106119791666666 0.01025390625 0.021484375
79 0.734375 0.7099609375 0.0087890625 0.021484375
73 0.743408203125 0.7102864583333333 0.01025390625 0.0234375
72 0.753662109375 0.7099609375 0.01025390625 0.025390625
18 0.723388671875 0.7096354166666666 0.07470703125 0.028645833333333332
3 0.707763671875 0.5289713541666666 0.29833984375 0.513671875
