11 0.62353515625 0.29557291666666663 0.3642578125 0.2265625
216 0.616455078125 0.5149739583333333 0.03173828125 0.026041666666666664
47 0.583984375 0.6002604166666666 0.0078125 0.022135416666666664
84 0.592529296875 0.5999348958333333 0.00830078125 0.022786458333333332
83 0.605712890625 0.5999348958333333 0.00732421875 0.022786458333333332
80 0.615234375 0.6002604166666666 0.0087890625 0.0234375
79 0.623779296875 0.599609375 0.00830078125 0.024739583333333332
74 0.634033203125 0.6002604166666666 0.00830078125 0.022135416666666664
72 0.64306640625 0.6002604166666666 0.009765625 0.0234375
18 0.613525390625 0.599609375 0.06884765625 0.026041666666666664
4 0.6181640625 0.3059895833333333 0.482421875 0.6197916666666666
