7 0.4729817708333333 0.4223512336719884 0.087890625 0.22641509433962265
11 0.17643229166666666 0.7285921625544267 0.21875 0.11320754716981132
47 0.13997395833333331 0.8690130624092888 0.009114583333333332 0.019593613933236574
84 0.15104166666666666 0.8690130624092888 0.010416666666666666 0.019593613933236574
97 0.16471354166666666 0.8671988388969522 0.01171875 0.018867924528301886
79 0.17447916666666666 0.8657474600870827 0.009114583333333332 0.018867924528301886
79 0.18391927083333331 0.8642960812772134 0.009765625 0.018867924528301886
79 0.1943359375 0.8642960812772134 0.008463541666666666 0.01741654571843251
78 0.20475260416666666 0.8632075471698113 0.009765625 0.02104499274310595
18 0.171875 0.8679245283018868 0.08203125 0.03483309143686502
1 0.19270833333333331 0.7677793904208998 0.30859375 0.37010159651669083
