7 0.35123697916666663 0.5234665427509293 0.080078125 0.12128252788104088
4 0.3681640625 0.2743959107806691 0.361328125 0.10362453531598513
11 0.5319010416666666 0.2479089219330855 0.026041666666666664 0.031133828996282528
18 0.5416666666666666 0.2781133828996282 0.006510416666666666 0.00882899628252788
47 0.18294270833333331 0.8034386617100371 0.005208333333333333 0.010223048327137546
84 0.19173177083333331 0.8029739776951672 0.007161458333333333 0.009293680297397768
82 0.2041015625 0.8020446096654275 0.007161458333333333 0.009293680297397768
73 0.21354166666666666 0.8018122676579925 0.006510416666666666 0.009758364312267658
71 0.22233072916666666 0.8022769516728624 0.003255208333333333 0.010687732342007435
76 0.23111979166666666 0.8018122676579925 0.006510416666666666 0.00882899628252788
74 0.24055989583333331 0.8022769516728624 0.005859375 0.007899628252788104
18 0.2109375 0.8029739776951672 0.06770833333333333 0.013940520446096654
6 0.22200520833333331 0.6891263940520446 0.296875 0.26022304832713755
