17 0.246337890625 0.3359375 0.01123046875 0.013020833333333332
17 0.255859375 0.32096354166666663 0.0126953125 0.009114583333333332
17 0.267822265625 0.3225911458333333 0.01123046875 0.016276041666666664
17 0.2802734375 0.32096354166666663 0.01171875 0.015625
17 0.29296875 0.3177083333333333 0.0126953125 0.018229166666666664
17 0.259033203125 0.3382161458333333 0.01025390625 0.013671875
17 0.27294921875 0.3411458333333333 0.0107421875 0.016927083333333332
17 0.257568359375 0.35709635416666663 0.00927734375 0.016276041666666664
17 0.272705078125 0.3626302083333333 0.01318359375 0.014322916666666666
11 0.366943359375 0.3684895833333333 0.28466796875 0.15234375
208 0.370361328125 0.49967447916666663 0.07763671875 0.030598958333333332
42 0.3369140625 0.6474609375 0.009765625 0.022786458333333332
94 0.346923828125 0.6471354166666666 0.01123046875 0.024739583333333332
85 0.359130859375 0.6471354166666666 0.01025390625 0.0234375
79 0.368896484375 0.6471354166666666 0.00830078125 0.0234375
78 0.378173828125 0.6481119791666666 0.00927734375 0.021484375
74 0.388427734375 0.6471354166666666 0.01025390625 0.022135416666666664
77 0.39697265625 0.646484375 0.009765625 0.022135416666666664
18 0.36669921875 0.6461588541666666 0.0732421875 0.027994791666666664
5 0.3583984375 0.3880208333333333 0.3994140625 0.5755208333333333
