47 0.5361328125 0.6357421875 0.0068359375 0.020182291666666664
84 0.54541015625 0.6363932291666666 0.0068359375 0.018880208333333332
101 0.55908203125 0.6363932291666666 0.0078125 0.018880208333333332
73 0.568115234375 0.6363932291666666 0.00732421875 0.018880208333333332
78 0.577392578125 0.63671875 0.00732421875 0.018229166666666664
79 0.5869140625 0.6363932291666666 0.0068359375 0.018880208333333332
76 0.595947265625 0.6363932291666666 0.00732421875 0.018880208333333332
18 0.56640625 0.6360677083333333 0.0712890625 0.029947916666666664
16 0.4951171875 0.4368489583333333 0.0283203125 0.0234375
16 0.544677734375 0.431640625 0.02001953125 0.03125
17 0.476806640625 0.3704427083333333 0.01220703125 0.01171875
17 0.47265625 0.3831380208333333 0.0126953125 0.011067708333333332
11 0.559326171875 0.4173177083333333 0.21533203125 0.1171875
1 0.558837890625 0.47330729166666663 0.29443359375 0.41796875
