75 0.21226728723404253 0.5478723404255319 0.003324468085106383 0.015473887814313346
71 0.2158410904255319 0.5476305609284333 0.0028257978723404253 0.015957446808510637
71 0.2253158244680851 0.5444874274661509 0.004155585106382979 0.01644100580270793
77 0.21850066489361702 0.5454545454545454 0.0024933510638297874 0.014506769825918761
78 0.22165890957446807 0.5454545454545454 0.003490691489361702 0.015473887814313346
18 0.21875 0.5411025145067698 0.01761968085106383 0.02127659574468085
8 0.22348736702127658 0.5195841392649904 0.08028590425531915 0.5256286266924565
7 0.4263630319148936 0.3051257253384913 0.05252659574468085 0.34235976789168276
75 0.7126828457446809 0.5488394584139265 0.003490691489361702 0.014506769825918761
71 0.7158410904255319 0.5488394584139265 0.0038231382978723403 0.0183752417794971
77 0.7185837765957447 0.5466634429400387 0.0036569148936170214 0.018858800773694392
78 0.721908244680851 0.5466634429400387 0.0036569148936170214 0.018858800773694392
71 0.7251496010638298 0.5435203094777563 0.0028257978723404253 0.015473887814313346
18 0.7186668882978723 0.5406189555125726 0.01778590425531915 0.029013539651837523
8 0.7200797872340425 0.5145067698259188 0.08178191489361702 0.5241779497098646
7 0.9271110372340425 0.31117021276595747 0.05402260638297872 0.370889748549323
