77 0.18168218085106383 0.5507736943907157 0.0029920212765957447 0.015473887814313346
76 0.1852559840425532 0.5502901353965184 0.0028257978723404253 0.012572533849129593
74 0.1879155585106383 0.5502901353965184 0.0024933510638297874 0.014506769825918761
74 0.1909906914893617 0.5507736943907157 0.0036569148936170214 0.013539651837524178
77 0.1942320478723404 0.5495647969052224 0.0028257978723404253 0.011121856866537718
18 0.1884973404255319 0.5469052224371374 0.018617021276595744 0.025145067698259187
7 0.18658577127659573 0.5026595744680851 0.06765292553191489 0.46083172147001933
77 0.6815990691489362 0.5517408123791102 0.003490691489361702 0.015473887814313346
76 0.6848404255319149 0.5517408123791102 0.0029920212765957447 0.015473887814313346
74 0.6883311170212766 0.550531914893617 0.0029920212765957447 0.014990328820116054
74 0.69140625 0.5517408123791102 0.0038231382978723403 0.015473887814313346
77 0.694564494680851 0.5510154738878144 0.005152925531914893 0.01402321083172147
18 0.6883311170212766 0.5473887814313346 0.018617021276595744 0.029013539651837523
7 0.6863364361702128 0.5045938104448743 0.07081117021276595 0.468568665377176
