17 0.301513671875 0.3486328125 0.01318359375 0.007161458333333333
17 0.299560546875 0.36100260416666663 0.01318359375 0.011067708333333332
11 0.383544921875 0.3759765625 0.20849609375 0.08919270833333333
150 0.381103515625 0.5481770833333333 0.02490234375 0.018229166666666664
47 0.353515625 0.5963541666666666 0.0078125 0.020833333333333332
84 0.362060546875 0.5966796875 0.00830078125 0.022786458333333332
98 0.373779296875 0.6005859375 0.00830078125 0.020182291666666664
88 0.38330078125 0.5979817708333333 0.0087890625 0.020182291666666664
75 0.391845703125 0.5970052083333333 0.00927734375 0.018229166666666664
78 0.401123046875 0.5970052083333333 0.00927734375 0.018229166666666664
77 0.409423828125 0.59765625 0.00830078125 0.020833333333333332
18 0.380859375 0.5963541666666666 0.0673828125 0.024739583333333332
1 0.384521484375 0.447265625 0.30908203125 0.36328125
