165 0.500732421875 0.5074869791666666 0.01708984375 0.020182291666666664
47 0.47412109375 0.5764973958333333 0.005859375 0.013671875
84 0.48193359375 0.5755208333333333 0.005859375 0.014322916666666666
94 0.492919921875 0.576171875 0.00634765625 0.015625
78 0.500732421875 0.5755208333333333 0.00634765625 0.014322916666666666
80 0.5087890625 0.5758463541666666 0.005859375 0.014973958333333332
72 0.5166015625 0.576171875 0.005859375 0.014322916666666666
77 0.524658203125 0.5755208333333333 0.00537109375 0.014322916666666666
18 0.499267578125 0.5758463541666666 0.06005859375 0.022786458333333332
17 0.422607421875 0.34537760416666663 0.00634765625 0.009765625
17 0.43359375 0.345703125 0.009765625 0.010416666666666666
17 0.422607421875 0.357421875 0.01220703125 0.010416666666666666
11 0.494384765625 0.3720703125 0.19189453125 0.10481770833333333
6 0.492431640625 0.44889322916666663 0.26220703125 0.384765625
