53 0.6685667752442997 0.5560720511330621 0.4657980456026059 0.30563625798954097
54 0.7471498371335505 0.5366066240557815 0.24511400651465798 0.061011040092969204
0 0.7552931596091206 0.6086577571179547 0.08550488599348535 0.019174898314933176
55 0.7194625407166124 0.6086577571179547 0.010586319218241044 0.021499128413712956
3 0.7308631921824105 0.6072051133062173 0.010586319218241044 0.018593840790238233
4 0.744299674267101 0.6083672283556072 0.011400651465798045 0.019755955839628123
42 0.757328990228013 0.6083672283556072 0.008143322475570033 0.018593840790238233
7 0.7671009771986971 0.6089482858803021 0.011400651465798045 0.018593840790238233
26 0.7768729641693811 0.6080766995932597 0.006514657980456026 0.01801278326554329
7 0.7882736156351792 0.6072051133062173 0.01465798045602606 0.017431725740848343
58 0.755700325732899 0.5813480534572922 0.026058631921824105 0.021499128413712956