47 0.540283203125 0.5875651041666666 0.00634765625 0.017578125
84 0.54833984375 0.5875651041666666 0.0068359375 0.017578125
100 0.559814453125 0.587890625 0.00634765625 0.016927083333333332
75 0.568359375 0.5885416666666666 0.0068359375 0.018229166666666664
76 0.57666015625 0.5872395833333333 0.0068359375 0.018229166666666664
73 0.585205078125 0.587890625 0.00732421875 0.01953125
78 0.593017578125 0.587890625 0.00732421875 0.01953125
18 0.56640625 0.5882161458333333 0.0634765625 0.027994791666666664
11 0.5615234375 0.48828125 0.1708984375 0.07942708333333333
1 0.557373046875 0.5514322916666666 0.25732421875 0.3059895833333333
