127 0.52685546875 0.5029296875 0.01953125 0.022786458333333332
47 0.50048828125 0.5579427083333333 0.005859375 0.015625
83 0.508056640625 0.5579427083333333 0.00634765625 0.015625
96 0.518798828125 0.5579427083333333 0.00537109375 0.015625
97 0.52685546875 0.5589192708333333 0.005859375 0.016276041666666664
74 0.53466796875 0.55859375 0.005859375 0.015625
79 0.542236328125 0.55859375 0.00537109375 0.015625
79 0.5498046875 0.55859375 0.005859375 0.015625
18 0.525146484375 0.5582682291666666 0.05908203125 0.024088541666666664
16 0.517578125 0.3889973958333333 0.0087890625 0.011067708333333332
17 0.44482421875 0.326171875 0.01171875 0.0078125
17 0.4580078125 0.3255208333333333 0.009765625 0.006510416666666666
17 0.473876953125 0.32682291666666663 0.01025390625 0.009114583333333332
11 0.516845703125 0.36490885416666663 0.18701171875 0.103515625
2 0.51513671875 0.42447916666666663 0.263671875 0.37890625
159 0.043212890625 0.2747395833333333 0.01513671875 0.01953125
47 0.0234375 0.318359375 0.0048828125 0.01171875
84 0.029541015625 0.3186848958333333 0.00537109375 0.013671875
84 0.038330078125 0.318359375 0.00537109375 0.013020833333333332
76 0.04443359375 0.3186848958333333 0.0048828125 0.011067708333333332
78 0.050537109375 0.3186848958333333 0.00439453125 0.013671875
77 0.056396484375 0.3177083333333333 0.00439453125 0.01171875
80 0.062744140625 0.3186848958333333 0.00537109375 0.012369791666666666
18 0.043212890625 0.3186848958333333 0.04638671875 0.020182291666666664
11 0.06396484375 0.1640625 0.1259765625 0.07942708333333333
2 0.08447265625 0.21875 0.1669921875 0.30859375
