1 0.719970703125 0.431640625 0.27978515625 0.40234375
18 0.739990234375 0.5862630208333333 0.06591796875 0.024088541666666664
11 0.72509765625 0.3587239583333333 0.189453125 0.1171875
47 0.7119140625 0.5872395833333333 0.0078125 0.020833333333333332
84 0.720458984375 0.5872395833333333 0.00927734375 0.0234375
101 0.73291015625 0.5872395833333333 0.009765625 0.020833333333333332
71 0.742431640625 0.5865885416666666 0.00537109375 0.022135416666666664
71 0.750732421875 0.5872395833333333 0.00537109375 0.0234375
73 0.759521484375 0.5859375 0.00830078125 0.018229166666666664
75 0.767822265625 0.5865885416666666 0.00732421875 0.01953125
17 0.64892578125 0.3291015625 0.0126953125 0.008463541666666666
17 0.66162109375 0.3216145833333333 0.0107421875 0.0078125
17 0.66943359375 0.3108723958333333 0.009765625 0.009765625
17 0.65625 0.3125 0.0107421875 0.009114583333333332
17 0.64990234375 0.3216145833333333 0.0087890625 0.0078125
