11 0.54541015625 0.361328125 0.2060546875 0.08203125
112 0.555419921875 0.5276692708333333 0.01611328125 0.013671875
47 0.529541015625 0.5810546875 0.00732421875 0.017578125
84 0.5380859375 0.5807291666666666 0.0078125 0.018229166666666664
82 0.549072265625 0.5810546875 0.00927734375 0.020182291666666664
80 0.55810546875 0.5813802083333333 0.009765625 0.020833333333333332
73 0.566650390625 0.5813802083333333 0.00830078125 0.020833333333333332
76 0.575439453125 0.5817057291666666 0.00927734375 0.020182291666666664
78 0.583984375 0.5813802083333333 0.0068359375 0.01953125
18 0.556640625 0.5797526041666666 0.06640625 0.026692708333333332
1 0.547607421875 0.4319661458333333 0.30419921875 0.3626302083333333
