122 0.542724609375 0.5377604166666666 0.02783203125 0.016927083333333332
47 0.512939453125 0.5970052083333333 0.00732421875 0.01953125
84 0.522216796875 0.5963541666666666 0.00732421875 0.018229166666666664
91 0.53515625 0.5963541666666666 0.0068359375 0.018229166666666664
100 0.54443359375 0.5966796875 0.0068359375 0.018880208333333332
78 0.5537109375 0.5970052083333333 0.0068359375 0.018229166666666664
75 0.56298828125 0.5970052083333333 0.0068359375 0.018229166666666664
78 0.572265625 0.5966796875 0.0068359375 0.018880208333333332
18 0.5419921875 0.5966796875 0.0703125 0.029296875
16 0.455810546875 0.39908854166666663 0.03369140625 0.029947916666666664
13 0.579833984375 0.32975260416666663 0.01318359375 0.007161458333333333
17 0.449462890625 0.3177083333333333 0.01123046875 0.009114583333333332
17 0.44873046875 0.33203125 0.01171875 0.009114583333333332
11 0.535400390625 0.36197916666666663 0.22607421875 0.13411458333333331
2 0.533203125 0.4270833333333333 0.3154296875 0.4466145833333333
