17 0.4128305582761998 0.8526818515797208 0.012732615083251714 0.013960323291697281
17 0.3868756121449559 0.8673769287288757 0.015670910871694418 0.019838354151359292
17 0.40915768854064644 0.8765613519470976 0.017140058765915768 0.02351212343864805
17 0.42458374142997063 0.9008082292432035 0.01860920666013712 0.022042615723732548
17 0.38712047012732614 0.8927259368111682 0.01811949069539667 0.022042615723732548
17 0.40523996082272284 0.9037472446730345 0.01811949069539667 0.02351212343864805
17 0.4233594515181195 0.925789860396767 0.01811949069539667 0.02351212343864805
17 0.3854064642507346 0.9202792064658338 0.01860920666013712 0.02718589272593681
17 0.40523996082272284 0.9290962527553269 0.016160626836434867 0.021307861866274796
17 0.38712047012732614 0.9470977222630418 0.01811949069539667 0.022042615723732548
11 0.5837414299706171 0.8739897134459955 0.4534769833496572 0.2490815576781778
3 0.5810479921645446 0.6293166789125643 0.4725759059745348 0.7413666421748714
114 0.11704211557296769 0.35709037472446725 0.013712047012732615 0.016164584864070537
47 0.09280117531831537 0.40742101396032326 0.004407443682664055 0.015429831006612783
84 0.10014691478942214 0.40742101396032326 0.005386875612144956 0.01689933872152829
94 0.1104309500489716 0.4085231447465099 0.006366307541625857 0.016164584864070537
78 0.1172869735553379 0.40778839088905217 0.005386875612144956 0.016164584864070537
80 0.12487757100881489 0.40778839088905217 0.004897159647404506 0.016164584864070537
72 0.1317335945151812 0.40889052167523876 0.004897159647404506 0.01689933872152829
72 0.1393241919686582 0.4085231447465099 0.005386875612144956 0.016164584864070537
18 0.11606268364348678 0.40778839088905217 0.055827619980411365 0.027920646583394562
17 0.06758080313418217 0.19213813372520205 0.00881488736532811 0.008082292432035268
17 0.0773751224289912 0.1836884643644379 0.007835455435847209 0.0073475385745775165
11 0.12561214495592557 0.22373254959588537 0.16993143976493635 0.10213078618662748
1 0.12830558276199805 0.29831006612784716 0.23506366307541626 0.33945628214548124
