17 0.12744140625 0.3291015625 0.0107421875 0.011067708333333332
11 0.206298828125 0.3515625 0.22119140625 0.10286458333333333
115 0.1884765625 0.5598958333333333 0.044921875 0.02734375
47 0.157958984375 0.6028645833333333 0.00927734375 0.020833333333333332
84 0.1669921875 0.6025390625 0.009765625 0.022786458333333332
82 0.179443359375 0.6031901041666666 0.00927734375 0.021484375
79 0.189453125 0.6031901041666666 0.0087890625 0.022786458333333332
79 0.198486328125 0.6028645833333333 0.00830078125 0.022135416666666664
79 0.20703125 0.6028645833333333 0.0087890625 0.022135416666666664
78 0.2158203125 0.6028645833333333 0.0087890625 0.022135416666666664
18 0.187255859375 0.6028645833333333 0.07275390625 0.033854166666666664
2 0.205078125 0.44986979166666663 0.3310546875 0.4505208333333333
