221 0.31298828125 0.4609375 0.0302734375 0.026041666666666664
47 0.2861328125 0.5485026041666666 0.005859375 0.014973958333333332
84 0.293701171875 0.5481770833333333 0.00634765625 0.014322916666666666
83 0.304931640625 0.5491536458333333 0.00634765625 0.013671875
75 0.312744140625 0.5494791666666666 0.00634765625 0.014322916666666666
73 0.31982421875 0.5498046875 0.0068359375 0.014973958333333332
73 0.32763671875 0.5494791666666666 0.005859375 0.014322916666666666
73 0.3349609375 0.5501302083333333 0.0068359375 0.014322916666666666
18 0.310546875 0.548828125 0.056640625 0.020833333333333332
12 0.38623046875 0.17545572916666666 0.1220703125 0.08528645833333333
12 0.25146484375 0.15852864583333331 0.123046875 0.06705729166666666
17 0.184326171875 0.140625 0.00732421875 0.015625
17 0.196044921875 0.13346354166666666 0.00830078125 0.01171875
17 0.2099609375 0.1328125 0.009765625 0.014322916666666666
17 0.197265625 0.14518229166666666 0.0107421875 0.010416666666666666
11 0.31640625 0.2685546875 0.318359375 0.31705729166666663
4 0.31298828125 0.29361979166666663 0.3837890625 0.5833333333333333
