7 0.6125180897250362 0.12903225806451613 0.07742402315484805 0.16054013503375844
11 0.22901591895803183 0.6916729182295575 0.2395079594790159 0.10652663165791448
111 0.21743849493487696 0.795198799699925 0.02098408104196816 0.021005251312828207
47 0.18596237337192473 0.8244561140285072 0.010130246020260492 0.021005251312828207
84 0.19826338639652677 0.8259564891222806 0.011577424023154847 0.021005251312828207
101 0.21273516642547033 0.8244561140285072 0.013024602026049202 0.021005251312828207
72 0.22431259044862517 0.8240810202550638 0.011577424023154847 0.020255063765941488
72 0.2355282199710564 0.8240810202550638 0.01085383502170767 0.02175543885971493
76 0.2460202604920405 0.8225806451612904 0.010130246020260492 0.020255063765941488
77 0.256150506512301 0.8214553638409603 0.010130246020260492 0.019504876219054765
18 0.22141823444283645 0.8237059264816204 0.085383502170767 0.03150787696924231
1 0.25506512301013023 0.7239309827456865 0.3509406657018813 0.3915978994748687
