17 0.078125 0.44010416666666663 0.013671875 0.009114583333333332
17 0.07421875 0.4534505208333333 0.0126953125 0.009765625
81 0.122314453125 0.7770182291666666 0.00927734375 0.025390625
81 0.145263671875 0.7786458333333333 0.01220703125 0.026041666666666664
71 0.135009765625 0.7770182291666666 0.00830078125 0.022786458333333332
90 0.15625 0.7783203125 0.009765625 0.025390625
72 0.165771484375 0.7779947916666666 0.01025390625 0.0234375
80 0.176513671875 0.7776692708333333 0.00927734375 0.024088541666666664
18 0.142822265625 0.7766927083333333 0.07763671875 0.033854166666666664
2 0.174072265625 0.5647786458333333 0.34619140625 0.5279947916666666
