11 0.8128813559322035 0.8869257950530035 0.3552542372881356 0.13191990577149587
2 0.7640677966101695 0.6749116607773851 0.4664406779661017 0.5606595995288575
11 0.19627118644067798 0.38810365135453473 0.24610169491525424 0.16607773851590105
134 0.19491525423728814 0.5123674911660777 0.027796610169491528 0.03533568904593639
47 0.16271186440677968 0.5588928150765606 0.009491525423728815 0.03180212014134275
84 0.17389830508474577 0.5588928150765606 0.01152542372881356 0.03180212014134275
81 0.18847457627118647 0.5577149587750294 0.010847457627118645 0.029446407538280327
103 0.19966101694915256 0.5571260306242638 0.008813559322033898 0.03297997644287397
72 0.21016949152542375 0.555359246171967 0.010847457627118645 0.03180212014134275
72 0.22135593220338984 0.5541813898704357 0.01152542372881356 0.029446407538280327
78 0.23152542372881357 0.5512367491166077 0.007457627118644068 0.030624263839811542
18 0.19728813559322037 0.5541813898704357 0.08542372881355932 0.04829210836277974
2 0.2186440677966102 0.414605418138987 0.34372881355932206 0.6643109540636042
