7 0.509033203125 0.405 0.14111328125 0.4225
43 0.05517578125 0.390625 0.009765625 0.0225
81 0.065185546875 0.390625 0.00732421875 0.02125
74 0.07763671875 0.39 0.0087890625 0.02125
74 0.088134765625 0.38875 0.00830078125 0.02
92 0.0966796875 0.38906250000000003 0.0087890625 0.019375
98 0.106689453125 0.38875 0.00830078125 0.02
77 0.115478515625 0.388125 0.00830078125 0.02125
18 0.08642578125 0.3896875 0.072265625 0.030625
11 0.123291015625 0.110625 0.24658203125 0.11750000000000001
17 0.049560546875 0.0734375 0.01025390625 0.010625
17 0.062744140625 0.0715625 0.01220703125 0.010625
17 0.0458984375 0.0865625 0.0126953125 0.010625
1 0.165283203125 0.21 0.33056640625 0.425
14 0.1376953125 0.11812500000000001 0.017578125 0.04125
