17 0.525390625 0.41959635416666663 0.009765625 0.013671875
17 0.520751953125 0.447265625 0.01220703125 0.013020833333333332
14 0.604248046875 0.4554036458333333 0.00927734375 0.056640625
11 0.610595703125 0.4485677083333333 0.20166015625 0.10026041666666666
47 0.5947265625 0.6796875 0.0078125 0.026041666666666664
84 0.604736328125 0.6806640625 0.00830078125 0.025390625
105 0.617919921875 0.6800130208333333 0.00830078125 0.024088541666666664
79 0.627197265625 0.6793619791666666 0.00830078125 0.021484375
72 0.635986328125 0.6803385416666666 0.00830078125 0.0234375
72 0.64599609375 0.6793619791666666 0.009765625 0.025390625
76 0.65576171875 0.6803385416666666 0.0107421875 0.0234375
18 0.626220703125 0.6793619791666666 0.07275390625 0.029296875
1 0.611328125 0.5299479166666666 0.3193359375 0.40494791666666663
