7 0.488037109375 0.434375 0.13037109375 0.4225
43 0.05517578125 0.39125 0.009765625 0.02125
81 0.06494140625 0.3903125 0.0068359375 0.023125
74 0.078369140625 0.39125 0.00732421875 0.02125
74 0.088134765625 0.3909375 0.00732421875 0.020625
92 0.0966796875 0.389375 0.0087890625 0.02
98 0.10693359375 0.38875 0.0078125 0.02125
77 0.11669921875 0.3878125 0.0068359375 0.021875000000000002
18 0.085693359375 0.39 0.07275390625 0.02875
17 0.050048828125 0.07375 0.00927734375 0.0075
17 0.0654296875 0.0715625 0.0107421875 0.009375
17 0.046142578125 0.0871875 0.01416015625 0.010625
14 0.13916015625 0.116875 0.0166015625 0.0425
11 0.125732421875 0.1121875 0.24462890625 0.115625
1 0.165283203125 0.21 0.33056640625 0.4225
