17 0.29296875 0.36686197916666663 0.013671875 0.009765625
17 0.289794921875 0.380859375 0.01123046875 0.010416666666666666
14 0.3623046875 0.404296875 0.0078125 0.03515625
11 0.359130859375 0.40234375 0.20263671875 0.09114583333333333
118 0.365234375 0.5693359375 0.01953125 0.014973958333333332
47 0.3359375 0.6090494791666666 0.0078125 0.020182291666666664
84 0.344970703125 0.6090494791666666 0.00927734375 0.024088541666666664
85 0.35791015625 0.609375 0.009765625 0.022135416666666664
78 0.36669921875 0.6087239583333333 0.0087890625 0.020833333333333332
73 0.375732421875 0.6087239583333333 0.00927734375 0.020833333333333332
77 0.38330078125 0.6077473958333333 0.0087890625 0.021484375
72 0.393310546875 0.6083984375 0.01123046875 0.020182291666666664
18 0.364501953125 0.6087239583333333 0.07080078125 0.0234375
1 0.365966796875 0.4720052083333333 0.28662109375 0.37109375
