1 0.4130859375 0.453125 0.244140625 0.4036458333333333
172 0.411376953125 0.5361328125 0.02294921875 0.018880208333333332
11 0.4150390625 0.3818359375 0.197265625 0.111328125
17 0.337646484375 0.3606770833333333 0.01220703125 0.013020833333333332
17 0.349609375 0.3606770833333333 0.01171875 0.013020833333333332
18 0.408935546875 0.6038411458333333 0.06494140625 0.026692708333333332
42 0.3818359375 0.6041666666666666 0.009765625 0.022135416666666664
94 0.390625 0.603515625 0.0078125 0.0234375
79 0.40185546875 0.6031901041666666 0.0087890625 0.020182291666666664
103 0.410400390625 0.6031901041666666 0.00830078125 0.022786458333333332
84 0.4189453125 0.6031901041666666 0.0087890625 0.024088541666666664
78 0.42724609375 0.6031901041666666 0.0078125 0.022786458333333332
78 0.43505859375 0.6031901041666666 0.0087890625 0.022786458333333332
