53 0.25526315789473686 0.2278812572759022 0.1618421052631579 0.1728754365541327
54 0.2555921052631579 0.20081490104772992 0.1125 0.04074505238649592
0 0.26151315789473684 0.24650756693830034 0.038815789473684206 0.014551804423748545
55 0.24375 0.2459254947613504 0.0059210526315789476 0.01338766006984866
3 0.25032894736842104 0.24621653084982537 0.0059210526315789476 0.012805587892898719
21 0.25625 0.24650756693830034 0.0059210526315789476 0.01338766006984866
31 0.26151315789473684 0.2467986030267753 0.004605263157894736 0.013969732246798603
15 0.26611842105263156 0.24621653084982537 0.0059210526315789476 0.012805587892898719
14 0.2707236842105263 0.2467986030267753 0.001973684210526316 0.012805587892898719
5 0.2763157894736842 0.24621653084982537 0.006578947368421052 0.013969732246798603
52 0.7388157894736842 0.5873108265424912 0.39473684210526316 0.2852153667054715
54 0.7861842105263158 0.5640279394644936 0.21710526315789475 0.07683352735739231
0 0.8171052631578947 0.6536670547147846 0.06710526315789474 0.017462165308498253
55 0.7881578947368421 0.6554132712456344 0.010526315789473684 0.020954598370197905
3 0.7986842105263158 0.6554132712456344 0.009210526315789473 0.01979045401629802
18 0.8115131578947368 0.6548311990686845 0.009868421052631578 0.020954598370197905
31 0.8207236842105263 0.6530849825378346 0.007236842105263158 0.018626309662398137
15 0.8276315789473684 0.6542491268917345 0.006578947368421052 0.018626309662398137
20 0.8368421052631578 0.6533760186263097 0.009210526315789473 0.01571594877764843
26 0.8447368421052631 0.6542491268917345 0.007894736842105263 0.017462165308498253