17 0.57177734375 0.37955729166666663 0.009765625 0.0078125
17 0.582763671875 0.37955729166666663 0.01220703125 0.013020833333333332
17 0.571533203125 0.388671875 0.01220703125 0.01171875
11 0.6572265625 0.42350260416666663 0.2041015625 0.107421875
142 0.6708984375 0.5986328125 0.021484375 0.030598958333333332
43 0.641845703125 0.6634114583333333 0.00830078125 0.020833333333333332
84 0.651611328125 0.6640625 0.00927734375 0.022135416666666664
94 0.663818359375 0.6640625 0.01025390625 0.0234375
76 0.673583984375 0.6637369791666666 0.00927734375 0.022786458333333332
71 0.68212890625 0.6637369791666666 0.0078125 0.022786458333333332
79 0.690673828125 0.6627604166666666 0.01025390625 0.0234375
78 0.7001953125 0.6637369791666666 0.009765625 0.025390625
18 0.671630859375 0.6637369791666666 0.07275390625 0.027994791666666664
2 0.658935546875 0.48600260416666663 0.30224609375 0.470703125
