134 0.3821614583333333 0.39265799256505574 0.009114583333333332 0.0055762081784386614
84 0.37369791666666663 0.40822490706319703 0.00390625 0.005111524163568773
84 0.37955729166666663 0.4077602230483271 0.00390625 0.005111524163568773
99 0.3837890625 0.4072955390334572 0.003255208333333333 0.005111524163568773
78 0.3880208333333333 0.4072955390334572 0.00390625 0.005111524163568773
79 0.39225260416666663 0.4070631970260223 0.003255208333333333 0.004646840148698884
79 0.39615885416666663 0.4070631970260223 0.003255208333333333 0.0055762081784386614
18 0.3828125 0.4077602230483271 0.03255208333333333 0.007899628252788104
11 0.3811848958333333 0.37592936802973975 0.09049479166666666 0.02695167286245353
3 0.36881510416666663 0.39219330855018586 0.134765625 0.10780669144981413
117 0.2080078125 0.7613847583643122 0.012369791666666666 0.010687732342007435
43 0.18196614583333331 0.7802044609665427 0.007161458333333333 0.010223048327137546
81 0.19108072916666666 0.7804368029739777 0.007161458333333333 0.010687732342007435
91 0.203125 0.7799721189591078 0.0078125 0.010687732342007435
80 0.21223958333333331 0.7799721189591078 0.0078125 0.010687732342007435
93 0.2216796875 0.7795074349442379 0.008463541666666666 0.010687732342007435
74 0.23111979166666666 0.7795074349442379 0.006510416666666666 0.010687732342007435
79 0.23990885416666666 0.7788104089219331 0.005859375 0.010223048327137546
18 0.21126302083333331 0.7804368029739777 0.06966145833333333 0.015334572490706319
11 0.21712239583333331 0.6988847583643122 0.21549479166666666 0.05947955390334572
117 0.2763671875 0.60432156133829 0.011067708333333332 0.007899628252788104
1 0.23958333333333331 0.7200278810408922 0.3125 0.24210037174721188
47 0.36979166666666663 0.40822490706319703 0.0026041666666666665 0.004182156133828996
