175 0.508056640625 0.546875 0.01220703125 0.010416666666666666
37 0.443603515625 0.5908203125 0.00634765625 0.017578125
81 0.451171875 0.5908203125 0.005859375 0.016276041666666664
104 0.462890625 0.58984375 0.005859375 0.018229166666666664
76 0.470703125 0.5904947916666666 0.005859375 0.015625
79 0.479248046875 0.5904947916666666 0.00634765625 0.015625
77 0.487548828125 0.5908203125 0.00634765625 0.017578125
101 0.495361328125 0.5911458333333333 0.00634765625 0.016927083333333332
18 0.469482421875 0.5901692708333333 0.06201171875 0.025390625
16 0.461181640625 0.42936197916666663 0.01025390625 0.013671875
17 0.385498046875 0.3606770833333333 0.00927734375 0.0078125
17 0.38427734375 0.3714192708333333 0.0107421875 0.007161458333333333
11 0.462890625 0.40006510416666663 0.216796875 0.103515625
2 0.462890625 0.4720052083333333 0.28125 0.375
