17 0.614990234375 0.416015625 0.01318359375 0.009114583333333332
17 0.59765625 0.43229166666666663 0.0146484375 0.009114583333333332
17 0.599365234375 0.443359375 0.01318359375 0.01171875
11 0.6826171875 0.4602864583333333 0.2001953125 0.11588541666666666
42 0.672607421875 0.6744791666666666 0.00830078125 0.020833333333333332
94 0.681396484375 0.6735026041666666 0.01025390625 0.020182291666666664
80 0.693603515625 0.6751302083333333 0.01025390625 0.020833333333333332
100 0.703125 0.6754557291666666 0.0087890625 0.021484375
85 0.71142578125 0.6751302083333333 0.0087890625 0.022135416666666664
72 0.72119140625 0.6754557291666666 0.009765625 0.025390625
78 0.7294921875 0.6748046875 0.0068359375 0.022786458333333332
18 0.70068359375 0.6728515625 0.0703125 0.029296875
1 0.677490234375 0.5328776041666666 0.29736328125 0.38736979166666663
