81 0.571044921875 0.2559375 0.00439453125 0.013125
71 0.575927734375 0.25625 0.00537109375 0.0125
76 0.58154296875 0.2575 0.0048828125 0.0125
76 0.587158203125 0.256875 0.00537109375 0.0125
77 0.5927734375 0.256875 0.005859375 0.01375
18 0.582275390625 0.255 0.03173828125 0.0225
7 0.5966796875 0.2096875 0.1318359375 0.369375
17 0.050537109375 0.074375 0.01025390625 0.01
17 0.06396484375 0.07187500000000001 0.013671875 0.00875
17 0.04638671875 0.08687500000000001 0.013671875 0.01125
11 0.12841796875 0.108125 0.2314453125 0.0975
43 0.05615234375 0.39156250000000004 0.0107421875 0.024375
81 0.065185546875 0.3909375 0.00927734375 0.025625000000000002
74 0.079345703125 0.3903125 0.00927734375 0.021875000000000002
74 0.0888671875 0.3903125 0.0078125 0.024375
92 0.096435546875 0.3896875 0.00927734375 0.025625000000000002
98 0.1064453125 0.38906250000000003 0.0107421875 0.024375
77 0.1171875 0.389375 0.0087890625 0.0225
18 0.0859375 0.3896875 0.07421875 0.028125
1 0.166748046875 0.2096875 0.33056640625 0.411875
1 0.910400390625 0.4425 0.14111328125 0.39375
