75 0.13530585106382978 0.5988878143133463 0.003989361702127659 0.014990328820116054
74 0.1385472074468085 0.5986460348162476 0.0031582446808510636 0.017408123791102514
72 0.14153922872340424 0.5988878143133463 0.0028257978723404253 0.014990328820116054
71 0.14486369680851063 0.596953578336557 0.0031582446808510636 0.015957446808510637
73 0.1484375 0.5964700193423598 0.003989361702127659 0.014990328820116054
18 0.1424534574468085 0.5933268858800774 0.01894946808510638 0.027079303675048357
7 0.13946143617021275 0.5362669245647969 0.06549202127659574 0.4961315280464217
75 0.6358045212765957 0.5988878143133463 0.003324468085106383 0.014990328820116054
74 0.6388796542553191 0.5988878143133463 0.0028257978723404253 0.014990328820116054
72 0.6419547872340425 0.598404255319149 0.0026595744680851063 0.01402321083172147
71 0.6451130319148936 0.5967117988394585 0.0026595744680851063 0.015473887814313346
73 0.6485206117021276 0.5959864603481625 0.003490691489361702 0.016924564796905222
18 0.6422872340425532 0.5947775628626693 0.018284574468085107 0.027079303675048357
7 0.6394614361702128 0.5379593810444875 0.06482712765957446 0.49564796905222436
