3 0.7392578125 0.4817708333333333 0.275390625 0.5182291666666666
128 0.75244140625 0.6175130208333333 0.025390625 0.020182291666666664
18 0.75244140625 0.6604817708333333 0.0693359375 0.027994791666666664
11 0.737060546875 0.4228515625 0.20068359375 0.12825520833333331
14 0.7333984375 0.4169921875 0.0107421875 0.044921875
17 0.66552734375 0.41569010416666663 0.013671875 0.013671875
17 0.665283203125 0.40201822916666663 0.01513671875 0.011067708333333332
17 0.680908203125 0.3896484375 0.01025390625 0.009765625
47 0.722412109375 0.66015625 0.00927734375 0.026041666666666664
84 0.732421875 0.6604817708333333 0.0087890625 0.026692708333333332
102 0.7451171875 0.6608072916666666 0.0087890625 0.024739583333333332
71 0.754150390625 0.6611328125 0.00537109375 0.025390625
75 0.763427734375 0.6608072916666666 0.00927734375 0.024739583333333332
79 0.772705078125 0.6595052083333333 0.00927734375 0.024739583333333332
75 0.782958984375 0.66015625 0.00830078125 0.026041666666666664
