11 0.734983498349835 0.5064423765211167 0.1867986798679868 0.082319255547602
121 0.7643564356435644 0.5862562634216177 0.023762376237623763 0.01145311381531854
47 0.7353135313531354 0.6152469577666427 0.006600660066006601 0.0164638511095204
84 0.7438943894389439 0.6145311381531854 0.007920792079207921 0.0164638511095204
104 0.7557755775577558 0.6138153185397279 0.007920792079207921 0.017895490336435216
79 0.7643564356435644 0.6134574087329993 0.007920792079207921 0.015748031496062992
79 0.7900990099009901 0.6120257695060844 0.006600660066006601 0.015748031496062992
78 0.7821782178217822 0.6127415891195418 0.007920792079207921 0.015748031496062992
75 0.7729372937293729 0.6134574087329993 0.007920792079207921 0.01717967072297781
18 0.7623762376237624 0.6134574087329993 0.06468646864686468 0.02147458840372226
1 0.6950495049504951 0.5533285612025769 0.3432343234323432 0.297780959198282
