17 0.422119140625 0.330078125 0.01123046875 0.009114583333333332
17 0.41845703125 0.345703125 0.0107421875 0.0078125
14 0.4892578125 0.3701171875 0.0068359375 0.04231770833333333
11 0.49560546875 0.37076822916666663 0.216796875 0.099609375
111 0.487548828125 0.5423177083333333 0.02294921875 0.026041666666666664
47 0.458251953125 0.5846354166666666 0.00830078125 0.022135416666666664
84 0.468017578125 0.5849609375 0.01025390625 0.022786458333333332
81 0.4794921875 0.5856119791666666 0.0078125 0.021484375
87 0.488525390625 0.5846354166666666 0.00927734375 0.0234375
75 0.498291015625 0.5849609375 0.00927734375 0.022786458333333332
77 0.507568359375 0.5846354166666666 0.00927734375 0.024739583333333332
77 0.516845703125 0.5849609375 0.00927734375 0.024088541666666664
18 0.48681640625 0.5823567708333333 0.0703125 0.030598958333333332
1 0.49072265625 0.44108072916666663 0.291015625 0.38346354166666663
