17 0.64453125 0.37890625 0.013671875 0.014322916666666666
17 0.658935546875 0.37890625 0.01220703125 0.014322916666666666
17 0.6748046875 0.3798828125 0.013671875 0.012369791666666666
14 0.727783203125 0.4007161458333333 0.01123046875 0.04622395833333333
15 0.727294921875 0.45670572916666663 0.02685546875 0.027994791666666664
11 0.731201171875 0.4267578125 0.20751953125 0.13997395833333331
47 0.70751953125 0.6809895833333333 0.0078125 0.020833333333333332
84 0.71630859375 0.6813151041666666 0.009765625 0.024088541666666664
85 0.728759765625 0.6803385416666666 0.01025390625 0.024739583333333332
103 0.73828125 0.6806640625 0.009765625 0.022786458333333332
72 0.74755859375 0.6803385416666666 0.009765625 0.022135416666666664
80 0.756591796875 0.6809895833333333 0.00830078125 0.022135416666666664
79 0.764892578125 0.6803385416666666 0.01025390625 0.0234375
18 0.736083984375 0.6793619791666666 0.06787109375 0.029296875
3 0.728759765625 0.47233072916666663 0.29443359375 0.5071614583333333
