112 0.69287109375 0.4358723958333333 0.0126953125 0.012369791666666666
33 0.669189453125 0.46842447916666663 0.00634765625 0.016276041666666664
81 0.676025390625 0.46940104166666663 0.00634765625 0.015625
77 0.68603515625 0.4690755208333333 0.005859375 0.016276041666666664
81 0.693359375 0.4690755208333333 0.005859375 0.014973958333333332
76 0.7001953125 0.46940104166666663 0.005859375 0.015625
91 0.707275390625 0.4697265625 0.00634765625 0.014973958333333332
75 0.71484375 0.46940104166666663 0.005859375 0.015625
18 0.69140625 0.4690755208333333 0.0546875 0.022786458333333332
11 0.687255859375 0.3782552083333333 0.14990234375 0.06901041666666666
1 0.664794921875 0.4329427083333333 0.24365234375 0.2630208333333333
