17 0.36572265625 0.19694010416666666 0.0107421875 0.016276041666666664
17 0.377197265625 0.19368489583333331 0.01220703125 0.018880208333333332
17 0.37890625 0.21451822916666666 0.0107421875 0.016276041666666664
17 0.37158203125 0.22395833333333331 0.0185546875 0.020833333333333332
11 0.50732421875 0.265625 0.3447265625 0.17708333333333331
42 0.484375 0.5924479166666666 0.0087890625 0.0234375
81 0.493896484375 0.5927734375 0.00830078125 0.022786458333333332
83 0.505859375 0.5927734375 0.009765625 0.025390625
74 0.515625 0.5934244791666666 0.0078125 0.021484375
74 0.52490234375 0.5944010416666666 0.009765625 0.026041666666666664
78 0.534912109375 0.5921223958333333 0.00927734375 0.020182291666666664
73 0.5439453125 0.5927734375 0.0087890625 0.022786458333333332
18 0.513427734375 0.5921223958333333 0.06982421875 0.027994791666666664
5 0.5078125 0.33203125 0.4765625 0.6510416666666666
