11 0.264291307752545 0.43497536945812804 0.245105716523101 0.1231527093596059
149 0.2517619420516836 0.5945812807881773 0.03680501174628034 0.040394088669950735
47 0.2231793265465936 0.6729064039408866 0.007830853563038372 0.023645320197044333
84 0.23453406421299922 0.6733990147783251 0.011746280344557557 0.022660098522167486
80 0.2615505090054816 0.6709359605911329 0.012529365700861394 0.023645320197044333
103 0.25019577133907595 0.6724137931034482 0.011746280344557557 0.02463054187192118
73 0.27329678935003915 0.6704433497536946 0.01096319498825372 0.026600985221674874
75 0.2846515270164448 0.6704433497536946 0.010180109631949883 0.026600985221674874
78 0.2956147220046985 0.6704433497536946 0.011746280344557557 0.026600985221674874
18 0.25998433829287393 0.6719211822660098 0.08927173061863743 0.03743842364532019
1 0.2960062646828504 0.49113300492610834 0.3837118245888802 0.49359605911330046
