17 0.47802734375 0.4140625 0.0126953125 0.014322916666666666
17 0.492919921875 0.4150390625 0.01220703125 0.011067708333333332
17 0.504638671875 0.41569010416666663 0.00830078125 0.012369791666666666
11 0.556640625 0.455078125 0.2080078125 0.11458333333333333
122 0.565673828125 0.62890625 0.02392578125 0.014322916666666666
33 0.537841796875 0.6774088541666666 0.00830078125 0.022786458333333332
81 0.546875 0.6764322916666666 0.0068359375 0.020833333333333332
90 0.560546875 0.67578125 0.0087890625 0.0234375
77 0.568359375 0.67578125 0.0078125 0.026041666666666664
72 0.587646484375 0.6761067708333333 0.00927734375 0.024088541666666664
71 0.595458984375 0.67578125 0.00830078125 0.028645833333333332
106 0.5771484375 0.6761067708333333 0.0107421875 0.024088541666666664
18 0.567626953125 0.6767578125 0.07080078125 0.031901041666666664
1 0.55810546875 0.5260416666666666 0.29296875 0.3841145833333333
