117 0.1669921875 0.8568773234200743 0.013671875 0.011152416356877323
1 0.17447916666666666 0.9007899628252788 0.35026041666666663 0.10176579925650557
134 0.2561848958333333 0.6171003717472119 0.016276041666666664 0.008364312267657992
11 0.2552083333333333 0.5871282527881041 0.16015625 0.046933085501858735
47 0.23665364583333331 0.6421933085501859 0.005859375 0.008364312267657992
84 0.24348958333333331 0.6421933085501859 0.005208333333333333 0.008364312267657992
84 0.25358072916666663 0.6419609665427509 0.005859375 0.007899628252788104
99 0.2610677083333333 0.641496282527881 0.006510416666666666 0.00882899628252788
78 0.2685546875 0.6412639405204461 0.005859375 0.008364312267657992
79 0.275390625 0.6412639405204461 0.006510416666666666 0.008364312267657992
79 0.2825520833333333 0.6403345724907062 0.005208333333333333 0.007434944237918215
18 0.25944010416666663 0.641728624535316 0.056640625 0.013940520446096654
3 0.27506510416666663 0.5950278810408922 0.220703125 0.19470260223048327
