7 0.507080078125 0.2390625 0.14501953125 0.414375
43 0.056396484375 0.39156250000000004 0.00830078125 0.021875000000000002
81 0.0654296875 0.39156250000000004 0.0078125 0.020625
74 0.079345703125 0.39 0.00927734375 0.02
74 0.0888671875 0.389375 0.0087890625 0.02125
92 0.096923828125 0.39 0.01025390625 0.0225
98 0.106689453125 0.3896875 0.00927734375 0.021875000000000002
77 0.1162109375 0.3884375 0.0068359375 0.021875000000000002
18 0.08642578125 0.39 0.0712890625 0.03
17 0.046630859375 0.0871875 0.01416015625 0.011875
17 0.051513671875 0.074375 0.01220703125 0.01
17 0.0654296875 0.07125000000000001 0.0107421875 0.00875
14 0.139404296875 0.1178125 0.01611328125 0.041875
11 0.125 0.11031250000000001 0.244140625 0.116875
1 0.16552734375 0.2090625 0.3310546875 0.419375
