17 0.428955078125 0.37858072916666663 0.01513671875 0.011067708333333332
11 0.515869140625 0.38671875 0.20068359375 0.10416666666666666
159 0.5087890625 0.5693359375 0.017578125 0.024088541666666664
47 0.480712890625 0.6181640625 0.00830078125 0.024088541666666664
84 0.490234375 0.6184895833333333 0.0087890625 0.024739583333333332
85 0.501953125 0.6184895833333333 0.0087890625 0.024739583333333332
101 0.511474609375 0.6184895833333333 0.01025390625 0.024739583333333332
71 0.520751953125 0.6175130208333333 0.00927734375 0.025390625
76 0.528076171875 0.6201171875 0.01025390625 0.024088541666666664
79 0.53955078125 0.6197916666666666 0.0107421875 0.02734375
18 0.51025390625 0.619140625 0.0693359375 0.029947916666666664
1 0.513671875 0.45182291666666663 0.30859375 0.38541666666666663
