17 0.48681640625 0.337890625 0.0107421875 0.009114583333333332
17 0.4853515625 0.3479817708333333 0.0107421875 0.009765625
11 0.562255859375 0.3759765625 0.19287109375 0.09700520833333333
111 0.574951171875 0.5406901041666666 0.01708984375 0.025390625
111 0.54638671875 0.5787760416666666 0.0078125 0.0234375
84 0.554931640625 0.5791015625 0.00830078125 0.025390625
99 0.567626953125 0.580078125 0.00830078125 0.022135416666666664
85 0.575927734375 0.580078125 0.00830078125 0.024739583333333332
77 0.584228515625 0.5791015625 0.00830078125 0.024088541666666664
76 0.5927734375 0.5794270833333333 0.0078125 0.0234375
76 0.601806640625 0.5791015625 0.00830078125 0.024088541666666664
18 0.5751953125 0.5791015625 0.06640625 0.030598958333333332
1 0.5634765625 0.44694010416666663 0.275390625 0.37174479166666663
