2 0.702880859375 0.44596354166666663 0.29638671875 0.48307291666666663
142 0.722412109375 0.556640625 0.02294921875 0.02734375
18 0.723876953125 0.6341145833333333 0.07080078125 0.028645833333333332
11 0.70751953125 0.37890625 0.1962890625 0.10286458333333333
15 0.6611328125 0.41959635416666663 0.0283203125 0.018880208333333332
17 0.619140625 0.3440755208333333 0.01171875 0.011067708333333332
17 0.6318359375 0.3382161458333333 0.01171875 0.011067708333333332
17 0.62060546875 0.3349609375 0.0078125 0.005859375
47 0.694091796875 0.6341145833333333 0.00927734375 0.022135416666666664
84 0.703369140625 0.6334635416666666 0.00927734375 0.0234375
75 0.715087890625 0.6341145833333333 0.00927734375 0.022135416666666664
75 0.72607421875 0.6344401041666666 0.0087890625 0.025390625
78 0.734130859375 0.6334635416666666 0.00732421875 0.0234375
77 0.744384765625 0.6337890625 0.00927734375 0.024088541666666664
76 0.752685546875 0.6350911458333333 0.00732421875 0.024088541666666664
