111 0.3853300733496332 0.47488119484046165 0.018581907090464547 0.026476578411405296
47 0.36063569682151586 0.5112016293279023 0.006356968215158924 0.016293279022403257
84 0.36821515892420537 0.5112016293279023 0.005867970660146699 0.016293279022403257
104 0.3787286063569682 0.5115410726408689 0.006356968215158924 0.016972165648336725
76 0.38630806845965765 0.5118805159538357 0.005867970660146699 0.016293279022403257
79 0.39364303178484106 0.5115410726408689 0.005867970660146699 0.015614392396469789
72 0.4009779951100244 0.5118805159538357 0.005867970660146699 0.016293279022403257
71 0.4085574572127139 0.5112016293279023 0.0024449877750611247 0.016293279022403257
18 0.38459657701711486 0.5112016293279023 0.058190709046454764 0.024439918533604887
17 0.3139364303178484 0.2987101154107264 0.009779951100244499 0.006788866259334691
17 0.31173594132029336 0.30685675492192804 0.009290953545232274 0.006788866259334691
17 0.30880195599022003 0.3143245078071962 0.009290953545232274 0.006788866259334691
11 0.3823960880195599 0.3302783435166327 0.18973105134474325 0.09708078750848607
1 0.3811735941320293 0.3968092328581127 0.25867970660146694 0.32518669382213167
