7 0.16165226063829788 0.08800773694390716 0.04271941489361702 0.17408123791102514
7 0.2010472074468085 0.5193423597678917 0.08361037234042552 0.48065764023210833
7 0.699717420212766 0.5251450676982592 0.08560505319148937 0.4922630560928433
7 0.6648105053191489 0.09381044487427466 0.0477061170212766 0.18568665377176016
8 0.31939827127659576 0.7944874274661509 0.07962101063829786 0.35880077369439073
8 0.8190658244680851 0.7903771760154739 0.0816156914893617 0.3505802707930368
12 0.030585106382978722 0.29182785299806574 0.03590425531914893 0.02562862669245648
11 0.029005984042553192 0.3428433268858801 0.0573470744680851 0.16924564796905223
2 0.05078125 0.422147001934236 0.1015625 0.6034816247582205
12 0.5299202127659575 0.29231141199226307 0.0355718085106383 0.02756286266924565
11 0.5290059840425532 0.3450193423597679 0.05867686170212766 0.17263056092843326
2 0.5503656914893617 0.4223887814313346 0.09973404255319149 0.6078336557059961
