6 0.7802734375 0.42838541666666663 0.435546875 0.828125
11 0.843994140625 0.42545572916666663 0.30419921875 0.17903645833333331
17 0.71044921875 0.3470052083333333 0.01171875 0.014322916666666666
17 0.709716796875 0.36393229166666663 0.01318359375 0.015625
17 0.724365234375 0.36588541666666663 0.01611328125 0.01953125
142 0.869140625 0.6341145833333333 0.05078125 0.07161458333333333
18 0.864990234375 0.7529296875 0.08056640625 0.030598958333333332
47 0.830810546875 0.7535807291666666 0.01220703125 0.031901041666666664
83 0.84228515625 0.751953125 0.0107421875 0.028645833333333332
104 0.856201171875 0.7529296875 0.00927734375 0.026692708333333332
94 0.866943359375 0.751953125 0.00927734375 0.028645833333333332
76 0.876953125 0.751953125 0.0078125 0.028645833333333332
80 0.886962890625 0.7509765625 0.00927734375 0.026692708333333332
75 0.899169921875 0.7509765625 0.00927734375 0.026692708333333332
5 0.174072265625 0.4990234375 0.34521484375 0.994140625
