4 0.3779296875 0.7330729166666666 0.712890625 0.53125
17 0.61279296875 0.06770833333333333 0.0087890625 0.009114583333333332
17 0.61279296875 0.07454427083333333 0.0068359375 0.007161458333333333
17 0.621826171875 0.072265625 0.00830078125 0.009114583333333332
11 0.66650390625 0.07877604166666666 0.13671875 0.06770833333333333
150 0.676025390625 0.18815104166666666 0.01318359375 0.010416666666666666
84 0.662841796875 0.21647135416666666 0.00634765625 0.016276041666666664
101 0.6708984375 0.21549479166666666 0.0068359375 0.016927083333333332
72 0.677490234375 0.21647135416666666 0.00634765625 0.018880208333333332
71 0.6826171875 0.2158203125 0.005859375 0.016276041666666664
71 0.689453125 0.2158203125 0.0048828125 0.016276041666666664
76 0.694580078125 0.21516927083333331 0.00634765625 0.017578125
18 0.676025390625 0.21614583333333331 0.04638671875 0.018229166666666664
1 0.666259765625 0.12825520833333331 0.20458984375 0.23828125
