47 0.4521484375 0.7014973958333333 0.005859375 0.014973958333333332
97 0.472412109375 0.6995442708333333 0.00634765625 0.016276041666666664
98 0.480224609375 0.7001953125 0.00732421875 0.017578125
78 0.48876953125 0.7005208333333333 0.005859375 0.015625
71 0.4970703125 0.6998697916666666 0.001953125 0.016927083333333332
77 0.50537109375 0.7001953125 0.0078125 0.017578125
18 0.478515625 0.7005208333333333 0.064453125 0.026041666666666664
144 0.478515625 0.642578125 0.037109375 0.022135416666666664
17 0.423828125 0.45182291666666663 0.0107421875 0.010416666666666666
17 0.39697265625 0.4514973958333333 0.0087890625 0.009765625
11 0.4716796875 0.48795572916666663 0.20703125 0.095703125
1 0.478759765625 0.5540364583333333 0.27294921875 0.359375
