196 0.408447265625 0.5960286458333333 0.01025390625 0.021484375
47 0.3779296875 0.642578125 0.0068359375 0.01953125
84 0.3876953125 0.6429036458333333 0.0068359375 0.018880208333333332
85 0.40087890625 0.6429036458333333 0.0078125 0.018880208333333332
76 0.410400390625 0.642578125 0.00732421875 0.018229166666666664
77 0.419677734375 0.642578125 0.00732421875 0.01953125
71 0.429443359375 0.642578125 0.00341796875 0.018229166666666664
79 0.438720703125 0.6429036458333333 0.00732421875 0.018880208333333332
18 0.408447265625 0.6419270833333333 0.07177734375 0.029947916666666664
14 0.412109375 0.40494791666666663 0.005859375 0.04427083333333333
17 0.3330078125 0.3675130208333333 0.0126953125 0.008463541666666666
17 0.3310546875 0.37890625 0.0107421875 0.009114583333333332
11 0.409912109375 0.4095052083333333 0.22314453125 0.125
1 0.41162109375 0.4827473958333333 0.3115234375 0.40690104166666663
111 0.78759765625 0.10481770833333333 0.0107421875 0.015625
47 0.768798828125 0.12923177083333331 0.00341796875 0.011067708333333332
84 0.7744140625 0.12955729166666666 0.0048828125 0.01171875
101 0.78271484375 0.13053385416666666 0.0048828125 0.011067708333333332
73 0.788330078125 0.12955729166666666 0.00439453125 0.01171875
79 0.7939453125 0.12955729166666666 0.00390625 0.01171875
72 0.799560546875 0.13020833333333331 0.00439453125 0.01171875
75 0.8056640625 0.13053385416666666 0.00390625 0.011067708333333332
18 0.787353515625 0.12923177083333331 0.04443359375 0.018880208333333332
16 0.74072265625 0.016276041666666664 0.0166015625 0.0078125
16 0.770263671875 0.0166015625 0.01318359375 0.018880208333333332
11 0.775634765625 0.01953125 0.13330078125 0.0390625
1 0.76708984375 0.08561197916666666 0.1953125 0.17122395833333331
