1 0.698974609375 0.5084635416666666 0.28369140625 0.4192708333333333
111 0.720458984375 0.6207682291666666 0.02099609375 0.029296875
18 0.720947265625 0.6624348958333333 0.07177734375 0.030598958333333332
11 0.705810546875 0.4326171875 0.20068359375 0.103515625
17 0.619873046875 0.3919270833333333 0.01318359375 0.01171875
17 0.634033203125 0.3909505208333333 0.01220703125 0.013671875
47 0.69091796875 0.6637369791666666 0.009765625 0.025390625
84 0.7001953125 0.6617838541666666 0.0087890625 0.022786458333333332
83 0.71337890625 0.6614583333333333 0.009765625 0.022135416666666664
98 0.72314453125 0.6617838541666666 0.009765625 0.025390625
79 0.73193359375 0.6611328125 0.0087890625 0.024088541666666664
78 0.7412109375 0.6617838541666666 0.009765625 0.022786458333333332
72 0.7509765625 0.6608072916666666 0.009765625 0.024739583333333332
14 0.70068359375 0.4267578125 0.015625 0.06575520833333333
