81 0.1171875 0.5715667311411993 0.0026595744680851063 0.013539651837524178
78 0.1202626329787234 0.5713249516441006 0.0028257978723404253 0.014990328820116054
78 0.12965425531914893 0.5696324951644101 0.003324468085106383 0.014506769825918761
74 0.12342087765957446 0.5701160541586073 0.0024933510638297874 0.013539651837524178
75 0.1262466755319149 0.5689071566731141 0.0031582446808510636 0.01402321083172147
18 0.12350398936170212 0.5664893617021277 0.017287234042553192 0.023694390715667313
81 0.6172706117021276 0.5715667311411993 0.0024933510638297874 0.013539651837524178
78 0.6201795212765957 0.5708413926499033 0.002327127659574468 0.014990328820116054
78 0.6295711436170213 0.5686653771760155 0.0031582446808510636 0.013539651837524178
74 0.6233377659574468 0.5698742746615088 0.0026595744680851063 0.01402321083172147
74 0.6264960106382979 0.5696324951644101 0.0029920212765957447 0.015473887814313346
18 0.6237533244680851 0.5650386847195358 0.016788563829787235 0.024661508704061894
