5 0.7623697916666666 0.513235294117647 0.46744791666666663 0.9470588235294117
11 0.13541666666666666 0.649264705882353 0.23177083333333331 0.13088235294117648
128 0.13671875 0.7308823529411764 0.029947916666666664 0.01911764705882353
47 0.10970052083333333 0.774264705882353 0.009765625 0.020588235294117647
84 0.12044270833333333 0.7746323529411765 0.010416666666666666 0.019852941176470587
84 0.14388020833333331 0.7724264705882353 0.009114583333333332 0.021323529411764706
97 0.1337890625 0.7724264705882353 0.007161458333333333 0.021323529411764706
75 0.16471354166666666 0.7698529411764706 0.010416666666666666 0.01911764705882353
76 0.17513020833333331 0.7705882352941177 0.0078125 0.01764705882352941
71 0.15462239583333331 0.7716911764705883 0.007161458333333333 0.019852941176470587
18 0.142578125 0.7724264705882353 0.078125 0.02426470588235294
3 0.1708984375 0.6375 0.3391927083333333 0.5
