134 0.4453125 0.5947265625 0.0166015625 0.021484375
134 0.415771484375 0.6468098958333333 0.00732421875 0.017578125
94 0.424560546875 0.6461588541666666 0.00634765625 0.018880208333333332
79 0.43798828125 0.6461588541666666 0.0068359375 0.018880208333333332
86 0.44677734375 0.6458333333333333 0.0068359375 0.018229166666666664
80 0.45703125 0.6468098958333333 0.0068359375 0.017578125
73 0.466552734375 0.6461588541666666 0.00732421875 0.018880208333333332
77 0.475830078125 0.646484375 0.00732421875 0.01953125
18 0.445068359375 0.6474609375 0.07275390625 0.03450520833333333
16 0.403076171875 0.45182291666666663 0.01708984375 0.0234375
17 0.356689453125 0.376953125 0.01318359375 0.009114583333333332
17 0.372802734375 0.37760416666666663 0.01220703125 0.009114583333333332
17 0.35498046875 0.38639322916666663 0.0126953125 0.009765625
17 0.352783203125 0.40006510416666663 0.01220703125 0.009765625
13 0.4833984375 0.3880208333333333 0.01953125 0.01171875
11 0.43798828125 0.4212239583333333 0.228515625 0.12369791666666666
1 0.437744140625 0.49967447916666663 0.31494140625 0.408203125
47 0.95703125 0.568359375 0.005859375 0.018229166666666664
84 0.96533203125 0.568359375 0.0068359375 0.018229166666666664
100 0.97802734375 0.5680338541666666 0.0068359375 0.017578125
11 0.98681640625 0.5693359375 0.0068359375 0.018880208333333332
72 0.994873046875 0.5686848958333333 0.00537109375 0.016276041666666664
76 0.9755859375 0.5680338541666666 0.046875 0.026692708333333332
18 0.8828125 0.3225911458333333 0.013671875 0.011067708333333332
17 0.9296875 0.3616536458333333 0.140625 0.119140625
1 0.892822265625 0.4241536458333333 0.21337890625 0.357421875
181 0.985107421875 0.5026041666666666 0.02001953125 0.01171875
