6 0.21074918566775244 0.7017873941674506 0.2625407166123779 0.4684854186265287
18 0.1736156351791531 0.880997177798683 0.04364820846905538 0.03857008466603951
47 0.16612377850162868 0.867826904985889 0.009120521172638438 0.012229539040451553
84 0.18045602605863192 0.8692380056444027 0.010423452768729642 0.015051740357478834
72 0.15798045602605865 0.8833490122295391 0.008469055374592834 0.020696142991533398
80 0.16579804560260586 0.8857008466603952 0.007166123778501629 0.02539981185324553
78 0.1736156351791531 0.8852304797742239 0.008469055374592834 0.022577610536218252
71 0.18110749185667754 0.8852304797742239 0.006514657980456026 0.022577610536218252
79 0.18990228013029317 0.8861712135465664 0.008469055374592834 0.024459078080903106
7 0.7302931596091206 0.5136406396989652 0.08990228013029317 0.2464722483537159
7 0.9524429967426711 0.6063029162746942 0.08469055374592835 0.25870178739416744
1 0.611400651465798 0.7323612417685795 0.2234527687296417 0.33207902163687675
11 0.6153094462540717 0.6876763875823142 0.14527687296416938 0.09031044214487301
18 0.6104234527687297 0.8029162746942615 0.057328990228013035 0.03292568203198495
47 0.5866449511400652 0.8010348071495766 0.008469055374592834 0.023518344308560677
84 0.5941368078175896 0.801505174035748 0.009120521172638438 0.024459078080903106
88 0.6055374592833876 0.8010348071495766 0.008469055374592834 0.02539981185324553
91 0.6133550488599349 0.8029162746942615 0.007166123778501629 0.02539981185324553
79 0.6208469055374594 0.8024459078080903 0.007817589576547232 0.02634054562558796
76 0.6283387622149837 0.8033866415804327 0.007166123778501629 0.02634054562558796
76 0.6355048859934854 0.803857008466604 0.007166123778501629 0.027281279397930385
112 0.6117263843648209 0.7765757290686736 0.014332247557003259 0.01599247412982126
