111 0.5347021399652978 0.48002619515389655 0.021399652978600345 0.022265880812049773
47 0.5057836899942163 0.512770137524558 0.007518796992481203 0.01440733464309103
81 0.5144592249855408 0.5130975769482646 0.007518796992481203 0.015062213490504257
102 0.5268941584731058 0.5130975769482646 0.006940427993059571 0.015062213490504257
92 0.5349913244650086 0.5130975769482646 0.006940427993059571 0.015062213490504257
76 0.5445344129554656 0.5130975769482646 0.0063620589936379405 0.015062213490504257
77 0.5534991324465008 0.5130975769482646 0.006940427993059571 0.015062213490504257
77 0.5621746674378253 0.512770137524558 0.006940427993059571 0.01440733464309103
18 0.5338345864661653 0.5137524557956779 0.06709080393290918 0.02423051735428946
17 0.45430884904569113 0.3100851342501637 0.010989010989010988 0.005893909626719057
17 0.4505494505494505 0.3205631958087754 0.01156737998843262 0.005893909626719057
11 0.5300751879699248 0.3441388343156516 0.21573163678426835 0.0870988867059594
1 0.5260266049739734 0.40242305173542897 0.302486986697513 0.32416502946954817
