11 0.29752604166666663 0.3835676625659051 0.1875 0.0992970123022847
150 0.3079427083333333 0.492530755711775 0.01953125 0.013181019332161686
47 0.2802734375 0.5153778558875219 0.007161458333333333 0.020210896309314587
84 0.2890625 0.5153778558875219 0.0078125 0.020210896309314587
101 0.30045572916666663 0.5140597539543058 0.008463541666666666 0.0210896309314587
77 0.3255208333333333 0.5140597539543058 0.0078125 0.0210896309314587
78 0.3173828125 0.5131810193321616 0.007161458333333333 0.0210896309314587
71 0.30859375 0.5144991212653778 0.005208333333333333 0.020210896309314587
72 0.33463541666666663 0.5127416520210896 0.0078125 0.020210896309314587
18 0.3069661458333333 0.5149384885764499 0.06705729166666666 0.03163444639718805
1 0.28385416666666663 0.42574692442882245 0.27213541666666663 0.3734622144112478
11 0.7903645833333333 0.42662565905096655 0.19921875 0.1133567662565905
47 0.7975260416666666 0.5637082601054482 0.006510416666666666 0.020210896309314587
84 0.8059895833333333 0.5632688927943761 0.009114583333333332 0.0210896309314587
83 0.8180338541666666 0.5619507908611598 0.008463541666666666 0.020210896309314587
81 0.8264973958333333 0.5619507908611598 0.007161458333333333 0.020210896309314587
77 0.8434244791666666 0.5601933216168716 0.007161458333333333 0.020210896309314587
79 0.8346354166666666 0.5619507908611598 0.0078125 0.020210896309314587
78 0.8512369791666666 0.5597539543057997 0.007161458333333333 0.019332161687170474
18 0.8245442708333333 0.562829525483304 0.068359375 0.030755711775043933
1 0.7418619791666666 0.47319859402460457 0.37565104166666663 0.38576449912126537
