17 0.383056640625 0.353515625 0.01220703125 0.014322916666666666
17 0.382568359375 0.36783854166666663 0.01416015625 0.013020833333333332
17 0.39453125 0.3505859375 0.0107421875 0.012369791666666666
11 0.465087890625 0.38053385416666663 0.19873046875 0.11393229166666666
128 0.469482421875 0.5387369791666666 0.02392578125 0.014973958333333332
128 0.44140625 0.6272786458333333 0.0068359375 0.022786458333333332
84 0.44921875 0.6266276041666666 0.0068359375 0.021484375
88 0.462890625 0.6263020833333333 0.009765625 0.020833333333333332
73 0.470947265625 0.6246744791666666 0.00830078125 0.021484375
79 0.480712890625 0.6256510416666666 0.00830078125 0.022135416666666664
80 0.489013671875 0.6256510416666666 0.00634765625 0.026041666666666664
73 0.500244140625 0.6240234375 0.00927734375 0.022786458333333332
18 0.47021484375 0.6246744791666666 0.0693359375 0.025390625
3 0.4697265625 0.4270833333333333 0.287109375 0.4765625
