17 0.38330078125 0.2610677083333333 0.013671875 0.013020833333333332
17 0.360107421875 0.2776692708333333 0.01220703125 0.012369791666666666
17 0.3759765625 0.2796223958333333 0.009765625 0.012369791666666666
17 0.374755859375 0.2978515625 0.01123046875 0.009765625
15 0.49853515625 0.3421223958333333 0.021484375 0.018880208333333332
11 0.488037109375 0.2998046875 0.26806640625 0.12434895833333333
165 0.490478515625 0.5016276041666666 0.03369140625 0.041015625
42 0.46240234375 0.5634765625 0.0087890625 0.022786458333333332
93 0.47119140625 0.5634765625 0.0087890625 0.024088541666666664
71 0.482421875 0.5638020833333333 0.0048828125 0.024739583333333332
83 0.491455078125 0.5625 0.00927734375 0.026041666666666664
80 0.500244140625 0.5625 0.00732421875 0.02734375
78 0.509033203125 0.5625 0.00830078125 0.026041666666666664
79 0.5185546875 0.5615234375 0.0087890625 0.026692708333333332
18 0.490966796875 0.5631510416666666 0.06884765625 0.024739583333333332
5 0.485107421875 0.3011067708333333 0.40673828125 0.603515625
