76 0.6407912234042553 0.5705996131528046 0.003989361702127659 0.01644100580270793
76 0.6470246010638298 0.5710831721470019 0.0031582446808510636 0.017408123791102514
75 0.6441156914893617 0.5705996131528046 0.004321808510638298 0.01644100580270793
75 0.6536735372340425 0.5705996131528046 0.0028257978723404253 0.01644100580270793
74 0.6510970744680851 0.5713249516441006 0.003989361702127659 0.014990328820116054
18 0.6471077127659575 0.5660058027079303 0.017287234042553192 0.02562862669245648
7 0.6437001329787234 0.5147485493230174 0.06698803191489361 0.47437137330754353
76 0.14054188829787234 0.5708413926499033 0.003490691489361702 0.018858800773694392
76 0.1473570478723404 0.5725338491295938 0.003490691489361702 0.017408123791102514
75 0.1441156914893617 0.570357833655706 0.0036569148936170214 0.017891682785299807
75 0.15383976063829788 0.5708413926499033 0.003490691489361702 0.016924564796905222
74 0.15018284574468085 0.5708413926499033 0.0028257978723404253 0.016924564796905222
18 0.14752327127659573 0.5667311411992263 0.01745345744680851 0.029013539651837523
7 0.1439494680851064 0.5169245647969052 0.07180851063829786 0.4864603481624758
