17 0.513671875 0.3948567708333333 0.01171875 0.008463541666666666
17 0.524658203125 0.39420572916666663 0.00830078125 0.009765625
11 0.5927734375 0.43359375 0.193359375 0.09375
111 0.598876953125 0.6005859375 0.02099609375 0.033203125
47 0.571044921875 0.638671875 0.00830078125 0.020833333333333332
84 0.57958984375 0.6402994791666666 0.0087890625 0.020182291666666664
101 0.592529296875 0.6389973958333333 0.00927734375 0.020182291666666664
73 0.60107421875 0.6396484375 0.0078125 0.021484375
79 0.610107421875 0.638671875 0.00830078125 0.020833333333333332
79 0.61865234375 0.6396484375 0.0087890625 0.022786458333333332
76 0.62744140625 0.6383463541666666 0.0078125 0.022786458333333332
18 0.598876953125 0.638671875 0.06884765625 0.02734375
1 0.593505859375 0.4931640625 0.28369140625 0.388671875
