7 0.7269780585106382 0.5440038684719536 0.07064494680851063 0.5009671179883946
7 0.2253158244680851 0.5498065764023211 0.07263962765957446 0.5067698259187621
7 0.07106050531914894 0.07688588007736943 0.0347406914893617 0.15667311411992263
7 0.5712267287234042 0.07543520309477757 0.03174867021276596 0.1586073500967118
7 0.24517952127659573 0.05319148936170213 0.04886968085106383 0.1102514506769826
7 0.7464261968085106 0.0551257253384913 0.051695478723404256 0.11218568665377177
105 0.0029920212765957447 0.687137330754352 0.004986702127659575 0.027079303675048357
79 0.008560505319148936 0.6859284332688588 0.004820478723404255 0.02562862669245648
74 0.014295212765957447 0.6854448742746615 0.004654255319148936 0.024661508704061894
83 0.01936502659574468 0.6835106382978724 0.0044880319148936166 0.02562862669245648
75 0.02543218085106383 0.6839941972920697 0.004321808510638298 0.02756286266924565
18 0.014378324468085107 0.6842359767891683 0.029421542553191488 0.03868471953578337
111 0.006482712765957447 0.6315280464216635 0.013630319148936169 0.041586073500967116
14 0.004986702127659575 0.41392649903288203 0.006648936170212766 0.058027079303675046
11 0.03673537234042553 0.40522243713733075 0.07347074468085106 0.14410058027079303
1 0.0495345744680851 0.5016924564796905 0.09873670212765957 0.503384912959381
111 0.5066489361702128 0.6315280464216635 0.012632978723404254 0.03965183752417795
105 0.5028257978723404 0.6859284332688588 0.004654255319148936 0.029497098646034815
79 0.5088929521276596 0.6856866537717602 0.004155585106382979 0.025145067698259187
74 0.5147938829787234 0.6835106382978724 0.004986702127659575 0.024661508704061894
83 0.51953125 0.683027079303675 0.0044880319148936166 0.024661508704061894
75 0.5252659574468085 0.6825435203094777 0.005319148936170213 0.02562862669245648
18 0.5147107712765957 0.6839941972920697 0.028424202127659573 0.03916827852998066
14 0.5051529255319149 0.4122340425531915 0.007313829787234043 0.06044487427466151
11 0.5369015957446809 0.405705996131528 0.07280585106382978 0.1411992263056093
1 0.5489527925531915 0.5019342359767892 0.09890292553191489 0.5038684719535783
