1 0.5908203125 0.453125 0.2666015625 0.39453125
111 0.60205078125 0.5533854166666666 0.021484375 0.028645833333333332
11 0.5908203125 0.38248697916666663 0.1943359375 0.095703125
18 0.603271484375 0.5986328125 0.06884765625 0.027994791666666664
17 0.509521484375 0.34375 0.01025390625 0.01171875
17 0.506103515625 0.3577473958333333 0.00634765625 0.012369791666666666
14 0.592041015625 0.3828125 0.01220703125 0.0625
16 0.561279296875 0.41080729166666663 0.01025390625 0.020833333333333332
47 0.574951171875 0.59765625 0.00830078125 0.022135416666666664
84 0.583740234375 0.5973307291666666 0.00927734375 0.024088541666666664
86 0.596923828125 0.5979817708333333 0.00830078125 0.025390625
104 0.605224609375 0.5979817708333333 0.00830078125 0.025390625
72 0.614990234375 0.5973307291666666 0.00830078125 0.024088541666666664
80 0.623779296875 0.5966796875 0.00927734375 0.025390625
72 0.632080078125 0.5966796875 0.00732421875 0.025390625
