1 0.61279296875 0.4602864583333333 0.267578125 0.3958333333333333
125 0.62353515625 0.5533854166666666 0.0263671875 0.03255208333333333
18 0.623779296875 0.6025390625 0.06787109375 0.026692708333333332
11 0.61181640625 0.3831380208333333 0.1953125 0.099609375
17 0.536376953125 0.3450520833333333 0.00732421875 0.005208333333333333
17 0.536865234375 0.3616536458333333 0.01123046875 0.012369791666666666
17 0.548828125 0.3665364583333333 0.0126953125 0.013020833333333332
17 0.5341796875 0.37369791666666663 0.0107421875 0.010416666666666666
47 0.595947265625 0.6025390625 0.00732421875 0.024088541666666664
84 0.604248046875 0.6025390625 0.00927734375 0.024088541666666664
71 0.6171875 0.6022135416666666 0.0048828125 0.0234375
78 0.625732421875 0.6022135416666666 0.00732421875 0.0234375
79 0.634521484375 0.6015625 0.00830078125 0.024739583333333332
78 0.6435546875 0.6022135416666666 0.009765625 0.02734375
66 0.653076171875 0.6015625 0.00732421875 0.024739583333333332
