181 0.44482421875 0.48014322916666663 0.0146484375 0.005859375
47 0.421142578125 0.5439453125 0.00634765625 0.016276041666666664
84 0.42822265625 0.5436197916666666 0.005859375 0.015625
86 0.439208984375 0.54296875 0.00634765625 0.014322916666666666
99 0.44677734375 0.5432942708333333 0.005859375 0.014973958333333332
77 0.45458984375 0.5432942708333333 0.005859375 0.014973958333333332
72 0.462158203125 0.5439453125 0.00634765625 0.014973958333333332
80 0.4697265625 0.5436197916666666 0.005859375 0.014322916666666666
18 0.44482421875 0.5442708333333333 0.0576171875 0.022135416666666664
17 0.362548828125 0.37662760416666663 0.01025390625 0.007161458333333333
12 0.39306640625 0.33984375 0.0458984375 0.005208333333333333
16 0.43798828125 0.3977864583333333 0.0107421875 0.016927083333333332
11 0.440185546875 0.3733723958333333 0.18701171875 0.095703125
1 0.439208984375 0.439453125 0.25341796875 0.30859375
