179 0.408447265625 0.5813802083333333 0.01416015625 0.018229166666666664
47 0.376953125 0.6526692708333333 0.0068359375 0.020182291666666664
88 0.386962890625 0.6529947916666666 0.00732421875 0.018229166666666664
96 0.3994140625 0.6533203125 0.0068359375 0.018880208333333332
101 0.40966796875 0.6533203125 0.0087890625 0.018880208333333332
71 0.418701171875 0.6539713541666666 0.00341796875 0.020182291666666664
79 0.427978515625 0.6526692708333333 0.00732421875 0.020182291666666664
78 0.437744140625 0.6529947916666666 0.00732421875 0.01953125
18 0.4072265625 0.6526692708333333 0.072265625 0.029296875
15 0.401611328125 0.4407552083333333 0.02978515625 0.022135416666666664
17 0.318603515625 0.3714192708333333 0.01025390625 0.007161458333333333
17 0.316650390625 0.380859375 0.01220703125 0.0078125
17 0.314697265625 0.39029947916666663 0.01123046875 0.008463541666666666
17 0.311279296875 0.400390625 0.01123046875 0.010416666666666666
17 0.30908203125 0.412109375 0.01171875 0.010416666666666666
11 0.404541015625 0.41861979166666663 0.22705078125 0.1171875
1 0.40478515625 0.4886067708333333 0.3115234375 0.419921875
