7 0.22585978835978834 0.3391959798994975 0.11970899470899471 0.21033740129217518
11 0.7453703703703703 0.5276381909547739 0.19576719576719576 0.07465900933237617
47 0.7281746031746031 0.6155778894472362 0.007936507936507936 0.017946877243359655
84 0.7374338624338624 0.6159368269921034 0.009259259259259259 0.01722900215362527
88 0.7493386243386243 0.6148600143575018 0.007936507936507936 0.017946877243359655
101 0.7582671957671957 0.6145010768126347 0.008597883597883597 0.01722900215362527
71 0.7662037037037036 0.6141421392677674 0.004629629629629629 0.017946877243359655
71 0.7751322751322751 0.6141421392677674 0.003968253968253968 0.016511127063890883
71 0.7840608465608465 0.6137832017229002 0.004629629629629629 0.01866475233309404
18 0.7562830687830687 0.6166547020818378 0.06944444444444445 0.030150753768844223
2 0.6871693121693121 0.5434314429289304 0.376984126984127 0.3287867910983489
