17 0.7600911458333333 0.31761152416356875 0.11263020833333333 0.06273234200743494
47 0.6725260416666666 0.7953066914498141 0.006510416666666666 0.011617100371747211
84 0.6822916666666666 0.795771375464684 0.009114583333333332 0.011617100371747211
87 0.6959635416666666 0.795771375464684 0.010416666666666666 0.011617100371747211
72 0.7057291666666666 0.795771375464684 0.009114583333333332 0.011617100371747211
72 0.7154947916666666 0.7955390334572491 0.0078125 0.011152416356877323
72 0.7252604166666666 0.7953066914498141 0.0078125 0.010687732342007435
78 0.7347005208333333 0.7953066914498141 0.008463541666666666 0.011617100371747211
18 0.703125 0.7964684014869888 0.07552083333333333 0.020446096654275093
11 0.7037760416666666 0.7244423791821561 0.19791666666666666 0.05204460966542751
2 0.7041015625 0.7465148698884758 0.271484375 0.21886617100371747
