17 0.629150390625 0.24837239583333331 0.01025390625 0.013671875
17 0.640380859375 0.2431640625 0.01220703125 0.012369791666666666
17 0.652099609375 0.24283854166666666 0.00830078125 0.015625
17 0.68994140625 0.24153645833333331 0.01171875 0.014322916666666666
17 0.6279296875 0.26432291666666663 0.0107421875 0.013020833333333332
17 0.625 0.2805989583333333 0.0087890625 0.010416666666666666
17 0.623779296875 0.2932942708333333 0.00537109375 0.012369791666666666
17 0.640380859375 0.2607421875 0.01123046875 0.013671875
11 0.778564453125 0.3450520833333333 0.33154296875 0.23697916666666666
47 0.7509765625 0.6643880208333333 0.0068359375 0.018880208333333332
84 0.759521484375 0.6647135416666666 0.00927734375 0.018229166666666664
81 0.773193359375 0.6643880208333333 0.00830078125 0.018880208333333332
77 0.782470703125 0.6640625 0.01025390625 0.018229166666666664
77 0.79150390625 0.6640625 0.0078125 0.01953125
78 0.80029296875 0.6643880208333333 0.009765625 0.020182291666666664
80 0.810791015625 0.6640625 0.00927734375 0.01953125
18 0.78076171875 0.6637369791666666 0.0712890625 0.027994791666666664
4 0.77392578125 0.3597005208333333 0.41015625 0.7076822916666666
