11 0.5270805812417437 0.4937853107344633 0.4940554821664465 0.16045197740112996
164 0.5277410832232496 0.6011299435028249 0.05680317040951123 0.031638418079096044
47 0.4815059445178336 0.7384180790960452 0.017173051519154558 0.023728813559322035
84 0.5013210039630119 0.7378531073446328 0.022457067371202115 0.027118644067796613
71 0.5284015852047557 0.7372881355932204 0.007926023778071334 0.030508474576271188
76 0.5495376486129459 0.7350282485875707 0.015852047556142668 0.025988700564971753
76 0.607001321003963 0.7322033898305085 0.01453104359313078 0.024858757062146894
73 0.5680317040951123 0.7338983050847457 0.018494055482166448 0.02824858757062147
79 0.5878467635402906 0.7327683615819209 0.015852047556142668 0.025988700564971753
18 0.5449141347424042 0.7384180790960452 0.154557463672391 0.03954802259887006
2 0.5673712021136064 0.5141242937853108 0.6406869220607662 0.6101694915254238
