111 0.41162109375 0.5240885416666666 0.017578125 0.0234375
47 0.3857421875 0.5618489583333333 0.005859375 0.015625
84 0.393798828125 0.5611979166666666 0.00634765625 0.015625
101 0.404541015625 0.5611979166666666 0.00634765625 0.015625
73 0.412109375 0.5615234375 0.005859375 0.016276041666666664
73 0.42041015625 0.5615234375 0.005859375 0.016276041666666664
77 0.427978515625 0.5615234375 0.00537109375 0.014973958333333332
79 0.435302734375 0.5615234375 0.00634765625 0.014973958333333332
18 0.411376953125 0.5611979166666666 0.06005859375 0.026041666666666664
16 0.380859375 0.40201822916666663 0.017578125 0.021484375
17 0.343994140625 0.3544921875 0.01025390625 0.007161458333333333
17 0.342529296875 0.3623046875 0.00927734375 0.005859375
12 0.364990234375 0.3606770833333333 0.04345703125 0.01953125
11 0.4072265625 0.39029947916666663 0.1806640625 0.09309895833333333
1 0.40673828125 0.4358723958333333 0.24609375 0.34049479166666663
