7 0.248291015625 0.5703125 0.13232421875 0.405625
17 0.867919921875 0.44625000000000004 0.01416015625 0.01375
17 0.869140625 0.4053125 0.013671875 0.011875
17 0.88525390625 0.4025 0.015625 0.01125
17 0.90283203125 0.40375 0.015625 0.0125
17 0.879150390625 0.43375 0.01611328125 0.01375
17 0.8974609375 0.418125 0.0166015625 0.0125
17 0.914306640625 0.42562500000000003 0.01416015625 0.0125
16 0.94970703125 0.49125 0.0234375 0.0175
15 0.981201171875 0.483125 0.03564453125 0.03
11 0.927001953125 0.4503125 0.14306640625 0.129375
43 0.99609375 0.718125 0.0068359375 0.025
18 0.994873046875 0.7184375000000001 0.00927734375 0.031875
1 0.87548828125 0.5315625 0.2451171875 0.474375
