17 0.364013671875 0.349609375 0.01220703125 0.014322916666666666
17 0.389892578125 0.34928385416666663 0.01220703125 0.007161458333333333
17 0.40283203125 0.34928385416666663 0.01171875 0.011067708333333332
17 0.362548828125 0.3623046875 0.01025390625 0.009765625
17 0.376220703125 0.3623046875 0.01220703125 0.011067708333333332
17 0.386474609375 0.36328125 0.00830078125 0.013020833333333332
17 0.3525390625 0.373046875 0.0107421875 0.010416666666666666
15 0.4189453125 0.40494791666666663 0.0263671875 0.01953125
11 0.424560546875 0.38639322916666663 0.20166015625 0.08919270833333333
111 0.42431640625 0.548828125 0.017578125 0.0234375
47 0.39697265625 0.5921223958333333 0.0078125 0.021484375
84 0.405517578125 0.5934244791666666 0.00927734375 0.025390625
105 0.41748046875 0.5924479166666666 0.009765625 0.022135416666666664
73 0.426513671875 0.5930989583333333 0.00927734375 0.0234375
77 0.4345703125 0.5921223958333333 0.0078125 0.022786458333333332
79 0.443603515625 0.5924479166666666 0.00830078125 0.024739583333333332
71 0.4521484375 0.5930989583333333 0.0078125 0.02734375
18 0.4248046875 0.5921223958333333 0.0693359375 0.026692708333333332
1 0.4267578125 0.4563802083333333 0.2626953125 0.35546875
