17 0.40283203125 0.37858072916666663 0.0107421875 0.011067708333333332
17 0.401123046875 0.392578125 0.01220703125 0.009114583333333332
15 0.398681640625 0.45703125 0.03759765625 0.018229166666666664
11 0.480712890625 0.41569010416666663 0.19677734375 0.11002604166666666
119 0.4814453125 0.5716145833333333 0.025390625 0.02734375
38 0.452880859375 0.63671875 0.00927734375 0.0234375
83 0.461669921875 0.6370442708333333 0.01025390625 0.024088541666666664
82 0.474365234375 0.63671875 0.01123046875 0.024739583333333332
71 0.48388671875 0.6376953125 0.0068359375 0.022786458333333332
101 0.4931640625 0.63671875 0.0078125 0.024739583333333332
73 0.501708984375 0.6376953125 0.00732421875 0.025390625
72 0.511962890625 0.6363932291666666 0.00927734375 0.024088541666666664
18 0.482666015625 0.6363932291666666 0.07177734375 0.029296875
2 0.478759765625 0.486328125 0.30712890625 0.4036458333333333
