17 0.4326171875 0.30826822916666663 0.0126953125 0.014973958333333332
17 0.41748046875 0.3177083333333333 0.009765625 0.01171875
17 0.416259765625 0.3313802083333333 0.01513671875 0.013020833333333332
42 0.478759765625 0.5865885416666666 0.00927734375 0.016927083333333332
93 0.48828125 0.5859375 0.0078125 0.018229166666666664
79 0.498779296875 0.5869140625 0.00830078125 0.021484375
79 0.533935546875 0.5888671875 0.00732421875 0.021484375
81 0.50830078125 0.5875651041666666 0.0087890625 0.018880208333333332
74 0.517578125 0.5872395833333333 0.0068359375 0.020833333333333332
72 0.525634765625 0.587890625 0.00830078125 0.022135416666666664
18 0.507080078125 0.5869140625 0.06591796875 0.026692708333333332
3 0.5078125 0.3929036458333333 0.28125 0.4720052083333333
