134 0.4755859375 0.5227864583333333 0.0126953125 0.015625
47 0.450927734375 0.5592447916666666 0.00537109375 0.016927083333333332
84 0.4580078125 0.55859375 0.005859375 0.015625
97 0.46923828125 0.5589192708333333 0.005859375 0.016276041666666664
88 0.47705078125 0.5595703125 0.0068359375 0.017578125
76 0.484375 0.5589192708333333 0.005859375 0.016276041666666664
72 0.4921875 0.5598958333333333 0.005859375 0.015625
80 0.5 0.5595703125 0.0068359375 0.014973958333333332
18 0.474853515625 0.5592447916666666 0.06005859375 0.024739583333333332
17 0.409912109375 0.3430989583333333 0.01025390625 0.0078125
17 0.421142578125 0.34342447916666663 0.00927734375 0.007161458333333333
17 0.40771484375 0.3544921875 0.009765625 0.005859375
11 0.472412109375 0.3811848958333333 0.18603515625 0.09830729166666666
1 0.47119140625 0.4443359375 0.2587890625 0.337890625
142 0.046875 0.2561848958333333 0.01953125 0.026692708333333332
47 0.028076171875 0.31803385416666663 0.00439453125 0.012369791666666666
84 0.033935546875 0.3173828125 0.00537109375 0.012369791666666666
101 0.04248046875 0.31803385416666663 0.005859375 0.013671875
71 0.04833984375 0.318359375 0.0029296875 0.013020833333333332
77 0.05517578125 0.3173828125 0.0048828125 0.012369791666666666
18 0.060546875 0.318359375 0.0048828125 0.013020833333333332
72 0.066650390625 0.318359375 0.00537109375 0.013020833333333332
80 0.04736328125 0.3177083333333333 0.0439453125 0.018229166666666664
15 0.1376953125 0.1708984375 0.017578125 0.014973958333333332
11 0.086669921875 0.099609375 0.17138671875 0.1953125
4 0.096435546875 0.17154947916666666 0.19482421875 0.341796875
