11 0.8089734874235214 0.5037678975131876 0.20394289598912305 0.08666164280331574
47 0.8116927260367097 0.611906556141673 0.00815771583956492 0.01808590806330068
84 0.8205302515295717 0.6115297663903542 0.00815771583956492 0.01733232856066315
101 0.8324269204622705 0.6100226073850792 0.008837525492861998 0.018839487565938208
73 0.8412644459551325 0.6092690278824416 0.007477906186267844 0.018839487565938208
73 0.849762066621346 0.6088922381311228 0.006798096532970768 0.01808590806330068
78 0.8596193065941535 0.6085154483798041 0.008837525492861998 0.01733232856066315
76 0.868116927260367 0.6081386586284853 0.00815771583956492 0.01808590806330068
18 0.8392250169952413 0.6100226073850792 0.07002039428959891 0.023360964581763375
1 0.7641060503059143 0.5354182366239638 0.3657375934738273 0.32479276563677467
