181 0.474853515625 0.5 0.01220703125 0.0078125
47 0.450927734375 0.5703125 0.00634765625 0.015625
84 0.458740234375 0.5699869791666666 0.00634765625 0.016276041666666664
84 0.46923828125 0.5699869791666666 0.005859375 0.016276041666666664
106 0.4775390625 0.5703125 0.0068359375 0.016927083333333332
71 0.484375 0.5706380208333333 0.001953125 0.017578125
80 0.49267578125 0.5706380208333333 0.005859375 0.014973958333333332
75 0.5009765625 0.5709635416666666 0.005859375 0.015625
18 0.475830078125 0.5696614583333333 0.06005859375 0.026041666666666664
16 0.43017578125 0.4114583333333333 0.0087890625 0.01953125
16 0.445068359375 0.41080729166666663 0.00732421875 0.014322916666666666
16 0.456298828125 0.4091796875 0.01123046875 0.018880208333333332
16 0.47265625 0.4104817708333333 0.0087890625 0.017578125
17 0.3984375 0.3525390625 0.009765625 0.007161458333333333
17 0.396484375 0.3636067708333333 0.0107421875 0.007161458333333333
11 0.46923828125 0.3860677083333333 0.1875 0.08854166666666666
1 0.46826171875 0.4534505208333333 0.2626953125 0.3274739583333333
