17 0.575927734375 0.4124348958333333 0.01416015625 0.013671875
17 0.571533203125 0.42447916666666663 0.01513671875 0.01171875
15 0.63720703125 0.484375 0.01953125 0.020833333333333332
11 0.66015625 0.4514973958333333 0.208984375 0.103515625
118 0.684814453125 0.6194661458333333 0.02197265625 0.020182291666666664
43 0.65625 0.666015625 0.0087890625 0.02734375
84 0.666015625 0.666015625 0.0107421875 0.02734375
98 0.67822265625 0.6650390625 0.009765625 0.022786458333333332
97 0.688232421875 0.6656901041666666 0.01025390625 0.026692708333333332
80 0.697998046875 0.6653645833333333 0.01123046875 0.026041666666666664
71 0.70703125 0.6650390625 0.0087890625 0.025390625
77 0.716796875 0.6634114583333333 0.009765625 0.0234375
18 0.686767578125 0.6656901041666666 0.07275390625 0.030598958333333332
6 0.6572265625 0.5348307291666666 0.3291015625 0.486328125
