5 0.3889973958333333 0.5711225364181662 0.525390625 0.818337617823479
11 0.8528645833333333 0.4327335047129392 0.1953125 0.09940017137960583
150 0.8883463541666666 0.532133676092545 0.020182291666666664 0.018851756640959727
22 0.8590494791666666 0.5741216795201372 0.008463541666666666 0.020565552699228794
84 0.8678385416666666 0.5736932305055699 0.0078125 0.01970865467009426
78 0.8798828125 0.5724078834618681 0.007161458333333333 0.018851756640959727
77 0.8880208333333333 0.5715509854327335 0.0078125 0.018851756640959727
79 0.8968098958333333 0.5711225364181662 0.008463541666666666 0.017994858611825194
72 0.9059244791666666 0.5702656383890318 0.008463541666666666 0.01970865467009426
71 0.9137369791666666 0.5702656383890318 0.004557291666666666 0.01970865467009426
18 0.8860677083333333 0.5724078834618681 0.06770833333333333 0.029134532990574124
1 0.8017578125 0.4897172236503856 0.380859375 0.3864610111396744
