11 0.27320954907161804 0.7419665809768637 0.22281167108753314 0.09190231362467866
150 0.2725464190981432 0.8464010282776349 0.030503978779840846 0.016709511568123392
47 0.23872679045092837 0.8814267352185089 0.011936339522546418 0.018637532133676093
84 0.2506631299734748 0.8814267352185089 0.010610079575596816 0.01992287917737789
80 0.278183023872679 0.8804627249357326 0.01259946949602122 0.01799485861182519
104 0.26591511936339524 0.8811053984575835 0.011936339522546418 0.019280205655526992
77 0.28812997347480107 0.8788560411311054 0.009946949602122016 0.018637532133676093
77 0.31067639257294427 0.877892030848329 0.009946949602122016 0.019280205655526992
79 0.2990716180371353 0.8794987146529563 0.010610079575596816 0.018637532133676093
18 0.27519893899204245 0.8814267352185089 0.08885941644562334 0.031491002570694086
1 0.2974137931034483 0.7872750642673522 0.34151193633952254 0.37532133676092544
