78 0.47265625 0.33875 0.5087890625 0.6675
54 0.467041015625 0.24281250000000001 0.33251953125 0.199375
59 0.351806640625 0.16125 0.02099609375 0.025
59 0.350341796875 0.18375 0.02001953125 0.02
0 0.4619140625 0.5565625 0.0859375 0.040625
55 0.42529296875 0.555 0.0146484375 0.04125
10 0.440185546875 0.555625 0.01318359375 0.035
6 0.454345703125 0.551875 0.00927734375 0.0325
26 0.466064453125 0.5543750000000001 0.00634765625 0.03375
35 0.4755859375 0.555 0.0107421875 0.0375
36 0.487060546875 0.555625 0.01220703125 0.03625
11 0.4990234375 0.55375 0.0087890625 0.03625
81 0.468505859375 0.3746875 0.09619140625 0.045625