17 0.660400390625 0.1265625 0.01611328125 0.014375
11 0.78125 0.161875 0.2900390625 0.15
43 0.759033203125 0.4771875 0.00830078125 0.024375
81 0.76904296875 0.4771875 0.0068359375 0.020625
81 0.782470703125 0.4765625 0.00634765625 0.021875000000000002
72 0.800537109375 0.47750000000000004 0.00732421875 0.02
94 0.810791015625 0.476875 0.00927734375 0.02
75 0.8203125 0.47625 0.0087890625 0.02
18 0.790283203125 0.47750000000000004 0.07275390625 0.03
6 0.778076171875 0.2565625 0.39306640625 0.5231250000000001
