52 0.404296875 0.3425 0.3486328125 0.465
54 0.40087890625 0.268125 0.2509765625 0.1275
59 0.31298828125 0.22187500000000002 0.013671875 0.01125
59 0.306396484375 0.25125000000000003 0.01806640625 0.01375
59 0.303955078125 0.2678125 0.02001953125 0.013125
73 0.3505859375 0.225 0.0556640625 0.02375
73 0.455078125 0.2196875 0.0703125 0.021875000000000002
0 0.395263671875 0.5196875 0.08251953125 0.035625000000000004
116 0.362060546875 0.52125 0.01025390625 0.02875
3 0.373046875 0.5209375 0.0107421875 0.029375000000000002
3 0.386962890625 0.521875 0.01220703125 0.03125
11 0.398681640625 0.521875 0.00830078125 0.03125
26 0.407470703125 0.520625 0.00830078125 0.0325
5 0.418212890625 0.521875 0.00830078125 0.03
13 0.428466796875 0.521875 0.01025390625 0.02875
85 0.39501953125 0.4815625 0.0595703125 0.026875