52 0.3427734375 0.253125 0.314453125 0.39
54 0.340576171875 0.185625 0.22412109375 0.115
71 0.337890625 0.17875 0.013671875 0.05375
66 0.346923828125 0.2209375 0.03857421875 0.024375
0 0.336669921875 0.4115625 0.06884765625 0.024375
55 0.30712890625 0.411875 0.009765625 0.02625
33 0.3173828125 0.4115625 0.0078125 0.023125
8 0.329345703125 0.413125 0.01025390625 0.02375
26 0.338134765625 0.411875 0.00537109375 0.02375
3 0.347412109375 0.4115625 0.01025390625 0.023125
11 0.356689453125 0.4115625 0.00634765625 0.024375
5 0.365234375 0.41250000000000003 0.0107421875 0.02375
90 0.33544921875 0.359375 0.029296875 0.02625