3 0.8466796875 0.25875 0.3046875 0.52
134 0.87646484375 0.3653125 0.0234375 0.020625
11 0.86767578125 0.2171875 0.2333984375 0.11937500000000001
18 0.87548828125 0.47500000000000003 0.0703125 0.025
17 0.772216796875 0.2203125 0.01513671875 0.015625
17 0.77392578125 0.205625 0.01171875 0.01125
17 0.775146484375 0.19062500000000002 0.01220703125 0.015
17 0.789794921875 0.1934375 0.01318359375 0.015625
17 0.78759765625 0.178125 0.0126953125 0.0125
17 0.8056640625 0.17875 0.01171875 0.01375
15 0.833251953125 0.2621875 0.03173828125 0.018125
15 0.8671875 0.2609375 0.0205078125 0.020625
15 0.90283203125 0.259375 0.0244140625 0.02375
43 0.845703125 0.47375 0.0087890625 0.025
84 0.85546875 0.47375 0.0087890625 0.0225
87 0.8681640625 0.47375 0.009765625 0.0225
75 0.87744140625 0.47500000000000003 0.0087890625 0.025
73 0.887451171875 0.474375 0.01123046875 0.02375
73 0.896728515625 0.473125 0.00732421875 0.02125
79 0.90625 0.47375 0.0087890625 0.0225
