2 0.2607421875 0.22875 0.314453125 0.45
11 0.25927734375 0.1684375 0.2236328125 0.11937500000000001
18 0.24951171875 0.40625 0.072265625 0.03375
43 0.22021484375 0.4053125 0.0107421875 0.024375
81 0.230712890625 0.4059375 0.00830078125 0.025625000000000002
86 0.241943359375 0.4059375 0.00927734375 0.023125
73 0.251220703125 0.4059375 0.00830078125 0.025625000000000002
82 0.260009765625 0.40468750000000003 0.00927734375 0.023125
78 0.27001953125 0.4065625 0.0087890625 0.024375
73 0.279052734375 0.4059375 0.00927734375 0.023125
113 0.25 0.348125 0.0224609375 0.0225
14 0.261474609375 0.17125 0.00830078125 0.04625
15 0.28662109375 0.2065625 0.0234375 0.028125
17 0.17529296875 0.14 0.0107421875 0.01
17 0.17724609375 0.128125 0.009765625 0.01125
17 0.19189453125 0.1284375 0.01171875 0.013125
