113 0.673828125 0.42281250000000004 0.0234375 0.024375
43 0.639404296875 0.485 0.00927734375 0.0225
81 0.650634765625 0.484375 0.00927734375 0.02375
71 0.666748046875 0.484375 0.00439453125 0.02375
97 0.677978515625 0.4834375 0.00927734375 0.023125
97 0.689453125 0.483125 0.009765625 0.0225
75 0.701416015625 0.48281250000000003 0.01025390625 0.021875000000000002
72 0.712646484375 0.4825 0.01025390625 0.02375
18 0.676025390625 0.4840625 0.08740234375 0.033125
12 0.718505859375 0.13468750000000002 0.07275390625 0.034375
17 0.56201171875 0.1328125 0.0146484375 0.010625
17 0.579833984375 0.130625 0.01416015625 0.01125
14 0.645263671875 0.18812500000000001 0.01025390625 0.0225
14 0.65771484375 0.1878125 0.009765625 0.019375
11 0.6640625 0.18812500000000001 0.26171875 0.14250000000000002
1 0.659912109375 0.2753125 0.38037109375 0.510625
