53 0.58984375 0.2503125 0.322265625 0.476875
54 0.59130859375 0.200625 0.2255859375 0.14625
59 0.500732421875 0.14875 0.01806640625 0.01875
74 0.5859375 0.2315625 0.0126953125 0.034375
0 0.599609375 0.4425 0.076171875 0.035
55 0.567138671875 0.4428125 0.01025390625 0.036875
10 0.577880859375 0.4415625 0.00732421875 0.039375
21 0.591552734375 0.4428125 0.01123046875 0.033125
19 0.601318359375 0.4425 0.00732421875 0.03
26 0.611083984375 0.4434375 0.00634765625 0.031875
14 0.62109375 0.445 0.0087890625 0.0275
6 0.63330078125 0.44125000000000003 0.0087890625 0.02625
61 0.598876953125 0.39687500000000003 0.01904296875 0.02625