53 0.6134175691937425 0.259469696969697 0.4398315282791817 0.5202020202020202
54 0.6095066185318894 0.19476010101010102 0.3128760529482551 0.14962121212121213
59 0.4954873646209386 0.13825757575757577 0.023465703971119134 0.015151515151515152
59 0.49338146811071 0.1527777777777778 0.021660649819494587 0.00883838383838384
59 0.4870637785800241 0.16603535353535354 0.02707581227436823 0.016414141414141416
74 0.6140192539109507 0.2307449494949495 0.023465703971119134 0.024621212121212124
74 0.6389891696750902 0.23011363636363638 0.02045728038507822 0.024621212121212124
0 0.6143200962695547 0.45864898989898994 0.09506618531889291 0.030934343434343436
55 0.5749097472924188 0.4595959595959596 0.012635379061371842 0.03156565656565657
10 0.5869434416365824 0.46054292929292934 0.01022864019253911 0.030934343434343436
42 0.6040914560770156 0.461489898989899 0.013237063778580024 0.029040404040404044
15 0.6176293622141997 0.45864898989898994 0.012635379061371842 0.027146464646464648
26 0.6308664259927798 0.46022727272727276 0.01022864019253911 0.030303030303030304
18 0.6416967509025271 0.46022727272727276 0.015042117930204574 0.026515151515151516
11 0.6567388688327317 0.4595959595959596 0.012635379061371842 0.02777777777777778
64 0.6155234657039711 0.4008838383838384 0.024067388688327317 0.03156565656565657