1 0.1943359375 0.33375 0.314453125 0.445
11 0.1865234375 0.265 0.2353515625 0.1225
127 0.18115234375 0.4678125 0.025390625 0.024375
17 0.10302734375 0.23093750000000002 0.009765625 0.010625
18 0.182861328125 0.529375 0.07763671875 0.0275
43 0.1513671875 0.53 0.009765625 0.02625
81 0.161376953125 0.53 0.01025390625 0.02625
78 0.175048828125 0.529375 0.00927734375 0.025
98 0.1845703125 0.5278125 0.009765625 0.024375
83 0.195556640625 0.5278125 0.01220703125 0.024375
71 0.2060546875 0.528125 0.0068359375 0.0275
76 0.215576171875 0.53 0.01025390625 0.02625
