51 0.19677734375 0.42312500000000003 0.140625 0.3
51 0.21044921875 0.769375 0.1640625 0.3575
52 0.55029296875 0.274375 0.34765625 0.4175
54 0.546142578125 0.2021875 0.24365234375 0.11812500000000001
59 0.465087890625 0.15937500000000002 0.02001953125 0.0125
59 0.46240234375 0.1734375 0.0166015625 0.015625
0 0.564453125 0.445 0.080078125 0.03375
55 0.529296875 0.445625 0.0146484375 0.0375
10 0.5400390625 0.445625 0.009765625 0.035
20 0.55322265625 0.4421875 0.009765625 0.036875
6 0.564453125 0.4434375 0.009765625 0.030625
39 0.576416015625 0.445625 0.01025390625 0.0325
11 0.584716796875 0.4428125 0.00634765625 0.031875
9 0.594482421875 0.444375 0.01123046875 0.035
72 0.560546875 0.39875 0.03515625 0.03625