1 0.5712890625 0.315 0.32421875 0.4325
178 0.568603515625 0.441875 0.01611328125 0.02125
18 0.569580078125 0.4790625 0.07470703125 0.028125
43 0.538818359375 0.47781250000000003 0.01025390625 0.025625000000000002
81 0.54833984375 0.4790625 0.009765625 0.028125
73 0.560302734375 0.479375 0.01025390625 0.02625
73 0.5703125 0.4784375 0.0107421875 0.024375
73 0.5908203125 0.47781250000000003 0.009765625 0.023125
105 0.581298828125 0.47875 0.00927734375 0.02375
80 0.60009765625 0.47875 0.0087890625 0.025
11 0.568603515625 0.239375 0.21630859375 0.1125
17 0.48876953125 0.203125 0.0107421875 0.01
17 0.486572265625 0.21375 0.01220703125 0.01125
17 0.483154296875 0.2246875 0.01123046875 0.010625
17 0.48046875 0.23625000000000002 0.013671875 0.01
17 0.478271484375 0.24781250000000002 0.01220703125 0.010625
