15 0.376708984375 0.2521875 0.02587890625 0.034375
111 0.39453125 0.4321875 0.025390625 0.030625
43 0.362060546875 0.48531250000000004 0.01123046875 0.026875
81 0.372802734375 0.4859375 0.00830078125 0.025625000000000002
76 0.386474609375 0.486875 0.00927734375 0.0275
104 0.396728515625 0.4865625 0.01123046875 0.026875
104 0.407470703125 0.48625 0.00927734375 0.02875
75 0.41748046875 0.48625 0.0087890625 0.03125
79 0.42919921875 0.484375 0.01171875 0.0325
18 0.395263671875 0.48625 0.08154296875 0.03625
2 0.385986328125 0.2915625 0.34423828125 0.509375
