52 0.136962890625 0.2025 0.27099609375 0.39625
59 0.039306640625 0.08125 0.01318359375 0.01125
59 0.03369140625 0.093125 0.01953125 0.00875
59 0.029296875 0.1046875 0.0234375 0.010625
71 0.107177734375 0.11875000000000001 0.01513671875 0.06375
54 0.099365234375 0.1228125 0.19189453125 0.096875
0 0.067626953125 0.34875 0.06787109375 0.02625
55 0.037841796875 0.3490625 0.00927734375 0.021875000000000002
10 0.047119140625 0.34875 0.01025390625 0.02625
14 0.05859375 0.3478125 0.0078125 0.021875000000000002
6 0.066650390625 0.3496875 0.00634765625 0.024375
26 0.07373046875 0.34875 0.0087890625 0.02625
8 0.083740234375 0.3490625 0.00927734375 0.028125
16 0.09375 0.3478125 0.0087890625 0.028125
93 0.0654296875 0.2996875 0.0244140625 0.024375