1 0.482666015625 0.210625 0.32177734375 0.40375
18 0.49169921875 0.3675 0.0703125 0.02875
17 0.392578125 0.1134375 0.01171875 0.011875
17 0.392578125 0.1240625 0.01171875 0.009375
17 0.3896484375 0.13468750000000002 0.013671875 0.009375
11 0.482666015625 0.133125 0.21435546875 0.10875
14 0.480712890625 0.136875 0.00732421875 0.058750000000000004
43 0.463134765625 0.36843750000000003 0.00927734375 0.023125
82 0.472412109375 0.36843750000000003 0.00927734375 0.023125
75 0.484619140625 0.3678125 0.00830078125 0.021875000000000002
87 0.493408203125 0.3678125 0.00927734375 0.021875000000000002
99 0.50244140625 0.3678125 0.0087890625 0.021875000000000002
75 0.511474609375 0.3665625 0.00927734375 0.021875000000000002
76 0.520751953125 0.3665625 0.00927734375 0.021875000000000002
133 0.490478515625 0.32125 0.02392578125 0.01875
