117 0.52587890625 0.4078125 0.03515625 0.048125
11 0.510986328125 0.185 0.22802734375 0.10375000000000001
43 0.491455078125 0.45937500000000003 0.01025390625 0.025
81 0.501953125 0.4596875 0.0107421875 0.024375
72 0.51611328125 0.4603125 0.01171875 0.023125
79 0.52685546875 0.45937500000000003 0.0087890625 0.02375
84 0.536376953125 0.4596875 0.01025390625 0.024375
84 0.546875 0.4590625 0.009765625 0.024375
76 0.55615234375 0.4575 0.0087890625 0.02625
18 0.52490234375 0.458125 0.078125 0.03375
2 0.516357421875 0.2609375 0.34619140625 0.501875
