17 0.279541015625 0.12875 0.00732421875 0.00625
17 0.290771484375 0.1303125 0.01123046875 0.010625
17 0.2763671875 0.136875 0.01171875 0.00625
17 0.2880859375 0.14250000000000002 0.0107421875 0.01125
17 0.273681640625 0.1478125 0.01220703125 0.010625
17 0.27099609375 0.1578125 0.009765625 0.010625
11 0.360595703125 0.1709375 0.22216796875 0.106875
115 0.358642578125 0.3575 0.04541015625 0.0225
43 0.32861328125 0.3884375 0.0087890625 0.020625
81 0.337646484375 0.38906250000000003 0.00830078125 0.019375
84 0.359375 0.38906250000000003 0.0078125 0.019375
101 0.350341796875 0.389375 0.00830078125 0.02
79 0.368408203125 0.389375 0.00732421875 0.01875
79 0.376708984375 0.39 0.00634765625 0.02
73 0.385986328125 0.3896875 0.00927734375 0.020625
18 0.35693359375 0.38906250000000003 0.0703125 0.028125
1 0.35986328125 0.2390625 0.3076171875 0.411875
