43 0.593017578125 0.5421875 0.01123046875 0.023125
81 0.605224609375 0.541875 0.01025390625 0.02375
94 0.62158203125 0.540625 0.01171875 0.02375
79 0.633056640625 0.54 0.00927734375 0.02375
84 0.64453125 0.5390625 0.0107421875 0.021875000000000002
71 0.656494140625 0.538125 0.00439453125 0.02375
75 0.668212890625 0.536875 0.01025390625 0.02125
18 0.631591796875 0.539375 0.09130859375 0.03875
124 0.6279296875 0.4759375 0.0244140625 0.025625000000000002
17 0.5224609375 0.185625 0.0166015625 0.01125
17 0.51953125 0.19968750000000002 0.015625 0.013125
17 0.517578125 0.213125 0.013671875 0.01125
14 0.619384765625 0.2496875 0.00732421875 0.07062500000000001
11 0.62109375 0.24875 0.2578125 0.1675
11 0.61865234375 0.3271875 0.3798828125 0.545625
