43 0.2890625 0.5231250000000001 0.009765625 0.02125
81 0.2998046875 0.5231250000000001 0.0087890625 0.02125
99 0.31396484375 0.5234375 0.0078125 0.020625
79 0.32470703125 0.5231250000000001 0.0087890625 0.02
72 0.335205078125 0.5231250000000001 0.00732421875 0.02
105 0.345947265625 0.5225 0.00830078125 0.02125
77 0.35595703125 0.5225 0.0087890625 0.02125
111 0.322265625 0.475625 0.0224609375 0.0325
18 0.323486328125 0.521875 0.08154296875 0.03375
16 0.268310546875 0.31375000000000003 0.01513671875 0.01625
16 0.26318359375 0.3253125 0.0361328125 0.010625
15 0.421630859375 0.311875 0.02001953125 0.0175
17 0.23486328125 0.2484375 0.015625 0.014375
11 0.323486328125 0.28625 0.24169921875 0.12875
1 0.322998046875 0.354375 0.33154296875 0.46
