17 0.340087890625 0.08875 0.01318359375 0.01125
17 0.339111328125 0.104375 0.01416015625 0.01375
12 0.454833984375 0.0871875 0.05517578125 0.019375
11 0.408447265625 0.1225 0.18798828125 0.10375000000000001
134 0.4111328125 0.26875 0.025390625 0.0275
43 0.38427734375 0.3603125 0.009765625 0.020625
81 0.393310546875 0.3596875 0.00927734375 0.020625
78 0.405517578125 0.36 0.00927734375 0.02125
71 0.413818359375 0.3596875 0.00830078125 0.023125
79 0.432373046875 0.3596875 0.00927734375 0.021875000000000002
94 0.42333984375 0.359375 0.0107421875 0.0225
105 0.440673828125 0.359375 0.00830078125 0.0225
18 0.41259765625 0.359375 0.0693359375 0.025
3 0.4072265625 0.20125 0.2880859375 0.40125
