2 0.93603515625 0.0803125 0.126953125 0.163125
113 0.84521484375 0.4159375 0.0224609375 0.023125
43 0.8134765625 0.4553125 0.0087890625 0.020625
81 0.822998046875 0.4559375 0.00732421875 0.019375
98 0.83642578125 0.455625 0.0078125 0.01875
77 0.8466796875 0.455625 0.0078125 0.02
90 0.85595703125 0.455 0.0078125 0.02
72 0.865234375 0.4546875 0.0087890625 0.019375
80 0.875 0.45437500000000003 0.0078125 0.01875
18 0.84423828125 0.455 0.07421875 0.02875
14 0.80712890625 0.23125 0.021484375 0.025
17 0.7216796875 0.1909375 0.01171875 0.010625
17 0.719482421875 0.203125 0.01416015625 0.01
11 0.81591796875 0.24 0.2265625 0.13125
2 0.803955078125 0.306875 0.34423828125 0.45625
