53 0.758544921875 0.2984375 0.42919921875 0.591875
54 0.7568359375 0.21281250000000002 0.2890625 0.180625
59 0.648681640625 0.1403125 0.02294921875 0.011875
59 0.647216796875 0.1546875 0.02490234375 0.014375
71 0.75341796875 0.19875 0.021484375 0.09375
73 0.81982421875 0.1403125 0.0771484375 0.038125
0 0.780029296875 0.5275 0.09326171875 0.035
55 0.740478515625 0.52625 0.01513671875 0.03375
10 0.753662109375 0.528125 0.01025390625 0.03375
19 0.769775390625 0.5265625 0.01025390625 0.034375
20 0.782470703125 0.5271875 0.01025390625 0.031875
15 0.7939453125 0.528125 0.0126953125 0.03125
30 0.8056640625 0.5275 0.0107421875 0.0325
6 0.81884765625 0.5246875 0.0126953125 0.030625
83 0.777587890625 0.40875 0.02490234375 0.03375