17 0.800537109375 0.15156250000000002 0.01708984375 0.013125
17 0.821044921875 0.1509375 0.01708984375 0.013125
14 0.8974609375 0.2003125 0.0126953125 0.078125
15 0.877685546875 0.2353125 0.02197265625 0.031875
16 0.907958984375 0.2496875 0.03466796875 0.023125
11 0.87646484375 0.208125 0.24609375 0.17500000000000002
124 0.937744140625 0.473125 0.03857421875 0.0375
43 0.8994140625 0.5503125 0.0107421875 0.025625000000000002
81 0.9111328125 0.550625 0.009765625 0.025
80 0.939697265625 0.5490625 0.01025390625 0.024375
80 0.97607421875 0.5471875 0.0107421875 0.024375
88 0.95166015625 0.5490625 0.01171875 0.025625000000000002
88 0.96435546875 0.548125 0.0107421875 0.02625
72 0.92822265625 0.55 0.009765625 0.025
18 0.937255859375 0.5490625 0.09619140625 0.040625
2 0.84619140625 0.3034375 0.3046875 0.606875
