69 0.6253898939488459 0.29655172413793107 0.4959451029320025 0.5918495297805643
54 0.6101060511540861 0.2310344827586207 0.32813474734872117 0.1761755485893417
59 0.5003119151590767 0.16614420062695925 0.032439176543980035 0.018808777429467086
59 0.4856519026824704 0.18275862068965518 0.028072364316905803 0.015673981191222573
59 0.4840923268870867 0.2078369905956113 0.032439176543980035 0.0219435736677116
66 0.5421085464753587 0.2764890282131662 0.066126013724267 0.02633228840125392
66 0.6328758577666874 0.27053291536050156 0.06674984404242046 0.026959247648902823
0 0.6272613849033063 0.5269592476489029 0.11915159076731129 0.04075235109717869
55 0.5720524017467249 0.5300940438871473 0.018714909544603867 0.03322884012539185
3 0.5904553961322521 0.5307210031347963 0.020586400499064253 0.029467084639498434
26 0.6097941359950093 0.5288401253918495 0.015595757953836557 0.03072100313479624
6 0.6253898939488459 0.5316614420062696 0.011852776044915784 0.031347962382445145
6 0.639114160948222 0.5272727272727273 0.01684341859014348 0.03510971786833856
7 0.6553337492202121 0.5288401253918495 0.015595757953836557 0.03197492163009404
26 0.6712414223331253 0.5288401253918495 0.011228945726762321 0.03322884012539185
77 0.6175920149719276 0.4463949843260188 0.039925140361821584 0.028840125391849533