7 0.3994140625 0.39375 0.123046875 0.39
17 0.681396484375 0.0715625 0.01513671875 0.010625
17 0.681396484375 0.079375 0.01513671875 0.00875
11 0.754638671875 0.125 0.20654296875 0.12125
113 0.755126953125 0.2921875 0.02099609375 0.021875000000000002
43 0.724609375 0.349375 0.009765625 0.025
81 0.734375 0.349375 0.0087890625 0.025
79 0.7470703125 0.34875 0.0087890625 0.0225
85 0.756103515625 0.3490625 0.01025390625 0.023125
76 0.765625 0.3490625 0.0087890625 0.023125
78 0.783935546875 0.3490625 0.00830078125 0.024375
98 0.774658203125 0.349375 0.00927734375 0.025
18 0.754638671875 0.3490625 0.07275390625 0.029375000000000002
2 0.746826171875 0.19625 0.30908203125 0.3875
