17 0.1845703125 0.1434375 0.0185546875 0.014375
17 0.18115234375 0.1596875 0.0166015625 0.015625
11 0.2744140625 0.1921875 0.27734375 0.150625
111 0.260986328125 0.420625 0.02685546875 0.03375
43 0.224609375 0.476875 0.009765625 0.02625
81 0.235595703125 0.4771875 0.01025390625 0.026875
80 0.25146484375 0.4765625 0.01171875 0.024375
80 0.26318359375 0.4753125 0.01171875 0.021875000000000002
79 0.286865234375 0.4771875 0.01025390625 0.024375
104 0.275390625 0.4746875 0.0107421875 0.023125
105 0.297607421875 0.47500000000000003 0.01025390625 0.0275
18 0.26025390625 0.475625 0.0927734375 0.03875
1 0.276123046875 0.27625 0.38916015625 0.53
