1 0.28515625 0.34375 0.33984375 0.48
11 0.28515625 0.2515625 0.25 0.11812500000000001
17 0.187255859375 0.213125 0.01220703125 0.01375
17 0.20263671875 0.209375 0.0107421875 0.01375
17 0.216064453125 0.2103125 0.00830078125 0.015625
17 0.23291015625 0.21125 0.0146484375 0.01375
17 0.246337890625 0.209375 0.01220703125 0.01375
14 0.28564453125 0.2640625 0.0107421875 0.061875
126 0.281005859375 0.440625 0.01513671875 0.01375
18 0.282470703125 0.540625 0.08154296875 0.03625
43 0.248779296875 0.540625 0.01220703125 0.0325
81 0.259521484375 0.5409375 0.01220703125 0.025625000000000002
75 0.273681640625 0.54 0.01025390625 0.0275
79 0.284912109375 0.5390625 0.01220703125 0.025625000000000002
79 0.295654296875 0.5390625 0.00927734375 0.025625000000000002
79 0.31640625 0.5371875 0.0107421875 0.025625000000000002
84 0.3056640625 0.538125 0.0107421875 0.02375
