53 0.45947265625 0.2653125 0.388671875 0.481875
54 0.46142578125 0.1678125 0.2626953125 0.140625
59 0.372314453125 0.128125 0.01611328125 0.02
59 0.38818359375 0.12875 0.01171875 0.0225
59 0.403564453125 0.128125 0.01611328125 0.02375
66 0.47509765625 0.1953125 0.0380859375 0.028125
74 0.425048828125 0.2025 0.03662109375 0.0375
0 0.449951171875 0.4321875 0.07958984375 0.033125
27 0.416259765625 0.4321875 0.00927734375 0.029375000000000002
10 0.42724609375 0.4346875 0.01171875 0.028125
21 0.440673828125 0.435625 0.01123046875 0.02875
7 0.451416015625 0.4371875 0.01025390625 0.031875
10 0.46142578125 0.4365625 0.0087890625 0.020625
5 0.4697265625 0.4365625 0.0048828125 0.024375
6 0.47998046875 0.4371875 0.013671875 0.021875000000000002
62 0.447509765625 0.3859375 0.04052734375 0.046875