2 0.48046875 0.295 0.29296875 0.4275
178 0.48193359375 0.4084375 0.015625 0.018125
18 0.483154296875 0.4421875 0.07666015625 0.029375000000000002
11 0.475830078125 0.2209375 0.21630859375 0.109375
17 0.39453125 0.1778125 0.013671875 0.011875
17 0.390380859375 0.18937500000000002 0.01025390625 0.01125
17 0.385986328125 0.2009375 0.01416015625 0.009375
14 0.47607421875 0.214375 0.015625 0.04
12 0.529541015625 0.185625 0.06103515625 0.025
43 0.45361328125 0.441875 0.0087890625 0.02375
81 0.462646484375 0.44125000000000003 0.00927734375 0.02625
80 0.476318359375 0.441875 0.00830078125 0.02125
71 0.485595703125 0.441875 0.01025390625 0.025
78 0.494873046875 0.4415625 0.00830078125 0.024375
74 0.503662109375 0.4403125 0.01123046875 0.025625000000000002
77 0.514404296875 0.4421875 0.01025390625 0.024375
