17 0.45263671875 0.154375 0.013671875 0.0125
17 0.45068359375 0.166875 0.0126953125 0.01
17 0.447509765625 0.179375 0.01318359375 0.01125
14 0.545166015625 0.2021875 0.00927734375 0.068125
11 0.547607421875 0.20625000000000002 0.24853515625 0.1325
111 0.550048828125 0.433125 0.02783203125 0.035
43 0.51513671875 0.48375 0.01171875 0.02625
81 0.526611328125 0.483125 0.01123046875 0.0275
90 0.542724609375 0.483125 0.01123046875 0.02875
80 0.5537109375 0.48281250000000003 0.0126953125 0.029375000000000002
106 0.565673828125 0.481875 0.01220703125 0.02875
78 0.576904296875 0.481875 0.01025390625 0.02875
72 0.58935546875 0.4825 0.0126953125 0.02875
18 0.552734375 0.4821875 0.0888671875 0.030625
1 0.54931640625 0.285625 0.3583984375 0.50375
