17 0.166015625 0.2096875 0.013671875 0.014375
17 0.1826171875 0.21 0.0146484375 0.0125
17 0.16357421875 0.228125 0.0185546875 0.01875
17 0.180419921875 0.225 0.01513671875 0.015
17 0.177490234375 0.2378125 0.01416015625 0.013125
17 0.160400390625 0.245 0.01513671875 0.01375
17 0.158203125 0.2584375 0.0146484375 0.013125
15 0.341552734375 0.2940625 0.02978515625 0.028125
11 0.258544921875 0.26375 0.23779296875 0.15
127 0.263671875 0.4678125 0.03515625 0.035625000000000004
43 0.23193359375 0.5209375 0.009765625 0.023125
81 0.241943359375 0.520625 0.00927734375 0.02125
98 0.25634765625 0.5196875 0.009765625 0.021875000000000002
79 0.26708984375 0.5196875 0.0087890625 0.021875000000000002
76 0.287841796875 0.5190625 0.00830078125 0.023125
76 0.29833984375 0.5178125 0.009765625 0.021875000000000002
104 0.278076171875 0.51875 0.00927734375 0.02125
18 0.265380859375 0.5209375 0.08154296875 0.035625000000000004
2 0.2578125 0.3271875 0.3369140625 0.531875
