17 0.36474609375 0.1909375 0.015625 0.011875
16 0.379638671875 0.2696875 0.04931640625 0.016875
11 0.4375 0.2325 0.2275390625 0.12875
112 0.4443359375 0.4215625 0.025390625 0.026875
43 0.413818359375 0.464375 0.00927734375 0.02125
81 0.42431640625 0.465 0.0087890625 0.02125
83 0.43701171875 0.465 0.009765625 0.02
83 0.466064453125 0.46375 0.00927734375 0.0225
78 0.44580078125 0.46375 0.0087890625 0.02125
71 0.45654296875 0.464375 0.005859375 0.02125
75 0.4755859375 0.4634375 0.009765625 0.021875000000000002
18 0.445068359375 0.46375 0.07861328125 0.03375
1 0.438720703125 0.3096875 0.32568359375 0.42562500000000003
134 0.930908203125 0.0159375 0.02392578125 0.021875000000000002
43 0.909423828125 0.055 0.00732421875 0.01625
81 0.916259765625 0.055625 0.00537109375 0.01625
75 0.92578125 0.054375 0.005859375 0.015
75 0.94775390625 0.054375 0.005859375 0.01625
71 0.93310546875 0.055 0.00390625 0.0175
102 0.940185546875 0.0546875 0.00732421875 0.016875
101 0.954833984375 0.05375 0.00634765625 0.015
18 0.931884765625 0.054375 0.05712890625 0.025
3 0.88525390625 0.066875 0.228515625 0.13375
5 0.497802734375 0.785 0.99462890625 0.34875
