52 0.729248046875 0.28 0.40380859375 0.53625
54 0.734130859375 0.183125 0.29833984375 0.14
59 0.62841796875 0.1428125 0.0224609375 0.015625
66 0.64501953125 0.2259375 0.05078125 0.034375
0 0.742919921875 0.4890625 0.08837890625 0.039375
55 0.705322265625 0.48875 0.01318359375 0.0425
10 0.718017578125 0.48625 0.01708984375 0.0375
26 0.734130859375 0.48375 0.00927734375 0.0325
15 0.74609375 0.486875 0.01171875 0.0325
9 0.7587890625 0.48562500000000003 0.0107421875 0.0325
14 0.768798828125 0.48875 0.00927734375 0.03625
14 0.7802734375 0.48562500000000003 0.0107421875 0.0325
93 0.74072265625 0.42875 0.0361328125 0.0325