11 0.527587890625 0.18625 0.27392578125 0.15125
181 0.5302734375 0.383125 0.029296875 0.01625
43 0.49365234375 0.46125 0.0107421875 0.0275
81 0.50537109375 0.4609375 0.009765625 0.023125
71 0.52197265625 0.4609375 0.0068359375 0.024375
77 0.544677734375 0.46125 0.01025390625 0.025
72 0.569091796875 0.4609375 0.01025390625 0.023125
97 0.533203125 0.46125 0.01171875 0.025
83 0.556640625 0.460625 0.009765625 0.02375
18 0.530517578125 0.46125 0.09130859375 0.035
2 0.5263671875 0.2696875 0.3828125 0.539375
