52 0.497802734375 0.26156250000000003 0.34814453125 0.435625
54 0.494873046875 0.1934375 0.23388671875 0.121875
59 0.419189453125 0.1459375 0.01416015625 0.013125
59 0.4052734375 0.1509375 0.0107421875 0.011875
59 0.43603515625 0.14625 0.0185546875 0.0125
59 0.453125 0.145625 0.0146484375 0.01875
71 0.492919921875 0.1846875 0.00634765625 0.060625
0 0.488525390625 0.4340625 0.07373046875 0.031875
55 0.456787109375 0.43625 0.00927734375 0.02375
10 0.467041015625 0.435625 0.01123046875 0.025
12 0.480712890625 0.436875 0.01123046875 0.025
11 0.489990234375 0.4378125 0.00830078125 0.029375000000000002
18 0.500732421875 0.43593750000000003 0.01025390625 0.026875
15 0.510009765625 0.43593750000000003 0.00830078125 0.028125
5 0.51904296875 0.4346875 0.0126953125 0.024375
120 0.489990234375 0.3871875 0.01806640625 0.025625000000000002