17 0.114013671875 0.2103125 0.01611328125 0.019375
17 0.107421875 0.2259375 0.01171875 0.010625
17 0.10986328125 0.241875 0.0146484375 0.02
14 0.23974609375 0.224375 0.0146484375 0.0525
15 0.269287109375 0.3078125 0.04345703125 0.026875
16 0.125 0.2884375 0.013671875 0.035625000000000004
16 0.149658203125 0.306875 0.03759765625 0.02125
16 0.1416015625 0.32375 0.0205078125 0.01375
16 0.17919921875 0.3103125 0.021484375 0.034375
16 0.21484375 0.3146875 0.044921875 0.018125
16 0.25537109375 0.291875 0.0390625 0.02375
16 0.2978515625 0.2975 0.033203125 0.03375
11 0.243896484375 0.27968750000000003 0.32470703125 0.228125
142 0.24609375 0.475625 0.0263671875 0.0325
43 0.214111328125 0.5453125 0.01123046875 0.020625
81 0.224609375 0.5453125 0.0087890625 0.021875000000000002
101 0.239501953125 0.545 0.01123046875 0.0225
102 0.270751953125 0.5440625 0.00927734375 0.021875000000000002
73 0.249755859375 0.545 0.00927734375 0.0225
71 0.25927734375 0.544375 0.0078125 0.02
79 0.28125 0.5437500000000001 0.009765625 0.02125
18 0.246337890625 0.5437500000000001 0.08447265625 0.03125
6 0.2509765625 0.3025 0.501953125 0.605
