52 0.5263671875 0.309375 0.3583984375 0.47000000000000003
54 0.525390625 0.229375 0.240234375 0.13125
0 0.53369140625 0.5075000000000001 0.0751953125 0.02875
55 0.5 0.509375 0.01171875 0.03375
10 0.51220703125 0.50875 0.0107421875 0.03125
20 0.525146484375 0.5084375 0.01123046875 0.030625
34 0.535888671875 0.5084375 0.01025390625 0.031875
8 0.546142578125 0.5090625 0.00927734375 0.031875
5 0.55615234375 0.5084375 0.009765625 0.031875
8 0.567626953125 0.5096875 0.00927734375 0.033125
63 0.53369140625 0.4134375 0.037109375 0.046875