17 0.712646484375 0.03875 0.01318359375 0.01
17 0.711181640625 0.049375 0.01220703125 0.01
11 0.80029296875 0.0890625 0.2265625 0.149375
142 0.809326171875 0.2684375 0.01708984375 0.015625
43 0.781494140625 0.306875 0.00830078125 0.02125
81 0.790771484375 0.308125 0.00830078125 0.02125
81 0.8212890625 0.3075 0.0068359375 0.02
74 0.8125 0.3071875 0.0078125 0.020625
74 0.829833984375 0.306875 0.00732421875 0.02
72 0.838623046875 0.30625 0.00830078125 0.01875
78 0.803466796875 0.3071875 0.00927734375 0.019375
18 0.81005859375 0.306875 0.0703125 0.02875
3 0.7900390625 0.194375 0.302734375 0.38875
