17 0.506103515625 0.9478125000000001 0.02392578125 0.018125
17 0.533935546875 0.9475 0.02294921875 0.02
11 0.638916015625 0.9315625000000001 0.32568359375 0.056875
2 0.584716796875 0.839375 0.45849609375 0.24125
17 0.402587890625 0.0746875 0.01220703125 0.008125
15 0.393798828125 0.1521875 0.03466796875 0.014375
16 0.465576171875 0.1465625 0.01123046875 0.015625
11 0.454833984375 0.115625 0.21435546875 0.115
114 0.456787109375 0.279375 0.02392578125 0.02125
43 0.42919921875 0.3309375 0.0087890625 0.018125
81 0.437255859375 0.3309375 0.00732421875 0.018125
81 0.47607421875 0.330625 0.0068359375 0.0175
80 0.45849609375 0.3309375 0.0068359375 0.016875
75 0.468017578125 0.3309375 0.00830078125 0.016875
73 0.484130859375 0.33125 0.00927734375 0.0225
100 0.44921875 0.3309375 0.0068359375 0.018125
18 0.456298828125 0.33187500000000003 0.06884765625 0.03
1 0.45556640625 0.1875 0.30078125 0.375
