111 0.42432581177765544 0.36534839924670437 0.0275178866263071 0.031387319522912745
24 0.3896532746285085 0.41337099811676087 0.007705008255365988 0.019460138104205903
99 0.40093560814529444 0.4124293785310735 0.009356081452944413 0.018832391713747648
86 0.4160704457897633 0.4124293785310735 0.007705008255365988 0.020087884494664157
73 0.42735277930654925 0.41211550533584435 0.00825536598789213 0.019460138104205903
97 0.43835993395707207 0.4124293785310735 0.009356081452944413 0.018832391713747648
72 0.44936708860759494 0.4124293785310735 0.00825536598789213 0.018832391713747648
71 0.4600990643918547 0.4118016321406152 0.004402861860209136 0.020087884494664157
18 0.42460099064391854 0.4124293785310735 0.0864061640066043 0.032642812303829254
16 0.3574573472757292 0.2046453232893911 0.03907539900935608 0.010043942247332079
17 0.3156301596037424 0.1531701192718142 0.012658227848101266 0.00878844946641557
17 0.31260319207484866 0.16635279347143755 0.013208585580627407 0.011299435028248588
11 0.4201981287837094 0.17451349654739487 0.26141992294991745 0.12052730696798494
1 0.4204733076499725 0.24513496547394853 0.372041827187672 0.421217827997489
