52 0.5478515625 0.2175 0.3251953125 0.41125
54 0.54052734375 0.1484375 0.2216796875 0.114375
59 0.4638671875 0.1053125 0.013671875 0.013125
59 0.47900390625 0.1046875 0.0185546875 0.014375
59 0.461181640625 0.114375 0.01513671875 0.01
59 0.476318359375 0.115 0.01513671875 0.01125
59 0.477294921875 0.1259375 0.01904296875 0.013125
59 0.460205078125 0.1259375 0.01708984375 0.008125
59 0.460693359375 0.135625 0.01416015625 0.01375
59 0.459228515625 0.1471875 0.01904296875 0.011875
71 0.52587890625 0.1440625 0.0087890625 0.054375
74 0.533935546875 0.1840625 0.03955078125 0.018125
0 0.552490234375 0.36843750000000003 0.07275390625 0.025625000000000002
55 0.522705078125 0.36843750000000003 0.01123046875 0.028125
10 0.5322265625 0.3678125 0.005859375 0.026875
10 0.54345703125 0.3696875 0.0078125 0.025625000000000002
7 0.552001953125 0.3715625 0.00732421875 0.024375
14 0.56103515625 0.3690625 0.0087890625 0.024375
19 0.570068359375 0.3671875 0.01123046875 0.023125
5 0.580810546875 0.3678125 0.01025390625 0.021875000000000002
94 0.551025390625 0.3290625 0.02685546875 0.019375