52 0.70361328125 0.299375 0.3466796875 0.41500000000000004
54 0.71142578125 0.2190625 0.2236328125 0.131875
59 0.621337890625 0.18125 0.01318359375 0.0125
59 0.61962890625 0.1928125 0.0146484375 0.011875
59 0.637451171875 0.1821875 0.01220703125 0.015625
59 0.638427734375 0.19593750000000001 0.01806640625 0.011875
0 0.73486328125 0.45437500000000003 0.0732421875 0.0275
55 0.704345703125 0.45437500000000003 0.01123046875 0.02875
10 0.7138671875 0.455625 0.009765625 0.02625
30 0.7275390625 0.4525 0.01171875 0.02375
34 0.7373046875 0.45406250000000004 0.0087890625 0.023125
15 0.74658203125 0.4553125 0.0078125 0.025625000000000002
5 0.755859375 0.4546875 0.0068359375 0.026875
8 0.76513671875 0.453125 0.0126953125 0.025
93 0.73486328125 0.39687500000000003 0.02734375 0.0275
66 0.6591796875 0.26125 0.0283203125 0.02125