122 0.5178658835046501 0.40546927751519246 0.033284385707293196 0.015530047265361243
43 0.48678414096916306 0.4686022957461175 0.008321096426823299 0.020256583389601623
81 0.49657366617719045 0.4686022957461175 0.008321096426823299 0.020256583389601623
106 0.5107684777288302 0.46893990546927755 0.009300048947626042 0.022282241728561785
78 0.521047479197259 0.4686022957461175 0.007342143906020559 0.020256583389601623
77 0.5308370044052864 0.4682646860229575 0.008321096426823299 0.020931802835921675
77 0.5511502692119433 0.4692775151924376 0.00783162016642193 0.02160702228224173
80 0.5416054821341165 0.46893990546927755 0.007342143906020559 0.020931802835921675
18 0.5186000978952521 0.46893990546927755 0.07684777288301518 0.03308575286968265
15 0.4092021536955458 0.18332207967589467 0.033284385707293196 0.02363268062120189
17 0.4356338717572198 0.07292370020256583 0.011747430249632894 0.013504388926401082
17 0.42168379833578074 0.07326130992572587 0.013215859030837006 0.015530047265361243
17 0.4045521292217328 0.07933828494260635 0.009300048947626042 0.010128291694800812
17 0.40332843857072936 0.0911546252532073 0.013705335291238376 0.013504388926401082
17 0.4211943220753794 0.0911546252532073 0.013215859030837006 0.013504388926401082
17 0.402838962310328 0.10904794058068873 0.011747430249632894 0.014179608372721135
17 0.4180127263827705 0.10871033085752871 0.011747430249632894 0.012153950033760973
17 0.40210474791972595 0.1272788656313302 0.010279001468428781 0.012829169480081027
13 0.5947136563876653 0.07292370020256583 0.018600097895252084 0.01485482781904119
11 0.520313264806657 0.1434841323430115 0.2995594713656388 0.1910871033085753
3 0.5225159079784631 0.2559081701553005 0.3969652471855115 0.5172180958811614
