17 0.52587890625 0.136875 0.015625 0.01125
17 0.5205078125 0.15031250000000002 0.0126953125 0.011875
11 0.598876953125 0.178125 0.22412109375 0.12
177 0.603759765625 0.386875 0.03173828125 0.02125
43 0.574462890625 0.4353125 0.00830078125 0.019375
81 0.583740234375 0.43625 0.00830078125 0.02
85 0.615966796875 0.43625 0.00927734375 0.01875
82 0.63330078125 0.4353125 0.0078125 0.019375
72 0.5966796875 0.43625 0.0087890625 0.02
77 0.60546875 0.43593750000000003 0.0078125 0.019375
79 0.624755859375 0.43625 0.00830078125 0.01875
18 0.604248046875 0.4353125 0.07177734375 0.029375000000000002
1 0.602783203125 0.2621875 0.32470703125 0.420625
