17 0.39599609375 0.170625 0.013671875 0.01375
17 0.412841796875 0.1678125 0.01416015625 0.014375
17 0.410400390625 0.18125 0.01611328125 0.0125
14 0.48388671875 0.2078125 0.0107421875 0.066875
11 0.483642578125 0.211875 0.24365234375 0.1225
177 0.490478515625 0.435625 0.03173828125 0.02125
43 0.458251953125 0.48781250000000004 0.00927734375 0.021875000000000002
81 0.46826171875 0.4896875 0.0087890625 0.020625
97 0.482421875 0.4890625 0.009765625 0.023125
75 0.492431640625 0.48875 0.01025390625 0.02125
73 0.52197265625 0.4890625 0.0087890625 0.020625
80 0.502685546875 0.48875 0.00927734375 0.02125
86 0.5126953125 0.489375 0.009765625 0.02125
18 0.489990234375 0.48812500000000003 0.07958984375 0.035
1 0.485107421875 0.29875 0.34716796875 0.45
