17 0.3603515625 0.089375 0.0166015625 0.015
17 0.37744140625 0.08875 0.0166015625 0.015
14 0.451904296875 0.1375 0.01513671875 0.08
11 0.454833984375 0.1471875 0.27392578125 0.163125
127 0.456787109375 0.3903125 0.03173828125 0.034375
43 0.41943359375 0.46218750000000003 0.0087890625 0.023125
81 0.431396484375 0.4615625 0.01123046875 0.025625000000000002
80 0.45849609375 0.4625 0.0107421875 0.02125
77 0.44677734375 0.4615625 0.009765625 0.024375
79 0.493408203125 0.463125 0.01025390625 0.0225
98 0.4697265625 0.463125 0.01171875 0.02375
104 0.481689453125 0.46218750000000003 0.00927734375 0.024375
18 0.45703125 0.4628125 0.0908203125 0.036875
2 0.4560546875 0.2621875 0.3916015625 0.524375
