69 0.30805892547660313 0.2667501565435191 0.5797227036395147 0.5284909204758923
54 0.29766031195840553 0.21728240450845335 0.4150779896013865 0.1515341264871634
59 0.1451473136915078 0.16938008766437068 0.033795493934142114 0.010644959298685034
59 0.17027729636048525 0.1831559173450219 0.026863084922010397 0.013149655604257984
59 0.14601386481802425 0.19943644333124608 0.030329289428076254 0.013149655604257984
59 0.14471403812824957 0.22135253600500937 0.04506065857885615 0.021916092673763304
0 0.31109185441941073 0.486850344395742 0.14731369150779894 0.036944270507201
55 0.25043327556325823 0.48747651847213525 0.019064124783362217 0.038196618659987476
10 0.2690641247833622 0.48465873512836566 0.02166377816291161 0.04132748904195366
9 0.29506065857885616 0.48465873512836566 0.018197573656845753 0.04132748904195366
19 0.31412478336221833 0.48497182216656226 0.012998266897746967 0.0419536631183469
8 0.3310225303292894 0.4859110832811521 0.01386481802426343 0.038822792736380715
6 0.34878682842287695 0.486850344395742 0.01993067590987868 0.0319348778960551
26 0.36871750433275563 0.4887288666249217 0.01993067590987868 0.029430181590482152