1 0.4091796875 0.36 0.294921875 0.4575
111 0.40673828125 0.48625 0.0224609375 0.0325
11 0.409423828125 0.2915625 0.23681640625 0.116875
18 0.407470703125 0.5346875 0.07763671875 0.030625
17 0.329833984375 0.245625 0.01318359375 0.01375
17 0.345947265625 0.24375 0.01611328125 0.0175
15 0.3505859375 0.3121875 0.041015625 0.038125
43 0.374267578125 0.5334375 0.01123046875 0.024375
81 0.38427734375 0.5334375 0.0087890625 0.024375
83 0.39892578125 0.5334375 0.009765625 0.024375
75 0.409423828125 0.5340625 0.01123046875 0.025625000000000002
79 0.420166015625 0.5325 0.01025390625 0.02625
86 0.43017578125 0.5346875 0.009765625 0.024375
71 0.440185546875 0.5337500000000001 0.00830078125 0.02875
