52 0.6611328125 0.28 0.353515625 0.44
54 0.661865234375 0.215625 0.23681640625 0.13
59 0.56884765625 0.171875 0.0185546875 0.00875
59 0.5673828125 0.1859375 0.0185546875 0.011875
59 0.56884765625 0.2021875 0.0244140625 0.020625
0 0.67041015625 0.4690625 0.0830078125 0.038125
55 0.633544921875 0.46968750000000004 0.01220703125 0.039375
10 0.64501953125 0.470625 0.0107421875 0.0375
17 0.658935546875 0.4690625 0.00927734375 0.034375
11 0.66845703125 0.4709375 0.009765625 0.034375
13 0.67919921875 0.4690625 0.009765625 0.034375
8 0.689697265625 0.47000000000000003 0.00927734375 0.03625
5 0.701416015625 0.468125 0.01611328125 0.03625
90 0.668701171875 0.4115625 0.03076171875 0.039375