52 0.765869140625 0.289375 0.35205078125 0.47125
54 0.76416015625 0.2146875 0.2392578125 0.11937500000000001
59 0.67822265625 0.17875 0.025390625 0.01
59 0.674072265625 0.196875 0.01513671875 0.01625
66 0.716552734375 0.246875 0.03857421875 0.02375
0 0.784423828125 0.46375 0.07373046875 0.03
55 0.753662109375 0.46625 0.01123046875 0.03125
10 0.76318359375 0.4690625 0.0087890625 0.030625
21 0.77587890625 0.46625 0.01171875 0.0275
16 0.7861328125 0.465625 0.0107421875 0.03
10 0.796630859375 0.46468750000000003 0.01025390625 0.026875
20 0.805419921875 0.465 0.00537109375 0.02875
20 0.81689453125 0.465 0.0126953125 0.03
80 0.781982421875 0.3909375 0.02392578125 0.023125