52 0.67919921875 0.308125 0.3671875 0.535
54 0.670166015625 0.2190625 0.25439453125 0.163125
59 0.57373046875 0.17875 0.015625 0.02375
59 0.59130859375 0.18 0.015625 0.02375
73 0.727783203125 0.168125 0.07373046875 0.0225
0 0.68505859375 0.5075000000000001 0.09375 0.0325
55 0.644287109375 0.509375 0.01220703125 0.03375
10 0.655517578125 0.5103125000000001 0.01416015625 0.035625000000000004
13 0.67529296875 0.5075000000000001 0.009765625 0.0325
14 0.68505859375 0.5096875 0.009765625 0.030625
8 0.697509765625 0.5075000000000001 0.01318359375 0.03
36 0.710205078125 0.5109375 0.01220703125 0.036875
8 0.722900390625 0.5053125 0.01123046875 0.030625
103 0.682861328125 0.45 0.05126953125 0.0325