53 0.5073649754500817 0.2674335010783609 0.3720676486633933 0.5319913731128685
54 0.5065466448445172 0.15348670021567218 0.2624113475177305 0.16606757728253055
59 0.41543917075831965 0.11286843997124371 0.02127659574468085 0.011502516175413372
59 0.4138025095471904 0.12904385334291876 0.018003273322422256 0.015097052480230052
0 0.5051827605019094 0.42092020129403307 0.0818330605564648 0.038102084831056794
55 0.4699945444626295 0.4216391085549964 0.01254773595199127 0.039539899352983465
10 0.48226950354609927 0.4205607476635514 0.009819967266775777 0.03882099209202013
11 0.49672667757774136 0.4194823867721064 0.010365521003818875 0.03666427030913012
26 0.5065466448445172 0.42127965492451475 0.009274413529732678 0.040258806613946804
33 0.5196399345335515 0.42127965492451475 0.009274413529732678 0.03738317757009346
34 0.5280960174577195 0.42127965492451475 0.00872885979268958 0.03882099209202013
6 0.5395526459356246 0.42092020129403307 0.013093289689034369 0.038102084831056794
60 0.5032733224222585 0.37203450754852624 0.03327877795962902 0.039539899352983465