1 0.4482421875 0.32 0.306640625 0.4375
112 0.4384765625 0.44656250000000003 0.0205078125 0.029375000000000002
18 0.437744140625 0.5025000000000001 0.08056640625 0.03
11 0.44384765625 0.239375 0.228515625 0.1075
17 0.358154296875 0.2053125 0.00927734375 0.013125
17 0.370849609375 0.2053125 0.01416015625 0.013125
43 0.406494140625 0.5015625 0.00927734375 0.023125
81 0.41650390625 0.5021875 0.0107421875 0.026875
90 0.4296875 0.5015625 0.0087890625 0.028125
105 0.440185546875 0.5015625 0.01025390625 0.025625000000000002
77 0.4501953125 0.5015625 0.009765625 0.028125
72 0.460205078125 0.5028125 0.01025390625 0.028125
71 0.470458984375 0.5021875 0.00830078125 0.024375
14 0.444091796875 0.2340625 0.01416015625 0.055625
