53 0.426025390625 0.2665625 0.39990234375 0.534375
54 0.42822265625 0.153125 0.2998046875 0.18125
59 0.328369140625 0.0925 0.02197265625 0.02
59 0.351318359375 0.0928125 0.02490234375 0.015625
73 0.492919921875 0.095 0.08056640625 0.0175
0 0.42236328125 0.458125 0.09375 0.035
55 0.38232421875 0.460625 0.0126953125 0.0325
10 0.397216796875 0.45875 0.00830078125 0.0325
34 0.41357421875 0.45937500000000003 0.0126953125 0.03125
2 0.42333984375 0.4596875 0.01171875 0.030625
26 0.437255859375 0.4596875 0.00927734375 0.028125
15 0.44775390625 0.4603125 0.0107421875 0.033125
26 0.4580078125 0.45937500000000003 0.01171875 0.03125
125 0.423095703125 0.348125 0.03466796875 0.0175