14 0.495361328125 0.1559375 0.01123046875 0.059375000000000004
14 0.493408203125 0.1559375 0.25732421875 0.140625
113 0.48974609375 0.40125 0.0283203125 0.03
43 0.452392578125 0.45937500000000003 0.01025390625 0.02625
81 0.4638671875 0.46125 0.0107421875 0.0275
79 0.480224609375 0.46 0.01123046875 0.025
79 0.526123046875 0.4603125 0.01025390625 0.025625000000000002
94 0.491943359375 0.46 0.01220703125 0.0275
80 0.503173828125 0.46 0.01025390625 0.03
82 0.514404296875 0.460625 0.01025390625 0.02875
18 0.490478515625 0.460625 0.08837890625 0.03875
1 0.494140625 0.2525 0.3857421875 0.5025000000000001
