52 0.401123046875 0.2753125 0.38916015625 0.506875
54 0.398193359375 0.185625 0.27685546875 0.13375
73 0.340576171875 0.1521875 0.07177734375 0.016875
0 0.39794921875 0.4684375 0.091796875 0.036875
55 0.3583984375 0.47000000000000003 0.013671875 0.0375
10 0.372802734375 0.470625 0.01220703125 0.03375
6 0.389404296875 0.46968750000000004 0.00830078125 0.033125
39 0.399169921875 0.4709375 0.01123046875 0.031875
35 0.411376953125 0.46968750000000004 0.01123046875 0.030625
5 0.4228515625 0.4690625 0.0107421875 0.033125
8 0.43408203125 0.46968750000000004 0.01171875 0.031875
101 0.39697265625 0.3975 0.0224609375 0.025
74 0.396728515625 0.2325 0.03369140625 0.025
74 0.3564453125 0.225 0.0087890625 0.01625
74 0.347900390625 0.2265625 0.00732421875 0.019375
74 0.337646484375 0.2259375 0.00732421875 0.015625
74 0.32666015625 0.22625 0.0078125 0.01375
74 0.315185546875 0.2253125 0.00830078125 0.014375
74 0.3056640625 0.2246875 0.0087890625 0.015625