3 0.541015625 0.27 0.27734375 0.5425
134 0.541748046875 0.3825 0.02294921875 0.02375
11 0.541259765625 0.20875 0.24462890625 0.12375
17 0.440185546875 0.1821875 0.01220703125 0.013125
17 0.436279296875 0.2134375 0.01416015625 0.016875
17 0.434326171875 0.23093750000000002 0.01220703125 0.015625
17 0.433349609375 0.2496875 0.01220703125 0.014375
15 0.62548828125 0.2553125 0.0361328125 0.020625
18 0.54443359375 0.5075000000000001 0.0751953125 0.0325
43 0.51220703125 0.5053125 0.0087890625 0.025625000000000002
81 0.520751953125 0.5053125 0.01025390625 0.023125
80 0.535400390625 0.5053125 0.01123046875 0.023125
101 0.544921875 0.5040625 0.009765625 0.023125
80 0.555908203125 0.5046875 0.01025390625 0.024375
80 0.5751953125 0.5059375 0.009765625 0.024375
76 0.566650390625 0.5040625 0.01123046875 0.023125
