17 0.3388671875 0.1653125 0.013671875 0.009375
17 0.336669921875 0.1790625 0.01318359375 0.011875
14 0.418701171875 0.1871875 0.00634765625 0.034375
15 0.34765625 0.2353125 0.03515625 0.019375
11 0.419921875 0.2009375 0.21875 0.131875
113 0.422119140625 0.3696875 0.02099609375 0.023125
43 0.3935546875 0.413125 0.0087890625 0.01875
81 0.403076171875 0.41250000000000003 0.00830078125 0.01875
80 0.41552734375 0.413125 0.0078125 0.01875
91 0.424072265625 0.41375 0.01123046875 0.02125
74 0.433837890625 0.41375 0.00830078125 0.0225
71 0.443115234375 0.4121875 0.00732421875 0.020625
72 0.45166015625 0.4134375 0.0087890625 0.019375
18 0.4228515625 0.4140625 0.0712890625 0.029375000000000002
1 0.418701171875 0.2596875 0.30126953125 0.388125
