17 0.371337890625 0.1325 0.01416015625 0.01125
17 0.3701171875 0.145625 0.0146484375 0.0125
14 0.45068359375 0.1396875 0.0078125 0.056875
16 0.36474609375 0.19062500000000002 0.0068359375 0.0175
16 0.373291015625 0.1934375 0.00732421875 0.016875
16 0.386962890625 0.195 0.00830078125 0.0175
16 0.40087890625 0.19593750000000001 0.009765625 0.016875
16 0.41259765625 0.196875 0.009765625 0.02125
11 0.452880859375 0.15937500000000002 0.21044921875 0.1225
43 0.43115234375 0.38625 0.009765625 0.02
81 0.439453125 0.38656250000000003 0.0078125 0.019375
84 0.45263671875 0.38656250000000003 0.0078125 0.019375
80 0.48828125 0.3859375 0.0078125 0.018125
74 0.4619140625 0.38625 0.0087890625 0.02
74 0.47119140625 0.38625 0.0087890625 0.02
79 0.4794921875 0.385 0.0078125 0.01875
18 0.459716796875 0.385 0.06982421875 0.0275
1 0.449951171875 0.21281250000000002 0.29931640625 0.414375
43 0.82373046875 0.030625 0.0068359375 0.015
81 0.830322265625 0.03125 0.00634765625 0.015
80 0.83935546875 0.0309375 0.0068359375 0.015625
91 0.845947265625 0.0309375 0.00634765625 0.016875
74 0.853271484375 0.0303125 0.00634765625 0.015625
71 0.860107421875 0.0303125 0.00439453125 0.016875
72 0.866455078125 0.0303125 0.00732421875 0.015625
18 0.8447265625 0.0309375 0.0537109375 0.021875000000000002
113 0.84423828125 0.0034375 0.015625 0.006875
2 0.82568359375 0.034375 0.220703125 0.06875
