3 0.6005859375 0.2525 0.275390625 0.4975
134 0.598876953125 0.3621875 0.03173828125 0.030625
7 0.224365234375 0.116875 0.08935546875 0.23875000000000002
11 0.5966796875 0.1821875 0.2314453125 0.113125
14 0.593505859375 0.1771875 0.01416015625 0.064375
17 0.498291015625 0.16468750000000001 0.01318359375 0.019375
17 0.502685546875 0.1453125 0.01318359375 0.016875
17 0.517822265625 0.1465625 0.01220703125 0.016875
18 0.598388671875 0.42031250000000003 0.07470703125 0.028125
43 0.567626953125 0.4196875 0.01123046875 0.024375
81 0.577392578125 0.4209375 0.01123046875 0.026875
87 0.6103515625 0.41875 0.0087890625 0.0225
105 0.6201171875 0.4196875 0.0087890625 0.024375
73 0.5908203125 0.4196875 0.0087890625 0.024375
77 0.6005859375 0.41875 0.0087890625 0.0225
75 0.629638671875 0.4196875 0.00732421875 0.024375
