52 0.65087890625 0.27718750000000003 0.375 0.524375
51 0.379638671875 0.0546875 0.09033203125 0.106875
54 0.642333984375 0.185 0.26904296875 0.14250000000000002
59 0.548095703125 0.14875 0.02783203125 0.01875
59 0.544189453125 0.1665625 0.02587890625 0.009375
59 0.544677734375 0.183125 0.02490234375 0.01875
66 0.743896484375 0.2190625 0.05419921875 0.035625000000000004
0 0.648193359375 0.49593750000000003 0.09619140625 0.035625000000000004
55 0.608642578125 0.4975 0.01220703125 0.035
35 0.621337890625 0.499375 0.01318359375 0.03125
4 0.635986328125 0.49875 0.01611328125 0.02625
8 0.649658203125 0.499375 0.01123046875 0.0275
20 0.659912109375 0.500625 0.00830078125 0.03375
20 0.67236328125 0.49843750000000003 0.0126953125 0.026875
26 0.683837890625 0.49625 0.00732421875 0.03
103 0.64453125 0.41500000000000004 0.048828125 0.0425