134 0.92333984375 0.4603125 0.029296875 0.033125
43 0.893798828125 0.524375 0.00830078125 0.02125
81 0.903076171875 0.5240625 0.00634765625 0.018125
76 0.91748046875 0.52375 0.0087890625 0.0175
104 0.92822265625 0.524375 0.0078125 0.01875
105 0.938232421875 0.5234375 0.00830078125 0.018125
80 0.947998046875 0.5231250000000001 0.00830078125 0.01875
75 0.958984375 0.5234375 0.0087890625 0.019375
18 0.926513671875 0.52375 0.07666015625 0.0275
17 0.807373046875 0.231875 0.00927734375 0.00875
17 0.820556640625 0.233125 0.01318359375 0.01375
17 0.805419921875 0.243125 0.01318359375 0.01375
17 0.805908203125 0.260625 0.01513671875 0.015
11 0.89111328125 0.2828125 0.2177734375 0.145625
3 0.857177734375 0.3103125 0.28271484375 0.583125
