17 0.393798828125 0.0928125 0.01611328125 0.011875
17 0.39111328125 0.10625 0.017578125 0.01125
17 0.385498046875 0.1190625 0.01513671875 0.010625
11 0.5 0.1571875 0.2685546875 0.155625
123 0.5009765625 0.40875 0.03125 0.02875
43 0.464111328125 0.48375 0.01123046875 0.02625
81 0.475830078125 0.484375 0.00927734375 0.03
99 0.492431640625 0.48281250000000003 0.01025390625 0.024375
74 0.505126953125 0.4821875 0.01123046875 0.025625000000000002
79 0.51611328125 0.481875 0.0107421875 0.02625
79 0.54150390625 0.4821875 0.013671875 0.023125
72 0.5283203125 0.4821875 0.0107421875 0.021875000000000002
18 0.503173828125 0.481875 0.09130859375 0.03125
1 0.498291015625 0.2653125 0.41455078125 0.533125
