134 0.51513671875 0.2315625 0.01953125 0.019375
43 0.482666015625 0.3409375 0.00634765625 0.018125
81 0.4912109375 0.3409375 0.0068359375 0.018125
76 0.503173828125 0.3403125 0.00732421875 0.019375
75 0.512451171875 0.33968750000000003 0.00732421875 0.018125
83 0.521240234375 0.34 0.00732421875 0.0175
72 0.529541015625 0.34 0.00634765625 0.0175
88 0.538330078125 0.33968750000000003 0.00732421875 0.018125
18 0.51025390625 0.3403125 0.0673828125 0.025625000000000002
17 0.43896484375 0.076875 0.01171875 0.01125
17 0.45361328125 0.0771875 0.0126953125 0.011875
17 0.437255859375 0.08875 0.01123046875 0.00875
17 0.434326171875 0.10312500000000001 0.01025390625 0.01125
15 0.575927734375 0.1478125 0.03076171875 0.023125
14 0.512939453125 0.11125 0.00634765625 0.05375
11 0.51416015625 0.11625 0.203125 0.1225
3 0.512939453125 0.1925 0.26611328125 0.385
