53 0.094482421875 0.136875 0.18017578125 0.27
54 0.0732421875 0.0278125 0.140625 0.050625
0 0.0263671875 0.2015625 0.046875 0.029375000000000002
52 0.553955078125 0.30312500000000003 0.35205078125 0.485
54 0.548583984375 0.2346875 0.24072265625 0.144375
59 0.46240234375 0.193125 0.013671875 0.00875
59 0.47900390625 0.1940625 0.0146484375 0.016875
59 0.462646484375 0.2084375 0.02099609375 0.011875
66 0.545654296875 0.26937500000000003 0.02099609375 0.02375
0 0.559326171875 0.4796875 0.07958984375 0.033125
55 0.525390625 0.48 0.01171875 0.02875
10 0.5361328125 0.4796875 0.0087890625 0.029375000000000002
9 0.550048828125 0.479375 0.00927734375 0.0275
7 0.560302734375 0.480625 0.00927734375 0.02875
9 0.570556640625 0.48 0.01123046875 0.0275
20 0.58154296875 0.479375 0.009765625 0.0275
8 0.591796875 0.4790625 0.01171875 0.028125
67 0.559814453125 0.42031250000000003 0.03759765625 0.018125