17 0.5810546875 0.14 0.0126953125 0.01125
17 0.594970703125 0.1396875 0.01416015625 0.011875
11 0.68115234375 0.19125 0.251953125 0.11375
126 0.67626953125 0.37625000000000003 0.015625 0.01875
43 0.644775390625 0.4865625 0.00927734375 0.025625000000000002
81 0.654296875 0.4884375 0.0107421875 0.026875
83 0.6689453125 0.486875 0.01171875 0.0225
78 0.679443359375 0.489375 0.01025390625 0.02375
76 0.6904296875 0.48781250000000004 0.01171875 0.023125
100 0.7001953125 0.4875 0.0107421875 0.025
80 0.711669921875 0.48781250000000004 0.01123046875 0.025625000000000002
18 0.677490234375 0.4871875 0.08251953125 0.030625
2 0.677734375 0.3 0.3671875 0.5075000000000001
