17 0.45263671875 0.1046875 0.0166015625 0.011875
17 0.450927734375 0.11750000000000001 0.01806640625 0.0125
17 0.446533203125 0.1325 0.01318359375 0.01375
14 0.5361328125 0.1509375 0.0107421875 0.068125
12 0.594970703125 0.1078125 0.06494140625 0.028125
16 0.47802734375 0.200625 0.0322265625 0.02625
11 0.54296875 0.1625 0.2470703125 0.1475
113 0.54150390625 0.3775 0.025390625 0.0275
43 0.50537109375 0.446875 0.0126953125 0.02875
81 0.51708984375 0.448125 0.009765625 0.02625
98 0.532958984375 0.4484375 0.01220703125 0.030625
77 0.545166015625 0.44625000000000004 0.01025390625 0.025
85 0.555908203125 0.4475 0.01318359375 0.0275
72 0.568359375 0.44656250000000003 0.01171875 0.025625000000000002
75 0.5791015625 0.4475 0.0107421875 0.025
18 0.5419921875 0.44625000000000004 0.087890625 0.0325
2 0.538330078125 0.2459375 0.36865234375 0.486875
