52 0.5595703125 0.2621875 0.41796875 0.521875
54 0.545654296875 0.18875 0.25244140625 0.13125
59 0.44677734375 0.1575 0.0263671875 0.01375
59 0.439697265625 0.1765625 0.02001953125 0.020625
0 0.552001953125 0.47375 0.08935546875 0.0375
55 0.51416015625 0.47500000000000003 0.0107421875 0.03625
10 0.525390625 0.4759375 0.0146484375 0.034375
40 0.542236328125 0.4765625 0.01025390625 0.035625000000000004
5 0.5537109375 0.476875 0.009765625 0.0325
26 0.562744140625 0.474375 0.01025390625 0.03
12 0.575439453125 0.4759375 0.01025390625 0.036875
16 0.588623046875 0.4765625 0.01318359375 0.035625000000000004
64 0.55029296875 0.40468750000000003 0.0380859375 0.036875