17 0.5693359375 0.1628125 0.0146484375 0.011875
17 0.551513671875 0.1734375 0.01416015625 0.013125
15 0.61865234375 0.24 0.04296875 0.02625
11 0.6396484375 0.2059375 0.2236328125 0.108125
111 0.63818359375 0.39625 0.0244140625 0.0325
43 0.605224609375 0.4446875 0.00927734375 0.021875000000000002
81 0.615234375 0.44625000000000004 0.0078125 0.0225
72 0.62890625 0.445625 0.0078125 0.02125
74 0.6396484375 0.445625 0.0087890625 0.0225
101 0.649658203125 0.445625 0.00927734375 0.0225
85 0.658935546875 0.4459375 0.00927734375 0.020625
76 0.6689453125 0.4459375 0.0087890625 0.021875000000000002
18 0.63720703125 0.4446875 0.078125 0.028125
1 0.64013671875 0.2809375 0.3193359375 0.435625
