52 0.855224609375 0.284375 0.28759765625 0.46875
54 0.8837890625 0.23125 0.224609375 0.12375
59 0.79931640625 0.2121875 0.017578125 0.024375
59 0.81103515625 0.19843750000000002 0.0205078125 0.016875
59 0.828125 0.1878125 0.01171875 0.016875
59 0.843994140625 0.1903125 0.01611328125 0.011875
0 0.91650390625 0.45937500000000003 0.076171875 0.03
55 0.88330078125 0.45875 0.0087890625 0.0325
10 0.8935546875 0.4603125 0.005859375 0.026875
39 0.90771484375 0.45937500000000003 0.009765625 0.0275
28 0.916015625 0.4615625 0.009765625 0.028125
7 0.9248046875 0.46125 0.0078125 0.03
7 0.936279296875 0.46 0.00732421875 0.0275
6 0.94482421875 0.46 0.009765625 0.0275
63 0.911376953125 0.4040625 0.04541015625 0.048125