17 0.607421875 0.104375 0.0126953125 0.0125
17 0.60595703125 0.11812500000000001 0.0126953125 0.01125
14 0.684326171875 0.125 0.00927734375 0.0325
12 0.72900390625 0.1125 0.048828125 0.0175
11 0.6845703125 0.1471875 0.212890625 0.11812500000000001
144 0.6904296875 0.3171875 0.0400390625 0.024375
43 0.661376953125 0.3771875 0.00927734375 0.019375
81 0.669921875 0.37875000000000003 0.0078125 0.0225
71 0.68310546875 0.378125 0.0048828125 0.0225
72 0.700439453125 0.3778125 0.00732421875 0.020625
79 0.71875 0.3778125 0.0078125 0.020625
84 0.691650390625 0.3775 0.00927734375 0.02
99 0.708984375 0.3771875 0.009765625 0.019375
18 0.68896484375 0.3775 0.0712890625 0.03
1 0.68408203125 0.21156250000000001 0.306640625 0.411875
