17 0.5703125 0.0925 0.017578125 0.015
17 0.5693359375 0.1071875 0.017578125 0.015625
17 0.56787109375 0.1215625 0.015625 0.015625
11 0.66943359375 0.1396875 0.271484375 0.149375
15 0.6298828125 0.19125 0.0390625 0.02
16 0.659912109375 0.19187500000000002 0.01904296875 0.01625
133 0.68115234375 0.3665625 0.03515625 0.024375
43 0.646240234375 0.434375 0.01025390625 0.02375
81 0.657958984375 0.434375 0.01025390625 0.025
99 0.67333984375 0.433125 0.009765625 0.025
74 0.685791015625 0.4321875 0.01123046875 0.024375
78 0.7080078125 0.4325 0.009765625 0.02375
80 0.71923828125 0.431875 0.0107421875 0.0225
91 0.69677734375 0.4321875 0.0107421875 0.025625000000000002
18 0.682861328125 0.433125 0.09033203125 0.03625
2 0.669677734375 0.261875 0.38623046875 0.52375
