69 0.51220703125 0.326875 0.353515625 0.58875
54 0.51318359375 0.2828125 0.255859375 0.193125
59 0.427001953125 0.215 0.01806640625 0.0175
59 0.443359375 0.2165625 0.015625 0.015625
59 0.4267578125 0.2303125 0.0185546875 0.015625
59 0.460693359375 0.21875 0.01416015625 0.00875
66 0.50244140625 0.32937500000000003 0.0537109375 0.03625
0 0.510498046875 0.573125 0.08056640625 0.03
55 0.47509765625 0.5740625 0.009765625 0.030625
10 0.4873046875 0.575625 0.01171875 0.0325
14 0.50146484375 0.574375 0.0107421875 0.02875
7 0.51123046875 0.5734375 0.0107421875 0.025625000000000002
10 0.52197265625 0.5746875 0.0107421875 0.033125
36 0.533447265625 0.5734375 0.00927734375 0.028125
11 0.543701171875 0.57375 0.00830078125 0.02625
77 0.50830078125 0.4690625 0.0341796875 0.024375