7 0.046875 0.408125 0.09765625 0.4675
127 0.779052734375 0.5 0.02783203125 0.02875
43 0.740966796875 0.5571875000000001 0.01025390625 0.023125
81 0.753173828125 0.5571875000000001 0.01025390625 0.024375
93 0.77001953125 0.5578125 0.01171875 0.024375
79 0.781982421875 0.558125 0.00927734375 0.02375
90 0.79345703125 0.5575 0.009765625 0.0225
79 0.805908203125 0.5571875000000001 0.01025390625 0.024375
72 0.818359375 0.556875 0.009765625 0.02375
18 0.778564453125 0.5571875000000001 0.09228515625 0.034375
12 0.841552734375 0.194375 0.06787109375 0.04
16 0.7783203125 0.276875 0.0224609375 0.01625
17 0.674560546875 0.1840625 0.01708984375 0.010625
17 0.671875 0.200625 0.013671875 0.01125
11 0.77978515625 0.24625 0.2783203125 0.16
1 0.7802734375 0.3303125 0.3837890625 0.545625
