52 0.635986328125 0.2996875 0.38818359375 0.5181250000000001
59 0.54150390625 0.1403125 0.0185546875 0.010625
59 0.541748046875 0.151875 0.02099609375 0.01
59 0.53759765625 0.1628125 0.0263671875 0.014375
59 0.53466796875 0.17500000000000002 0.0224609375 0.00875
59 0.531005859375 0.18625 0.02001953125 0.0125
59 0.533203125 0.19968750000000002 0.0224609375 0.010625
59 0.533447265625 0.213125 0.02392578125 0.0125
73 0.70703125 0.1446875 0.068359375 0.026875
74 0.677001953125 0.25625 0.05810546875 0.0175
54 0.641845703125 0.21 0.27294921875 0.17625
0 0.654541015625 0.4796875 0.09228515625 0.033125
55 0.6162109375 0.48125 0.0126953125 0.03125
10 0.628662109375 0.4809375 0.01220703125 0.030625
15 0.64306640625 0.480625 0.0107421875 0.03
16 0.65576171875 0.48031250000000003 0.01171875 0.033125
36 0.66650390625 0.479375 0.009765625 0.03125
14 0.677734375 0.4796875 0.013671875 0.034375
20 0.6904296875 0.4790625 0.0166015625 0.030625
64 0.651123046875 0.4209375 0.03662109375 0.035625000000000004