52 0.30908203125 0.318125 0.3369140625 0.46
54 0.30615234375 0.234375 0.2509765625 0.1375
0 0.29736328125 0.5128125 0.08203125 0.035625000000000004
55 0.261962890625 0.5140625 0.01416015625 0.038125
10 0.2744140625 0.514375 0.013671875 0.0375
5 0.288330078125 0.5140625 0.01025390625 0.033125
2 0.2978515625 0.5140625 0.0107421875 0.038125
6 0.30810546875 0.5146875 0.0107421875 0.035625000000000004
4 0.31787109375 0.515 0.009765625 0.0375
8 0.3310546875 0.5134375 0.0146484375 0.031875
123 0.29443359375 0.4478125 0.0400390625 0.029375000000000002