69 0.710693359375 0.294375 0.41455078125 0.5825
54 0.706787109375 0.1875 0.29150390625 0.1625
59 0.594970703125 0.1259375 0.02001953125 0.015625
59 0.589599609375 0.1465625 0.02001953125 0.025625000000000002
0 0.723388671875 0.5059375 0.09521484375 0.043125000000000004
55 0.6806640625 0.5078125 0.017578125 0.039375
10 0.694580078125 0.5084375 0.01025390625 0.038125
8 0.7099609375 0.5084375 0.01171875 0.038125
15 0.72265625 0.5090625 0.013671875 0.039375
19 0.736083984375 0.509375 0.01318359375 0.03625
15 0.747314453125 0.5084375 0.00927734375 0.038125
8 0.7626953125 0.5059375 0.0185546875 0.035625000000000004
61 0.71728515625 0.4134375 0.0322265625 0.035625000000000004