7 0.0673828125 0.72875 0.134765625 0.45625
7 0.073974609375 0.0671875 0.14794921875 0.134375
17 0.43408203125 0.13343750000000001 0.0166015625 0.014375
17 0.453857421875 0.1321875 0.01708984375 0.013125
15 0.465087890625 0.2109375 0.03466796875 0.024375
16 0.524658203125 0.204375 0.01318359375 0.01625
11 0.52490234375 0.17 0.2744140625 0.14375000000000002
144 0.537841796875 0.3896875 0.04736328125 0.026875
43 0.504150390625 0.4596875 0.01025390625 0.023125
81 0.515625 0.4596875 0.009765625 0.024375
97 0.53076171875 0.4603125 0.01171875 0.024375
78 0.54248046875 0.45875 0.009765625 0.02375
72 0.5654296875 0.458125 0.009765625 0.02375
71 0.575927734375 0.4565625 0.00537109375 0.024375
96 0.552978515625 0.4578125 0.01025390625 0.024375
18 0.5400390625 0.45687500000000003 0.083984375 0.03
1 0.52294921875 0.256875 0.3798828125 0.50625
