3 0.5380859375 0.2675 0.314453125 0.5275
11 0.54052734375 0.215625 0.2265625 0.1375
17 0.462158203125 0.16875 0.01220703125 0.01875
17 0.452392578125 0.1840625 0.01220703125 0.015625
17 0.45068359375 0.2003125 0.013671875 0.016875
15 0.55078125 0.261875 0.03515625 0.02625
15 0.49169921875 0.2634375 0.0322265625 0.016875
18 0.54052734375 0.481875 0.0771484375 0.03125
43 0.5078125 0.48125 0.009765625 0.02625
84 0.518798828125 0.48125 0.01220703125 0.02625
71 0.53271484375 0.48125 0.005859375 0.02625
73 0.54248046875 0.4825 0.0107421875 0.02625
73 0.55126953125 0.481875 0.009765625 0.025
76 0.562744140625 0.4809375 0.00830078125 0.023125
71 0.572998046875 0.481875 0.00732421875 0.025
