2 0.022216796875 0.1071875 0.04443359375 0.214375
17 0.666259765625 0.1934375 0.01220703125 0.011875
17 0.680419921875 0.19125 0.01806640625 0.0125
17 0.697998046875 0.1909375 0.01513671875 0.013125
14 0.751953125 0.2353125 0.013671875 0.056875
16 0.71728515625 0.2821875 0.0556640625 0.025625000000000002
11 0.755126953125 0.24531250000000002 0.24658203125 0.131875
179 0.762939453125 0.4275 0.02001953125 0.02375
43 0.72998046875 0.49062500000000003 0.0107421875 0.0225
81 0.73974609375 0.491875 0.0078125 0.02375
84 0.7646484375 0.49125 0.009765625 0.02125
71 0.78564453125 0.491875 0.005859375 0.0225
72 0.75390625 0.4921875 0.0087890625 0.021875000000000002
76 0.77587890625 0.491875 0.0087890625 0.02
73 0.796630859375 0.491875 0.00927734375 0.0225
18 0.76220703125 0.49 0.08203125 0.03375
1 0.75439453125 0.32125 0.3369140625 0.44875
