17 0.56884765625 0.153125 0.01171875 0.00875
17 0.58154296875 0.1421875 0.009765625 0.008125
12 0.59814453125 0.1390625 0.05859375 0.019375
12 0.696533203125 0.13875 0.05517578125 0.02
14 0.648193359375 0.1775 0.00439453125 0.04875
43 0.639892578125 0.395 0.00830078125 0.02
81 0.6494140625 0.39687500000000003 0.0068359375 0.02125
78 0.662109375 0.3959375 0.009765625 0.019375
78 0.689697265625 0.3965625 0.01025390625 0.021875000000000002
71 0.699951171875 0.395625 0.00732421875 0.02375
72 0.672119140625 0.3975 0.00927734375 0.02
92 0.68017578125 0.395625 0.0087890625 0.02
18 0.66943359375 0.395 0.0693359375 0.02875
1 0.65576171875 0.2384375 0.2998046875 0.39187500000000003
