43 0.76708984375 0.47750000000000004 0.0087890625 0.02125
81 0.7783203125 0.47750000000000004 0.0078125 0.02125
98 0.794189453125 0.475625 0.00927734375 0.02125
86 0.805419921875 0.4759375 0.00927734375 0.021875000000000002
73 0.816650390625 0.4746875 0.00927734375 0.023125
74 0.828125 0.4753125 0.009765625 0.021875000000000002
79 0.83984375 0.4740625 0.0087890625 0.021875000000000002
18 0.802978515625 0.47500000000000003 0.08740234375 0.03375
12 0.90234375 0.0153125 0.189453125 0.030625
17 0.557373046875 0.00375 0.01123046875 0.0075
17 0.5546875 0.0153125 0.0107421875 0.010625
11 0.76953125 0.1475 0.4599609375 0.29375
218 0.804443359375 0.390625 0.03955078125 0.04125
4 0.746826171875 0.255 0.50439453125 0.50875
