52 0.14697265625 0.1171875 0.275390625 0.235625
54 0.1455078125 0.02625 0.2119140625 0.05375
74 0.15087890625 0.026875 0.0205078125 0.015
0 0.128173828125 0.18125 0.06689453125 0.02375
55 0.101318359375 0.181875 0.01025390625 0.0225
10 0.111083984375 0.1825 0.00927734375 0.025
39 0.120849609375 0.18156250000000002 0.01025390625 0.024375
26 0.12939453125 0.18156250000000002 0.005859375 0.023125
36 0.137451171875 0.180625 0.00927734375 0.0225
7 0.146240234375 0.18156250000000002 0.00732421875 0.023125
7 0.154541015625 0.18125 0.01025390625 0.0225
63 0.12646484375 0.135 0.0302734375 0.04125
52 0.489990234375 0.2728125 0.34130859375 0.43062500000000004
54 0.490234375 0.2109375 0.2353515625 0.134375
59 0.40576171875 0.1634375 0.015625 0.014375
59 0.425537109375 0.164375 0.01806640625 0.01375
59 0.405029296875 0.1859375 0.01513671875 0.015625
59 0.427490234375 0.1884375 0.02294921875 0.024375
66 0.497314453125 0.2484375 0.03564453125 0.021875000000000002
66 0.546875 0.23875000000000002 0.0439453125 0.02625
74 0.519775390625 0.2446875 0.01220703125 0.020625
0 0.498046875 0.4715625 0.08203125 0.034375
55 0.4638671875 0.4709375 0.01171875 0.031875
10 0.474365234375 0.469375 0.01123046875 0.0325
11 0.486328125 0.469375 0.01171875 0.03
11 0.497802734375 0.46968750000000004 0.01123046875 0.034375
39 0.508056640625 0.470625 0.00830078125 0.03625
31 0.5185546875 0.469375 0.0126953125 0.03
16 0.5302734375 0.4684375 0.0107421875 0.033125
86 0.492919921875 0.3871875 0.02587890625 0.016875