127 0.429443359375 0.45406250000000004 0.02392578125 0.028125
43 0.397705078125 0.5065625 0.00830078125 0.020625
81 0.4072265625 0.5071875 0.0087890625 0.019375
100 0.42138671875 0.506875 0.0078125 0.02
77 0.431884765625 0.5065625 0.00732421875 0.020625
76 0.441650390625 0.5071875 0.00830078125 0.019375
84 0.451904296875 0.5065625 0.00830078125 0.018125
78 0.46240234375 0.5071875 0.0078125 0.019375
18 0.4296875 0.50625 0.080078125 0.03125
16 0.374267578125 0.27375 0.01416015625 0.02125
16 0.402099609375 0.2734375 0.01513671875 0.023125
16 0.437744140625 0.2775 0.01611328125 0.0125
14 0.44384765625 0.249375 0.0068359375 0.04
11 0.438232421875 0.248125 0.24658203125 0.13375
1 0.44189453125 0.320625 0.3388671875 0.4525
