17 0.5908203125 0.11093750000000001 0.0126953125 0.014375
17 0.6025390625 0.10968750000000001 0.0107421875 0.018125
15 0.662109375 0.185625 0.03515625 0.02125
15 0.6728515625 0.1534375 0.203125 0.121875
134 0.677978515625 0.305625 0.01611328125 0.01625
43 0.647216796875 0.368125 0.00830078125 0.0175
81 0.656494140625 0.36875 0.00634765625 0.0175
98 0.6689453125 0.368125 0.009765625 0.01875
73 0.678466796875 0.36843750000000003 0.00830078125 0.019375
87 0.6875 0.368125 0.0078125 0.0175
72 0.696533203125 0.3678125 0.00830078125 0.018125
18 0.67626953125 0.3678125 0.068359375 0.023125
3 0.668212890625 0.2196875 0.27490234375 0.441875
