52 0.649658203125 0.2740625 0.39892578125 0.528125
54 0.6435546875 0.19125 0.251953125 0.16375
59 0.55615234375 0.15687500000000001 0.029296875 0.015
0 0.650390625 0.475625 0.08984375 0.03
55 0.611083984375 0.4740625 0.01318359375 0.030625
10 0.624267578125 0.47625 0.01025390625 0.03375
15 0.639404296875 0.474375 0.00927734375 0.03
6 0.650390625 0.4740625 0.0078125 0.029375000000000002
12 0.66162109375 0.475625 0.01171875 0.03
11 0.673095703125 0.474375 0.00830078125 0.03
15 0.686767578125 0.47625 0.01611328125 0.03375
103 0.646728515625 0.4140625 0.05615234375 0.025625000000000002
71 0.6416015625 0.1740625 0.0146484375 0.055625
74 0.645263671875 0.22718750000000001 0.04833984375 0.029375000000000002
66 0.746337890625 0.22625 0.03564453125 0.03625