11 0.45849609375 0.2290625 0.2314453125 0.104375
176 0.473876953125 0.451875 0.02587890625 0.02625
43 0.440185546875 0.49062500000000003 0.01025390625 0.02125
81 0.450439453125 0.49062500000000003 0.01123046875 0.02375
72 0.464599609375 0.4903125 0.01025390625 0.023125
72 0.505126953125 0.49 0.00927734375 0.0225
86 0.474609375 0.489375 0.009765625 0.0225
91 0.484619140625 0.49062500000000003 0.01025390625 0.02375
75 0.494873046875 0.489375 0.01025390625 0.02125
18 0.47265625 0.49062500000000003 0.0791015625 0.0275
1 0.458740234375 0.3 0.34423828125 0.45875
