2 0.022216796875 0.10312500000000001 0.04443359375 0.20625000000000002
17 0.536865234375 0.166875 0.01318359375 0.01375
17 0.529296875 0.1915625 0.013671875 0.013125
11 0.623291015625 0.2009375 0.24365234375 0.12687500000000002
14 0.62060546875 0.19187500000000002 0.0087890625 0.045
125 0.622314453125 0.3775 0.03466796875 0.04125
43 0.591064453125 0.433125 0.00927734375 0.02125
81 0.6015625 0.433125 0.0087890625 0.02125
84 0.634521484375 0.434375 0.01025390625 0.02125
76 0.624267578125 0.435 0.00927734375 0.02125
79 0.64501953125 0.43343750000000003 0.009765625 0.020625
79 0.654541015625 0.434375 0.00927734375 0.02125
104 0.614990234375 0.4340625 0.00830078125 0.023125
18 0.623046875 0.43343750000000003 0.078125 0.031875
1 0.623291015625 0.2484375 0.32666015625 0.491875
