127 0.557861328125 0.3365625 0.02490234375 0.029375000000000002
43 0.529052734375 0.39968750000000003 0.00732421875 0.019375
81 0.5380859375 0.39937500000000004 0.0078125 0.02
77 0.551025390625 0.39875 0.00634765625 0.01875
75 0.560546875 0.39875 0.0068359375 0.01875
90 0.5703125 0.398125 0.0078125 0.02
93 0.57958984375 0.39875 0.0078125 0.02125
75 0.5888671875 0.39875 0.0078125 0.0175
18 0.558837890625 0.39937500000000004 0.07177734375 0.0275
16 0.515380859375 0.2 0.00439453125 0.0075
16 0.5322265625 0.2009375 0.0048828125 0.009375
16 0.54638671875 0.2 0.00390625 0.0075
16 0.55859375 0.2009375 0.0048828125 0.006875
16 0.574462890625 0.2003125 0.00732421875 0.006875
12 0.600830078125 0.1134375 0.06005859375 0.018125
17 0.461669921875 0.10968750000000001 0.01220703125 0.009375
17 0.45849609375 0.12 0.0126953125 0.01
17 0.45849609375 0.1325 0.0126953125 0.00875
11 0.5458984375 0.15687500000000001 0.2294921875 0.125
2 0.5478515625 0.2265625 0.314453125 0.449375
