2 0.022216796875 0.1028125 0.04443359375 0.205625
17 0.560791015625 0.171875 0.01025390625 0.0075
17 0.5556640625 0.181875 0.0146484375 0.01125
17 0.569580078125 0.1865625 0.01416015625 0.011875
17 0.573486328125 0.1765625 0.01416015625 0.014375
11 0.6357421875 0.21875 0.212890625 0.14625
142 0.635986328125 0.353125 0.01904296875 0.0175
43 0.605224609375 0.4571875 0.00927734375 0.020625
81 0.61572265625 0.45875 0.009765625 0.02125
81 0.6494140625 0.45875 0.0078125 0.02125
80 0.62939453125 0.45875 0.0087890625 0.02125
84 0.659423828125 0.4584375 0.00927734375 0.021875000000000002
75 0.64013671875 0.458125 0.0087890625 0.02
72 0.67041015625 0.45875 0.0087890625 0.02
18 0.63818359375 0.4571875 0.078125 0.031875
1 0.636962890625 0.2971875 0.30908203125 0.473125
