125 0.36669921875 0.443125 0.0322265625 0.04
43 0.3369140625 0.4990625 0.0078125 0.019375
81 0.3466796875 0.5003125 0.0068359375 0.019375
104 0.36083984375 0.5003125 0.0078125 0.019375
71 0.370849609375 0.5003125 0.00439453125 0.020625
80 0.380615234375 0.5 0.00830078125 0.01875
74 0.390869140625 0.5 0.00732421875 0.01875
72 0.4013671875 0.4996875 0.0087890625 0.019375
18 0.368896484375 0.4990625 0.07958984375 0.029375000000000002
17 0.289306640625 0.2228125 0.01123046875 0.009375
17 0.287353515625 0.234375 0.01220703125 0.01
17 0.282958984375 0.24656250000000002 0.01318359375 0.011875
11 0.373291015625 0.25906250000000003 0.24658203125 0.12687500000000002
1 0.376220703125 0.3259375 0.32568359375 0.434375
