52 0.574951171875 0.19875 0.31298828125 0.385
54 0.580078125 0.12562500000000001 0.2119140625 0.1075
59 0.50146484375 0.0825 0.0185546875 0.0075
59 0.498291015625 0.09531250000000001 0.01416015625 0.011875
71 0.57568359375 0.1215625 0.009765625 0.044375
0 0.593017578125 0.336875 0.06884765625 0.025
55 0.56494140625 0.34 0.009765625 0.0275
10 0.574462890625 0.34 0.00927734375 0.0275
26 0.585205078125 0.339375 0.00341796875 0.02875
16 0.593505859375 0.339375 0.00830078125 0.02625
9 0.603271484375 0.3378125 0.00927734375 0.026875
10 0.61279296875 0.3390625 0.0078125 0.024375
26 0.621337890625 0.3384375 0.00537109375 0.024375
83 0.593994140625 0.3009375 0.02099609375 0.024375