159 0.5869140625 0.3253125 0.0205078125 0.024375
43 0.559326171875 0.36875 0.00634765625 0.0175
81 0.568359375 0.368125 0.0068359375 0.01875
77 0.58056640625 0.3675 0.0068359375 0.01875
73 0.590087890625 0.3671875 0.00732421875 0.018125
72 0.599365234375 0.3671875 0.00732421875 0.018125
80 0.60791015625 0.3671875 0.0068359375 0.018125
72 0.61669921875 0.3671875 0.0078125 0.018125
18 0.58837890625 0.3678125 0.068359375 0.028125
17 0.496337890625 0.11375 0.01025390625 0.0075
17 0.4951171875 0.1246875 0.0126953125 0.009375
14 0.568359375 0.1409375 0.0087890625 0.050625
11 0.574951171875 0.15031250000000002 0.21142578125 0.106875
1 0.5712890625 0.2109375 0.296875 0.380625
