162 0.485107421875 0.43875000000000003 0.02001953125 0.01125
43 0.4521484375 0.5190625 0.0087890625 0.020625
81 0.462158203125 0.51875 0.00830078125 0.01875
72 0.4765625 0.5196875 0.0078125 0.020625
72 0.486328125 0.52 0.0068359375 0.02
72 0.4970703125 0.5203125 0.0078125 0.020625
82 0.5068359375 0.52 0.0087890625 0.02
80 0.51708984375 0.52 0.0087890625 0.02
18 0.484619140625 0.5190625 0.07861328125 0.034375
17 0.4033203125 0.2425 0.015625 0.01625
17 0.415771484375 0.2446875 0.01416015625 0.015625
17 0.430419921875 0.2459375 0.01318359375 0.013125
17 0.400390625 0.258125 0.01171875 0.01375
11 0.486328125 0.28250000000000003 0.2431640625 0.12
2 0.488525390625 0.335625 0.31689453125 0.4625
