180 0.68017578125 0.3146875 0.0244140625 0.043125000000000004
43 0.65087890625 0.3790625 0.0078125 0.019375
81 0.65966796875 0.3796875 0.0078125 0.019375
76 0.6728515625 0.37875000000000003 0.0078125 0.01875
82 0.681640625 0.3784375 0.0078125 0.019375
99 0.69091796875 0.378125 0.0068359375 0.0175
71 0.69970703125 0.3778125 0.00390625 0.020625
77 0.709228515625 0.3771875 0.00732421875 0.019375
18 0.6796875 0.3790625 0.0712890625 0.029375000000000002
11 0.662841796875 0.1378125 0.22509765625 0.120625
2 0.65771484375 0.21406250000000002 0.3154296875 0.426875
