2 0.720703125 0.2225 0.328125 0.4425
112 0.728515625 0.3153125 0.029296875 0.028125
18 0.729736328125 0.386875 0.07275390625 0.02625
43 0.699951171875 0.386875 0.00830078125 0.02375
81 0.709228515625 0.386875 0.00830078125 0.02375
94 0.7314453125 0.38656250000000003 0.0107421875 0.024375
100 0.751220703125 0.38875 0.01025390625 0.025
73 0.721923828125 0.386875 0.00830078125 0.02125
79 0.740478515625 0.3859375 0.00927734375 0.023125
73 0.760009765625 0.386875 0.00732421875 0.02375
11 0.720703125 0.13343750000000001 0.220703125 0.100625
17 0.6259765625 0.0965625 0.009765625 0.010625
17 0.62548828125 0.11 0.0107421875 0.01125
14 0.7158203125 0.13468750000000002 0.0126953125 0.055625
2 0.731689453125 0.7334375 0.51220703125 0.453125
11 0.732666015625 0.8134375 0.34423828125 0.19062500000000002
17 0.615478515625 0.7471875 0.02001953125 0.016875
17 0.6123046875 0.7659375 0.021484375 0.020625
