151 0.52880859375 0.421875 0.0419921875 0.01
43 0.496337890625 0.513125 0.00830078125 0.02125
81 0.5068359375 0.513125 0.0087890625 0.02
85 0.521728515625 0.51375 0.00830078125 0.01875
71 0.53173828125 0.5121875 0.0048828125 0.021875000000000002
72 0.541748046875 0.513125 0.00830078125 0.02125
86 0.552490234375 0.5128125 0.00830078125 0.020625
78 0.562744140625 0.5128125 0.00830078125 0.020625
18 0.529541015625 0.5125 0.07958984375 0.02875
16 0.452392578125 0.2575 0.02294921875 0.025
14 0.5166015625 0.215625 0.0078125 0.04
17 0.42236328125 0.1678125 0.015625 0.009375
17 0.42041015625 0.1790625 0.0126953125 0.011875
17 0.418701171875 0.19187500000000002 0.01318359375 0.01
17 0.41796875 0.204375 0.0126953125 0.01125
11 0.5205078125 0.2228125 0.259765625 0.149375
2 0.519775390625 0.278125 0.36572265625 0.51875
