17 0.544921875 0.3634375 0.0009765625 0.001875
17 0.364501953125 0.155625 0.01123046875 0.0125
11 0.363525390625 0.16625 0.01123046875 0.01125
149 0.458251953125 0.2146875 0.23583984375 0.144375
43 0.46337890625 0.37875000000000003 0.017578125 0.02375
81 0.431884765625 0.48031250000000003 0.01123046875 0.025625000000000002
71 0.44189453125 0.48 0.009765625 0.0225
79 0.456298828125 0.479375 0.00927734375 0.02375
106 0.46630859375 0.4796875 0.0087890625 0.024375
80 0.4765625 0.479375 0.01171875 0.02375
98 0.486083984375 0.4790625 0.01025390625 0.021875000000000002
18 0.496337890625 0.48031250000000003 0.00927734375 0.026875
2 0.46533203125 0.4790625 0.0791015625 0.029375000000000002
