52 0.6032540675844806 0.3126182965299685 0.43929912390488113 0.5255520504731862
54 0.5998122653316647 0.2580441640378549 0.3285356695869837 0.13501577287066246
59 0.5075093867334168 0.22302839116719245 0.02127659574468085 0.01829652996845426
59 0.5275344180225282 0.222397476340694 0.022528160200250315 0.014511041009463724
0 0.6132665832290363 0.5151419558359622 0.1113892365456821 0.025867507886435333
55 0.5653942428035044 0.5138801261829653 0.01939924906132666 0.028391167192429023
10 0.581351689612015 0.516403785488959 0.011264080100125157 0.02965299684542587
39 0.5985607008760951 0.514826498422713 0.01314142678347935 0.0277602523659306
6 0.6107634543178974 0.5145110410094638 0.015018773466833543 0.024605678233438486
5 0.6279724655819775 0.5170347003154574 0.011889862327909888 0.030914826498422716
14 0.6404881101376722 0.5157728706624606 0.011889862327909888 0.024605678233438486
5 0.654881101376721 0.516403785488959 0.016896120150187734 0.030914826498422716
63 0.6085732165206509 0.45899053627760256 0.05694618272841052 0.04858044164037855