1 0.7060546875 0.32125 0.287109375 0.45
125 0.707275390625 0.441875 0.03369140625 0.03875
11 0.7021484375 0.2496875 0.2294921875 0.11937500000000001
17 0.613037109375 0.2209375 0.01220703125 0.014375
17 0.6103515625 0.2346875 0.015625 0.016875
18 0.7080078125 0.500625 0.0791015625 0.03375
43 0.67626953125 0.4990625 0.0107421875 0.025625000000000002
81 0.68603515625 0.4990625 0.0087890625 0.028125
104 0.700439453125 0.4990625 0.01123046875 0.025625000000000002
92 0.72119140625 0.4990625 0.0087890625 0.025625000000000002
72 0.7109375 0.5003125 0.009765625 0.025625000000000002
77 0.73095703125 0.5003125 0.0087890625 0.025625000000000002
76 0.74072265625 0.4996875 0.0087890625 0.029375000000000002
