124 0.340576171875 0.441875 0.02978515625 0.03
43 0.304443359375 0.5075000000000001 0.00927734375 0.0225
81 0.31591796875 0.50875 0.0087890625 0.0225
72 0.331787109375 0.5084375 0.00927734375 0.021875000000000002
80 0.343994140625 0.508125 0.00927734375 0.02125
80 0.366943359375 0.508125 0.00927734375 0.02125
84 0.37841796875 0.5071875 0.0087890625 0.023125
83 0.35498046875 0.5078125 0.0107421875 0.023125
18 0.341552734375 0.508125 0.08935546875 0.03375
12 0.26953125 0.131875 0.0712890625 0.02625
12 0.404296875 0.1321875 0.072265625 0.031875
17 0.232421875 0.12687500000000002 0.013671875 0.01
17 0.230224609375 0.1421875 0.01318359375 0.011875
11 0.3388671875 0.18156250000000002 0.2861328125 0.145625
1 0.33984375 0.27625 0.3974609375 0.52625
