17 0.306640625 0.19187500000000002 0.013671875 0.01
17 0.31982421875 0.18937500000000002 0.0146484375 0.00875
11 0.39013671875 0.2446875 0.2490234375 0.148125
122 0.3984375 0.44125000000000003 0.0361328125 0.0175
43 0.366455078125 0.48875 0.01025390625 0.025
81 0.3759765625 0.48812500000000003 0.009765625 0.025
80 0.432373046875 0.48812500000000003 0.01025390625 0.02375
76 0.42138671875 0.4875 0.0087890625 0.02375
72 0.400634765625 0.48875 0.00927734375 0.0225
98 0.410888671875 0.4884375 0.00927734375 0.024375
105 0.390380859375 0.48812500000000003 0.00927734375 0.02375
18 0.399169921875 0.4890625 0.08056640625 0.031875
1 0.391845703125 0.3103125 0.34326171875 0.476875
