2 0.2958984375 0.26875 0.388671875 0.535
11 0.29052734375 0.150625 0.2724609375 0.15125
17 0.194580078125 0.0903125 0.01318359375 0.014375
17 0.189697265625 0.10375000000000001 0.01416015625 0.0125
14 0.2939453125 0.149375 0.0185546875 0.07
127 0.275146484375 0.3909375 0.02978515625 0.030625
18 0.2763671875 0.455625 0.0888671875 0.03625
43 0.239013671875 0.4534375 0.01220703125 0.026875
81 0.25048828125 0.4546875 0.0107421875 0.026875
75 0.266845703125 0.4546875 0.01123046875 0.026875
94 0.279052734375 0.4553125 0.01123046875 0.028125
92 0.29052734375 0.4546875 0.01171875 0.024375
79 0.302001953125 0.45406250000000004 0.01123046875 0.025625000000000002
75 0.314208984375 0.4559375 0.01123046875 0.026875
