43 0.51171875 0.4059375 0.0078125 0.018125
81 0.520751953125 0.4059375 0.00732421875 0.018125
77 0.533447265625 0.40625 0.00732421875 0.01875
100 0.542724609375 0.40625 0.00732421875 0.01875
102 0.5517578125 0.4053125 0.0068359375 0.018125
72 0.56103515625 0.405625 0.0068359375 0.0175
71 0.5703125 0.40625 0.0029296875 0.01875
18 0.54150390625 0.4059375 0.0693359375 0.029375000000000002
127 0.541748046875 0.356875 0.02001953125 0.02125
17 0.45703125 0.145625 0.0107421875 0.00875
17 0.455322265625 0.155 0.01123046875 0.00875
17 0.46826171875 0.15687500000000001 0.0126953125 0.01
14 0.533935546875 0.178125 0.00732421875 0.03875
13 0.581787109375 0.1496875 0.02099609375 0.011875
11 0.536865234375 0.1915625 0.20166015625 0.123125
2 0.534912109375 0.2415625 0.28857421875 0.42562500000000003
43 0.037841796875 0.051250000000000004 0.00634765625 0.015
81 0.044189453125 0.051562500000000004 0.00634765625 0.015625
77 0.0537109375 0.051250000000000004 0.005859375 0.015
71 0.060791015625 0.051562500000000004 0.00244140625 0.015625
88 0.067138671875 0.051250000000000004 0.00634765625 0.015
93 0.073974609375 0.051250000000000004 0.00634765625 0.015
78 0.080810546875 0.051562500000000004 0.00537109375 0.014375
115 0.058837890625 0.026875 0.03369140625 0.015
18 0.05908203125 0.0503125 0.0517578125 0.020625
2 0.09228515625 0.0459375 0.1845703125 0.090625
