78 0.697998046875 0.26875 0.46533203125 0.53125
54 0.70458984375 0.15 0.3037109375 0.18875
59 0.584228515625 0.0834375 0.01220703125 0.019375
59 0.60107421875 0.0815625 0.0166015625 0.016875
59 0.583740234375 0.09875 0.01513671875 0.01875
59 0.600341796875 0.0990625 0.01708984375 0.018125
59 0.581298828125 0.1184375 0.01806640625 0.016875
59 0.5986328125 0.1178125 0.0146484375 0.020625
59 0.5791015625 0.1371875 0.015625 0.019375
59 0.59716796875 0.139375 0.01953125 0.0225
71 0.70751953125 0.1296875 0.01171875 0.083125
0 0.704345703125 0.42562500000000003 0.08056640625 0.03125
55 0.669677734375 0.4253125 0.01220703125 0.031875
10 0.68115234375 0.42562500000000003 0.0107421875 0.03
26 0.694091796875 0.4259375 0.00732421875 0.028125
11 0.704833984375 0.4253125 0.00732421875 0.033125
17 0.71337890625 0.42562500000000003 0.009765625 0.03
7 0.724609375 0.424375 0.009765625 0.025
5 0.737060546875 0.42562500000000003 0.00830078125 0.02625
60 0.706298828125 0.3259375 0.06201171875 0.051875000000000004