1 0.490234375 0.32375 0.33984375 0.4625
11 0.492919921875 0.2475 0.23681640625 0.12625
17 0.404052734375 0.2015625 0.01611328125 0.014375
17 0.420166015625 0.2009375 0.01318359375 0.015625
17 0.43798828125 0.2021875 0.015625 0.015625
17 0.575927734375 0.200625 0.01318359375 0.015
14 0.490478515625 0.244375 0.01025390625 0.03875
15 0.394775390625 0.29 0.03076171875 0.0325
122 0.501220703125 0.4553125 0.02783203125 0.018125
18 0.50146484375 0.504375 0.076171875 0.0275
43 0.468994140625 0.505625 0.01025390625 0.02125
81 0.478759765625 0.5053125 0.00830078125 0.023125
72 0.4931640625 0.5059375 0.009765625 0.021875000000000002
71 0.524169921875 0.5053125 0.00732421875 0.025625000000000002
80 0.534423828125 0.504375 0.00830078125 0.02375
94 0.50341796875 0.505625 0.0107421875 0.02125
94 0.513671875 0.5053125 0.009765625 0.023125
