17 0.39892578125 0.16125 0.0146484375 0.01375
14 0.488037109375 0.1859375 0.01123046875 0.039375
43 0.45556640625 0.489375 0.0107421875 0.02375
81 0.467041015625 0.4909375 0.01025390625 0.024375
77 0.482421875 0.4896875 0.01171875 0.025625000000000002
92 0.494140625 0.489375 0.0107421875 0.02625
84 0.5048828125 0.4884375 0.0107421875 0.025625000000000002
76 0.52880859375 0.48781250000000004 0.01171875 0.024375
18 0.491943359375 0.48812500000000003 0.08349609375 0.0275
111 0.490478515625 0.4328125 0.02880859375 0.036875
1 0.49072265625 0.28375 0.365234375 0.50625
