52 0.499267578125 0.364375 0.36962890625 0.5
54 0.499267578125 0.2721875 0.26513671875 0.146875
59 0.405029296875 0.23093750000000002 0.01708984375 0.020625
59 0.423095703125 0.23125 0.01611328125 0.02375
59 0.39892578125 0.2496875 0.0263671875 0.020625
0 0.501953125 0.5446875 0.0830078125 0.034375
55 0.4658203125 0.5453125 0.0107421875 0.035625000000000004
10 0.47802734375 0.54625 0.0107421875 0.03125
17 0.49267578125 0.5428125 0.0107421875 0.034375
11 0.503173828125 0.54625 0.00830078125 0.03125
15 0.513916015625 0.5453125 0.00830078125 0.035625000000000004
4 0.522705078125 0.546875 0.01220703125 0.03625
7 0.5341796875 0.54875 0.0107421875 0.03625
85 0.502685546875 0.5059375 0.05224609375 0.035625000000000004