52 0.39013671875 0.29281250000000003 0.3974609375 0.524375
54 0.39892578125 0.2028125 0.2890625 0.169375
59 0.30029296875 0.1471875 0.0126953125 0.009375
59 0.306884765625 0.1596875 0.02197265625 0.013125
59 0.299072265625 0.1778125 0.01513671875 0.018125
74 0.396484375 0.2434375 0.0302734375 0.020625
0 0.39208984375 0.509375 0.09375 0.04
55 0.351806640625 0.5125 0.01513671875 0.04125
10 0.364013671875 0.513125 0.01416015625 0.0375
19 0.380859375 0.51125 0.0126953125 0.03375
25 0.393310546875 0.51125 0.01220703125 0.03375
11 0.405517578125 0.51125 0.01220703125 0.03375
16 0.417236328125 0.50875 0.01318359375 0.02875
8 0.43017578125 0.51 0.0126953125 0.03125
93 0.388916015625 0.4365625 0.03564453125 0.025625000000000002