17 0.368896484375 0.1 0.01416015625 0.0125
17 0.3828125 0.096875 0.01171875 0.00875
12 0.398681640625 0.099375 0.04638671875 0.01
12 0.48974609375 0.09875 0.0546875 0.0125
11 0.442626953125 0.1434375 0.22412109375 0.12562500000000001
125 0.447265625 0.301875 0.0302734375 0.035
43 0.419677734375 0.3575 0.00927734375 0.02125
81 0.428466796875 0.3584375 0.00732421875 0.019375
75 0.4404296875 0.3571875 0.0087890625 0.019375
72 0.44970703125 0.35781250000000003 0.0087890625 0.019375
73 0.476318359375 0.35781250000000003 0.00732421875 0.020625
92 0.45849609375 0.3575 0.0087890625 0.02
101 0.4677734375 0.356875 0.0078125 0.02
18 0.447265625 0.356875 0.0712890625 0.03
1 0.442626953125 0.21406250000000002 0.30908203125 0.389375
17 0.90380859375 0.4503125 0.0205078125 0.013125
17 0.903076171875 0.4678125 0.01611328125 0.020625
17 0.902099609375 0.4903125 0.01611328125 0.010625
11 0.9326171875 0.5259375000000001 0.1337890625 0.231875
3 0.896484375 0.56625 0.2021484375 0.7575000000000001
