53 0.4655639913232104 0.3200522534291313 0.3866594360086768 0.48334421946440237
54 0.46041214750542303 0.1868060091443501 0.25488069414316705 0.14892227302416722
59 0.36496746203904556 0.13716525146962769 0.01735357917570499 0.011757021554539518
59 0.3671366594360087 0.15480078380143697 0.024945770065075923 0.010450685826257348
71 0.4595986984815618 0.178314826910516 0.022234273318872018 0.06009144350097975
74 0.4631236442516269 0.22566949706074463 0.039045553145336226 0.024167210973220117
0 0.47342733188720176 0.4559111691704768 0.0824295010845987 0.032658393207054215
55 0.4400759219088937 0.4559111691704768 0.012472885032537961 0.028739386022207707
10 0.45092190889370937 0.45754408883082953 0.009219088937093277 0.035924232527759635
14 0.46529284164859 0.4549314173742652 0.009761388286334056 0.03200522534291313
4 0.4750542299349241 0.4562377531025474 0.009761388286334056 0.028086218158066625
18 0.4861713665943601 0.45819725669497063 0.008134490238611713 0.02939255388634879
15 0.49647505422993493 0.45525800130633576 0.010303687635574838 0.030045721750489876
7 0.5081344902386117 0.4549314173742652 0.01193058568329718 0.02939255388634879
113 0.47261388286334055 0.3781841933376878 0.028741865509761388 0.024820378837361202