17 0.308349609375 0.15 0.01025390625 0.00875
17 0.302734375 0.1615625 0.01171875 0.008125
14 0.390869140625 0.186875 0.00830078125 0.045
15 0.373046875 0.2353125 0.0302734375 0.018125
16 0.3974609375 0.2359375 0.015625 0.011875
12 0.443603515625 0.1528125 0.05224609375 0.015625
11 0.392822265625 0.19187500000000002 0.21826171875 0.11125
122 0.394775390625 0.37593750000000004 0.02978515625 0.015625
43 0.3662109375 0.4196875 0.0107421875 0.023125
81 0.375732421875 0.4196875 0.00830078125 0.021875000000000002
106 0.388427734375 0.4190625 0.01025390625 0.021875000000000002
74 0.397705078125 0.41875 0.00927734375 0.0225
74 0.406494140625 0.4184375 0.00830078125 0.021875000000000002
88 0.41650390625 0.41875 0.009765625 0.025
77 0.42578125 0.4190625 0.009765625 0.024375
18 0.396240234375 0.41875 0.07275390625 0.03
1 0.391357421875 0.2609375 0.31298828125 0.400625
