2 0.82421875 0.2775 0.3359375 0.4675
11 0.83154296875 0.205625 0.2158203125 0.11750000000000001
17 0.737548828125 0.15812500000000002 0.01318359375 0.01125
17 0.750244140625 0.1575 0.01220703125 0.015
17 0.764892578125 0.15625 0.01123046875 0.0125
17 0.780029296875 0.15687500000000001 0.01318359375 0.01125
17 0.735107421875 0.1703125 0.01025390625 0.013125
17 0.748291015625 0.1696875 0.01025390625 0.009375
113 0.85546875 0.4015625 0.021484375 0.024375
18 0.85546875 0.4571875 0.0712890625 0.029375000000000002
43 0.82568359375 0.45687500000000003 0.009765625 0.02375
81 0.83447265625 0.45625 0.0087890625 0.0225
100 0.8486328125 0.45625 0.0107421875 0.0225
90 0.87744140625 0.455625 0.0087890625 0.02125
75 0.857666015625 0.45625 0.00927734375 0.0225
78 0.866943359375 0.4559375 0.00830078125 0.023125
76 0.886474609375 0.45687500000000003 0.00927734375 0.02125
