52 0.317138671875 0.32156250000000003 0.32177734375 0.474375
54 0.31494140625 0.2703125 0.2421875 0.115625
59 0.24462890625 0.233125 0.0166015625 0.01
59 0.257568359375 0.2253125 0.01220703125 0.010625
59 0.272216796875 0.2259375 0.01513671875 0.010625
0 0.312744140625 0.4975 0.07861328125 0.03125
55 0.27978515625 0.4971875 0.013671875 0.026875
10 0.29150390625 0.4996875 0.0078125 0.029375000000000002
39 0.302734375 0.49843750000000003 0.0078125 0.029375000000000002
14 0.314453125 0.49843750000000003 0.0087890625 0.026875
25 0.32421875 0.4990625 0.009765625 0.028125
26 0.332763671875 0.499375 0.00732421875 0.03
8 0.345947265625 0.499375 0.01416015625 0.02875
63 0.311279296875 0.4446875 0.04150390625 0.044375