52 0.47314453125 0.304375 0.3974609375 0.54
54 0.47607421875 0.1909375 0.2861328125 0.15937500000000002
59 0.40283203125 0.140625 0.017578125 0.0175
59 0.42138671875 0.1378125 0.01953125 0.021875000000000002
0 0.4775390625 0.46968750000000004 0.095703125 0.035625000000000004
55 0.4384765625 0.4734375 0.0146484375 0.034375
10 0.45166015625 0.4734375 0.0107421875 0.035625000000000004
39 0.467041015625 0.47250000000000003 0.01416015625 0.03
6 0.47900390625 0.47500000000000003 0.0107421875 0.03125
12 0.489990234375 0.47250000000000003 0.01123046875 0.03375
8 0.5009765625 0.4728125 0.0107421875 0.031875
26 0.514892578125 0.4709375 0.01220703125 0.028125
63 0.475830078125 0.4109375 0.04052734375 0.044375