1 0.373046875 0.305 0.3515625 0.5175
11 0.37158203125 0.21281250000000002 0.255859375 0.134375
111 0.367431640625 0.455 0.02978515625 0.04125
18 0.36865234375 0.51125 0.0927734375 0.0375
14 0.374267578125 0.215625 0.01513671875 0.07
15 0.303466796875 0.25875 0.04833984375 0.03
17 0.281005859375 0.1603125 0.01416015625 0.015625
17 0.276611328125 0.176875 0.01708984375 0.0125
17 0.298583984375 0.1596875 0.01513671875 0.016875
43 0.33203125 0.509375 0.0107421875 0.02875
81 0.343017578125 0.508125 0.01123046875 0.02875
98 0.359130859375 0.510625 0.01123046875 0.03125
79 0.370849609375 0.51 0.01025390625 0.03
97 0.38330078125 0.510625 0.0107421875 0.02875
78 0.395751953125 0.51 0.01220703125 0.0275
77 0.406982421875 0.510625 0.01220703125 0.02875
