2 0.4716796875 0.120625 0.302734375 0.24
113 0.473388671875 0.1265625 0.02392578125 0.026875
18 0.4736328125 0.180625 0.0712890625 0.02375
43 0.443359375 0.18156250000000002 0.0107421875 0.021875000000000002
81 0.452880859375 0.18156250000000002 0.00830078125 0.021875000000000002
71 0.4658203125 0.18156250000000002 0.005859375 0.021875000000000002
83 0.475341796875 0.180625 0.01123046875 0.02375
83 0.485107421875 0.18 0.00830078125 0.025
79 0.494384765625 0.180625 0.00927734375 0.02625
75 0.504638671875 0.180625 0.00830078125 0.02375
