1 0.642578125 0.2725 0.3984375 0.5375
122 0.6455078125 0.3953125 0.0224609375 0.014375
18 0.646728515625 0.4884375 0.08642578125 0.033125
43 0.609619140625 0.4903125 0.01220703125 0.029375000000000002
88 0.62158203125 0.4896875 0.01171875 0.030625
78 0.637451171875 0.4896875 0.01123046875 0.028125
75 0.6494140625 0.4890625 0.0107421875 0.029375000000000002
79 0.660400390625 0.4884375 0.01123046875 0.025625000000000002
76 0.67138671875 0.4884375 0.0107421875 0.028125
79 0.68310546875 0.48781250000000004 0.0107421875 0.026875
11 0.63916015625 0.1790625 0.2666015625 0.128125
17 0.56103515625 0.12875 0.0107421875 0.00875
17 0.543701171875 0.13 0.01318359375 0.01
14 0.63720703125 0.171875 0.0078125 0.02875
