7 0.1279296875 0.075 0.1171875 0.15
125 0.711669921875 0.45 0.03662109375 0.045
43 0.676513671875 0.51625 0.01025390625 0.02375
81 0.6884765625 0.5165625 0.009765625 0.023125
104 0.70458984375 0.515625 0.009765625 0.0225
79 0.7158203125 0.5146875 0.0107421875 0.021875000000000002
96 0.7275390625 0.5153125000000001 0.0087890625 0.023125
72 0.739501953125 0.5146875 0.01025390625 0.021875000000000002
78 0.751220703125 0.514375 0.00927734375 0.0225
18 0.7138671875 0.515625 0.08984375 0.035
17 0.618896484375 0.173125 0.01513671875 0.0125
17 0.63525390625 0.174375 0.013671875 0.01375
17 0.598388671875 0.19062500000000002 0.01513671875 0.01375
17 0.614501953125 0.18937500000000002 0.01708984375 0.0125
17 0.609375 0.201875 0.017578125 0.0125
17 0.592041015625 0.2178125 0.01513671875 0.013125
16 0.66064453125 0.2621875 0.0283203125 0.034375
11 0.70361328125 0.2278125 0.2822265625 0.153125
1 0.70166015625 0.31125 0.3740234375 0.515
