53 0.626708984375 0.2846875 0.42138671875 0.568125
54 0.6201171875 0.193125 0.27734375 0.18625
59 0.5146484375 0.13375 0.013671875 0.00875
59 0.516357421875 0.1596875 0.02001953125 0.013125
59 0.5166015625 0.178125 0.0185546875 0.015
0 0.630126953125 0.5025000000000001 0.09716796875 0.04
55 0.589599609375 0.5046875 0.01318359375 0.038125
10 0.603271484375 0.5059375 0.01220703125 0.035625000000000004
3 0.619140625 0.504375 0.0107421875 0.03625
37 0.63134765625 0.5034375 0.0107421875 0.035625000000000004
8 0.6435546875 0.501875 0.01171875 0.035
6 0.655517578125 0.5040625 0.01123046875 0.038125
5 0.6669921875 0.50375 0.0107421875 0.03875
86 0.62744140625 0.418125 0.041015625 0.02375
66 0.533447265625 0.24531250000000002 0.06201171875 0.031875