16 0.87646484375 0.324375 0.0400390625 0.01875
16 0.93310546875 0.320625 0.06640625 0.02125
11 0.8984375 0.2775 0.201171875 0.13375
144 0.953857421875 0.5025000000000001 0.03857421875 0.02375
43 0.918212890625 0.5371875 0.01025390625 0.023125
81 0.9287109375 0.5375 0.0087890625 0.0225
101 0.94384765625 0.5371875 0.009765625 0.023125
96 0.955078125 0.5375 0.009765625 0.02375
76 0.9658203125 0.538125 0.0107421875 0.02375
71 0.9765625 0.5375 0.0068359375 0.0225
73 0.987060546875 0.5375 0.00927734375 0.02375
18 0.952880859375 0.5365625 0.08154296875 0.029375000000000002
1 0.872802734375 0.3625 0.25146484375 0.47500000000000003
