178 0.481689453125 0.404375 0.02490234375 0.0275
43 0.45166015625 0.48031250000000003 0.0087890625 0.019375
81 0.460693359375 0.4796875 0.00830078125 0.019375
80 0.47412109375 0.4796875 0.0087890625 0.018125
78 0.4833984375 0.4796875 0.0078125 0.018125
88 0.4931640625 0.4790625 0.0078125 0.019375
78 0.502685546875 0.4790625 0.00732421875 0.019375
90 0.512451171875 0.4790625 0.00732421875 0.019375
18 0.4814453125 0.4790625 0.072265625 0.028125
14 0.482177734375 0.21125 0.00830078125 0.051250000000000004
13 0.518310546875 0.1965625 0.02197265625 0.011875
17 0.38037109375 0.171875 0.01171875 0.01
17 0.379150390625 0.1825 0.01318359375 0.00875
11 0.470947265625 0.2196875 0.23876953125 0.129375
2 0.468994140625 0.279375 0.33251953125 0.47375
151 0.978515625 0.0840625 0.0380859375 0.011875
43 0.95556640625 0.168125 0.0068359375 0.01625
81 0.963134765625 0.1684375 0.00634765625 0.016875
73 0.97314453125 0.168125 0.005859375 0.01625
96 0.981201171875 0.16875 0.00732421875 0.0175
75 0.989013671875 0.16875 0.00634765625 0.015
102 0.99609375 0.16875 0.005859375 0.0175
18 0.974609375 0.16875 0.048828125 0.02375
11 0.94775390625 0.0346875 0.103515625 0.056875
