17 0.33984375 0.08375 0.015625 0.0125
17 0.33740234375 0.098125 0.013671875 0.01375
17 0.329345703125 0.111875 0.01416015625 0.01
15 0.322998046875 0.1771875 0.02587890625 0.024375
12 0.377197265625 0.090625 0.06689453125 0.02625
12 0.50390625 0.09 0.072265625 0.02625
11 0.43798828125 0.1440625 0.2666015625 0.149375
112 0.43603515625 0.37375 0.033203125 0.02875
43 0.400146484375 0.4615625 0.01025390625 0.021875000000000002
81 0.41162109375 0.46187500000000004 0.0107421875 0.0225
75 0.42724609375 0.46187500000000004 0.0107421875 0.0225
79 0.4501953125 0.46125 0.009765625 0.02125
83 0.4619140625 0.4615625 0.0107421875 0.020625
79 0.473388671875 0.46187500000000004 0.01025390625 0.02125
18 0.43701171875 0.46125 0.0849609375 0.0225
2 0.441650390625 0.2534375 0.40283203125 0.509375
