7 0.9228515625 0.779375 0.1552734375 0.37
111 0.344970703125 0.4440625 0.02880859375 0.038125
24 0.313232421875 0.49875 0.00927734375 0.02
82 0.32373046875 0.4975 0.0087890625 0.02125
84 0.337890625 0.4971875 0.009765625 0.020625
71 0.34814453125 0.4971875 0.0029296875 0.020625
93 0.3583984375 0.496875 0.009765625 0.02125
71 0.368896484375 0.49625 0.00341796875 0.02
78 0.37890625 0.496875 0.0087890625 0.02125
18 0.345947265625 0.4975 0.07958984375 0.03125
16 0.344970703125 0.2671875 0.01611328125 0.030625
15 0.36572265625 0.27968750000000003 0.0205078125 0.010625
17 0.257080078125 0.2003125 0.01513671875 0.009375
17 0.255859375 0.2121875 0.0126953125 0.009375
11 0.345458984375 0.2371875 0.24951171875 0.140625
1 0.345458984375 0.32375 0.35400390625 0.43125
