91 0.001708984375 0.200625 0.00439453125 0.02125
75 0.009521484375 0.2009375 0.00830078125 0.020625
74 0.019287109375 0.200625 0.00732421875 0.02125
77 0.028076171875 0.200625 0.00830078125 0.02125
18 0.017333984375 0.2003125 0.03466796875 0.028125
162 0.00439453125 0.1315625 0.009765625 0.010625
11 0.104736328125 0.035937500000000004 0.06689453125 0.009375
1 0.0947265625 0.12562500000000001 0.189453125 0.25375000000000003
112 0.5380859375 0.44 0.0302734375 0.02625
43 0.501220703125 0.49625 0.01025390625 0.02375
81 0.51220703125 0.4965625 0.0087890625 0.023125
77 0.529541015625 0.4971875 0.01025390625 0.024375
71 0.540771484375 0.4971875 0.00341796875 0.024375
102 0.552978515625 0.496875 0.00927734375 0.025
77 0.564697265625 0.496875 0.00830078125 0.02125
100 0.576416015625 0.4978125 0.00927734375 0.023125
18 0.53857421875 0.496875 0.08984375 0.035
18 0.4453125 0.148125 0.015625 0.0125
18 0.4619140625 0.1478125 0.0126953125 0.010625
11 0.53564453125 0.2109375 0.2626953125 0.153125
1 0.53564453125 0.30375 0.380859375 0.5175
