17 0.361083984375 0.2503125 0.01806640625 0.013125
17 0.37890625 0.253125 0.015625 0.015
15 0.421875 0.32406250000000003 0.021484375 0.030625
11 0.455810546875 0.2853125 0.26025390625 0.138125
127 0.454345703125 0.49343750000000003 0.02978515625 0.031875
43 0.422119140625 0.5475 0.00927734375 0.0225
81 0.4326171875 0.5478125 0.009765625 0.020625
75 0.446533203125 0.5478125 0.00927734375 0.024375
76 0.457763671875 0.5471875 0.01025390625 0.023125
72 0.478271484375 0.5475 0.00927734375 0.02375
85 0.48828125 0.5478125 0.0107421875 0.024375
100 0.4677734375 0.5478125 0.0087890625 0.024375
18 0.455322265625 0.5484375 0.08154296875 0.033125
1 0.45703125 0.36843750000000003 0.353515625 0.484375
