52 0.47509765625 0.255625 0.326171875 0.4225
54 0.475830078125 0.2015625 0.22509765625 0.134375
59 0.391845703125 0.1471875 0.01318359375 0.018125
59 0.408935546875 0.1440625 0.01513671875 0.016875
59 0.42431640625 0.1453125 0.015625 0.015625
0 0.48095703125 0.41531250000000003 0.08203125 0.035625000000000004
55 0.448486328125 0.4165625 0.00927734375 0.033125
10 0.45849609375 0.4159375 0.0087890625 0.028125
11 0.470947265625 0.4146875 0.00927734375 0.026875
11 0.47998046875 0.4134375 0.0078125 0.026875
32 0.4892578125 0.41531250000000003 0.0087890625 0.030625
34 0.4990234375 0.41375 0.0078125 0.02875
7 0.509521484375 0.4140625 0.01123046875 0.028125
63 0.476806640625 0.3646875 0.03564453125 0.034375