134 0.4404296875 0.390625 0.033203125 0.03375
43 0.4033203125 0.4603125 0.0087890625 0.023125
81 0.414794921875 0.4609375 0.00830078125 0.021875000000000002
98 0.430419921875 0.4603125 0.00927734375 0.020625
75 0.442138671875 0.460625 0.00830078125 0.0225
79 0.452880859375 0.45937500000000003 0.00927734375 0.0225
102 0.464599609375 0.4596875 0.00830078125 0.023125
76 0.476318359375 0.4596875 0.00830078125 0.021875000000000002
17 0.3427734375 0.13125 0.013671875 0.01625
17 0.357421875 0.13125 0.0126953125 0.01625
17 0.3740234375 0.1309375 0.015625 0.016875
14 0.4404296875 0.1546875 0.009765625 0.050625
15 0.44580078125 0.216875 0.04296875 0.03125
11 0.439208984375 0.18625 0.29345703125 0.165
17 0.3291015625 0.1325 0.0126953125 0.01125
3 0.444091796875 0.27625 0.37255859375 0.55125
