18 0.0673828125 0.00875 0.056640625 0.015
2 0.09326171875 0.029687500000000002 0.1865234375 0.059375000000000004
17 0.42431640625 0.16468750000000001 0.0166015625 0.014375
17 0.423095703125 0.176875 0.01708984375 0.0125
15 0.460205078125 0.24531250000000002 0.02685546875 0.026875
15 0.482666015625 0.2521875 0.01806640625 0.013125
11 0.52001953125 0.2121875 0.2548828125 0.141875
120 0.531005859375 0.4121875 0.03369140625 0.025625000000000002
43 0.49951171875 0.4721875 0.0107421875 0.021875000000000002
81 0.510009765625 0.4734375 0.00830078125 0.023125
75 0.5244140625 0.4734375 0.009765625 0.021875000000000002
79 0.5341796875 0.4721875 0.0087890625 0.021875000000000002
104 0.544677734375 0.4728125 0.00830078125 0.023125
71 0.5546875 0.4721875 0.0078125 0.021875000000000002
90 0.56640625 0.4715625 0.0078125 0.021875000000000002
18 0.531982421875 0.473125 0.08154296875 0.03375
2 0.51708984375 0.2765625 0.3583984375 0.491875
