53 0.472412109375 0.29875 0.35595703125 0.515
54 0.4697265625 0.2121875 0.2568359375 0.140625
59 0.3828125 0.1728125 0.021484375 0.016875
59 0.383544921875 0.18812500000000001 0.02001953125 0.01375
0 0.4833984375 0.4690625 0.0830078125 0.030625
55 0.4462890625 0.4690625 0.0146484375 0.034375
10 0.45849609375 0.4690625 0.01171875 0.026875
30 0.4736328125 0.46875 0.01171875 0.03125
8 0.48388671875 0.4684375 0.009765625 0.031875
8 0.49365234375 0.466875 0.009765625 0.03125
18 0.50390625 0.469375 0.0126953125 0.03
16 0.515869140625 0.469375 0.01220703125 0.0275
83 0.481201171875 0.42312500000000003 0.02392578125 0.03125