17 0.572265625 0.1928125 0.0087890625 0.006875
17 0.587158203125 0.1934375 0.01611328125 0.011875
17 0.568603515625 0.2025 0.01318359375 0.01
17 0.581298828125 0.204375 0.00830078125 0.01
16 0.63330078125 0.2584375 0.0126953125 0.015625
16 0.65087890625 0.25906250000000003 0.0166015625 0.014375
15 0.7412109375 0.2721875 0.017578125 0.025625000000000002
11 0.64990234375 0.23875000000000002 0.2265625 0.1225
125 0.653076171875 0.40875 0.02880859375 0.03125
43 0.6220703125 0.4578125 0.0087890625 0.020625
81 0.631591796875 0.4590625 0.00830078125 0.019375
104 0.645263671875 0.45937500000000003 0.00732421875 0.01875
103 0.655029296875 0.45937500000000003 0.00830078125 0.01875
79 0.664794921875 0.45937500000000003 0.00830078125 0.01875
76 0.673583984375 0.4590625 0.00732421875 0.020625
76 0.683837890625 0.45875 0.00927734375 0.02
18 0.65234375 0.4575 0.080078125 0.035
1 0.650146484375 0.3071875 0.31884765625 0.426875
