51 0.40185546875 0.2721875 0.318359375 0.435625
54 0.4033203125 0.2034375 0.2333984375 0.11812500000000001
59 0.32568359375 0.1653125 0.017578125 0.013125
59 0.322998046875 0.176875 0.02099609375 0.01125
66 0.332763671875 0.23500000000000001 0.02880859375 0.02875
74 0.405029296875 0.2334375 0.02294921875 0.023125
0 0.40185546875 0.43093750000000003 0.072265625 0.033125
55 0.368896484375 0.43125 0.01513671875 0.03375
10 0.381591796875 0.43 0.01025390625 0.02625
26 0.39306640625 0.43 0.0048828125 0.0275
5 0.4033203125 0.431875 0.005859375 0.0325
30 0.411376953125 0.43125 0.00927734375 0.0275
40 0.42138671875 0.4296875 0.0087890625 0.028125
15 0.432373046875 0.4303125 0.00927734375 0.033125
72 0.401123046875 0.383125 0.03173828125 0.0375