52 0.6947496947496947 0.30507812500000003 0.4945054945054945 0.60859375
54 0.7048229548229549 0.18125000000000002 0.34615384615384615 0.19687500000000002
59 0.5912698412698413 0.133203125 0.023809523809523808 0.025781250000000002
0 0.7148962148962149 0.547265625 0.10989010989010989 0.049218750000000006
55 0.6663614163614163 0.547265625 0.01282051282051282 0.05390625
10 0.681929181929182 0.544921875 0.010989010989010988 0.04453125
14 0.7011599511599511 0.544921875 0.01282051282051282 0.03515625
26 0.7130647130647131 0.54609375 0.007326007326007326 0.046875
28 0.7286324786324786 0.547265625 0.016483516483516484 0.04453125
14 0.7423687423687424 0.54609375 0.014652014652014652 0.0421875
21 0.7597680097680097 0.542578125 0.016483516483516484 0.049218750000000006
64 0.7066544566544567 0.467578125 0.045787545787545784 0.049218750000000006