17 0.53515625 0.1759375 0.015625 0.015625
17 0.532470703125 0.19062500000000002 0.01708984375 0.0125
11 0.61962890625 0.22312500000000002 0.2451171875 0.1375
149 0.620361328125 0.434375 0.02099609375 0.02625
43 0.58837890625 0.4734375 0.009765625 0.023125
81 0.597412109375 0.4740625 0.00830078125 0.021875000000000002
83 0.611572265625 0.47500000000000003 0.00830078125 0.0225
81 0.6318359375 0.4740625 0.0087890625 0.021875000000000002
77 0.621826171875 0.4746875 0.01025390625 0.024375
77 0.652587890625 0.474375 0.00927734375 0.02125
80 0.641845703125 0.4740625 0.01025390625 0.023125
18 0.619873046875 0.4753125 0.08056640625 0.031875
1 0.619140625 0.31 0.3466796875 0.46
