1 0.4462890625 0.26875 0.380859375 0.515
11 0.4443359375 0.1875 0.259765625 0.11750000000000001
17 0.337890625 0.14250000000000002 0.013671875 0.01375
18 0.4443359375 0.48625 0.08984375 0.0325
127 0.4423828125 0.4146875 0.029296875 0.034375
43 0.407958984375 0.4859375 0.01220703125 0.029375000000000002
81 0.41943359375 0.486875 0.0107421875 0.0275
71 0.436279296875 0.486875 0.00927734375 0.0275
90 0.447021484375 0.485 0.01220703125 0.02375
79 0.45849609375 0.484375 0.0107421875 0.02875
79 0.47021484375 0.4834375 0.0107421875 0.026875
80 0.48095703125 0.4840625 0.0107421875 0.025625000000000002
