52 0.37313034188034194 0.2728768926925609 0.35737179487179493 0.46675444371296904
54 0.37526709401709407 0.18762343647136273 0.26121794871794873 0.130348913759052
59 0.2938034188034188 0.1468071099407505 0.01495726495726496 0.015799868334430547
59 0.31036324786324787 0.14581961816984856 0.018162393162393164 0.013824884792626727
0 0.37980769230769235 0.41968400263331135 0.07692307692307693 0.029624753127057275
55 0.3464209401709402 0.4183673469387755 0.01014957264957265 0.029624753127057275
10 0.35737179487179493 0.4190256747860434 0.011752136752136754 0.03094140882159315
15 0.37099358974358976 0.4213298222514812 0.006944444444444445 0.03028308097432521
42 0.38167735042735046 0.4210006583278472 0.009081196581196582 0.026991441737985514
39 0.39182692307692313 0.41968400263331135 0.009081196581196582 0.026991441737985514
6 0.4014423076923077 0.41968400263331135 0.008012820512820514 0.026991441737985514
11 0.41132478632478636 0.4213298222514812 0.011752136752136754 0.026333113890717574
72 0.3776709401709402 0.3788676761026991 0.028846153846153848 0.03489137590520079