7 0.05615234375 0.1903125 0.111328125 0.335625
121 0.41796875 0.39125 0.0341796875 0.01625
43 0.38720703125 0.46125 0.0078125 0.02
81 0.397216796875 0.46125 0.00732421875 0.02
76 0.411376953125 0.46125 0.00830078125 0.01875
72 0.421630859375 0.46125 0.00732421875 0.02
100 0.431640625 0.4603125 0.0078125 0.019375
77 0.44140625 0.460625 0.0078125 0.02
90 0.45166015625 0.4596875 0.0087890625 0.019375
18 0.4189453125 0.46 0.078125 0.03
17 0.3330078125 0.1771875 0.009765625 0.005625
17 0.3271484375 0.186875 0.0126953125 0.01125
17 0.32275390625 0.2003125 0.0126953125 0.010625
11 0.4150390625 0.2259375 0.236328125 0.151875
1 0.41357421875 0.299375 0.318359375 0.4425
