52 0.3353257621040048 0.3258533501896334 0.447101016138673 0.5670037926675096
54 0.3448894202032277 0.2733881163084703 0.3203825463239689 0.14981036662452593
59 0.22564255827854152 0.2231352718078382 0.023311416616855946 0.007585335018963338
59 0.2220561864913329 0.2335651074589128 0.02092050209205021 0.008217446270543617
59 0.22624028690974296 0.24810366624525917 0.022115959354453076 0.018331226295828066
0 0.34608487746563055 0.5379266750948167 0.1040047818290496 0.030341340075853353
55 0.30215182307232513 0.5379266750948167 0.016138673042438732 0.03286978508217447
10 0.31649731022115957 0.5366624525916561 0.014943215780035862 0.03286978508217447
36 0.3326359832635983 0.538558786346397 0.0173341303048416 0.034134007585335024
42 0.3478780633592349 0.5372945638432365 0.013150029886431559 0.03666245259165613
15 0.3607292289300657 0.5366624525916561 0.010161386730424386 0.030341340075853353
5 0.37328153018529586 0.5366624525916561 0.012552301255230124 0.03286978508217447
6 0.3885236102809324 0.5353982300884956 0.013150029886431559 0.030341340075853353
63 0.34429169157202627 0.4785082174462706 0.045427375971309025 0.04171934260429836