43 0.32763671875 0.4734375 0.009765625 0.023125
181 0.366455078125 0.421875 0.02001953125 0.0125
81 0.33935546875 0.4734375 0.009765625 0.023125
75 0.355224609375 0.4740625 0.00927734375 0.024375
85 0.3671875 0.4746875 0.009765625 0.023125
78 0.37841796875 0.4746875 0.009765625 0.023125
76 0.389892578125 0.4746875 0.01025390625 0.023125
72 0.4013671875 0.4746875 0.009765625 0.023125
18 0.364501953125 0.4734375 0.08740234375 0.033125
12 0.43994140625 0.129375 0.06640625 0.03375
17 0.288818359375 0.120625 0.01513671875 0.0125
17 0.305908203125 0.1184375 0.01220703125 0.011875
17 0.321533203125 0.11937500000000001 0.01513671875 0.01375
17 0.33642578125 0.11875000000000001 0.013671875 0.01125
17 0.304443359375 0.130625 0.01220703125 0.01125
17 0.282470703125 0.133125 0.01318359375 0.01
17 0.280517578125 0.145625 0.01318359375 0.01125
17 0.2763671875 0.15875 0.0126953125 0.01125
17 0.299072265625 0.1440625 0.01318359375 0.011875
17 0.29150390625 0.1575 0.013671875 0.01375
17 0.314208984375 0.145 0.01318359375 0.01
17 0.326171875 0.13125 0.0107421875 0.0125
17 0.341552734375 0.130625 0.01513671875 0.0125
17 0.33203125 0.14250000000000002 0.0146484375 0.01125
17 0.330078125 0.1565625 0.013671875 0.011875
17 0.3115234375 0.1575 0.0146484375 0.0125
1 0.378173828125 0.18375 0.27880859375 0.1525
11 0.37939453125 0.2671875 0.3701171875 0.503125
