17 0.39990234375 0.16375 0.0107421875 0.01
17 0.396728515625 0.174375 0.01513671875 0.01375
17 0.394775390625 0.1884375 0.01318359375 0.015625
11 0.485595703125 0.2096875 0.24267578125 0.133125
134 0.4853515625 0.3803125 0.0283203125 0.028125
43 0.455810546875 0.43093750000000003 0.00927734375 0.020625
81 0.465087890625 0.43125 0.00927734375 0.02
75 0.478271484375 0.4315625 0.00927734375 0.019375
75 0.507080078125 0.4328125 0.00830078125 0.020625
71 0.488037109375 0.43125 0.00634765625 0.02125
101 0.515869140625 0.4328125 0.00830078125 0.020625
102 0.496826171875 0.4328125 0.00732421875 0.021875000000000002
18 0.485595703125 0.431875 0.07568359375 0.0325
3 0.486328125 0.2634375 0.3251953125 0.526875
