2 0.318359375 0.3025 0.34375 0.4875
11 0.319580078125 0.2259375 0.25439453125 0.123125
17 0.247314453125 0.1765625 0.01318359375 0.015625
17 0.228515625 0.1765625 0.015625 0.015625
17 0.220947265625 0.1921875 0.01513671875 0.009375
178 0.31787109375 0.440625 0.0185546875 0.02375
18 0.319580078125 0.4728125 0.07861328125 0.029375000000000002
43 0.2861328125 0.4721875 0.009765625 0.025625000000000002
81 0.296630859375 0.4728125 0.01123046875 0.026875
93 0.3115234375 0.4709375 0.009765625 0.025625000000000002
77 0.32177734375 0.4709375 0.0087890625 0.028125
93 0.3310546875 0.4709375 0.009765625 0.025625000000000002
82 0.341552734375 0.4715625 0.01123046875 0.026875
78 0.35302734375 0.4715625 0.009765625 0.026875
