1 0.607421875 0.23500000000000001 0.3046875 0.3975
11 0.609375 0.163125 0.2041015625 0.10375000000000001
111 0.621337890625 0.336875 0.02392578125 0.0325
18 0.6220703125 0.3825 0.0712890625 0.03125
43 0.593505859375 0.3828125 0.00927734375 0.025625000000000002
81 0.6025390625 0.3828125 0.0107421875 0.025625000000000002
90 0.615478515625 0.3809375 0.00830078125 0.021875000000000002
75 0.625 0.3809375 0.0087890625 0.024375
73 0.634033203125 0.3809375 0.00732421875 0.024375
73 0.652099609375 0.380625 0.00830078125 0.02125
86 0.642822265625 0.3803125 0.00830078125 0.023125
17 0.531005859375 0.12562500000000001 0.01318359375 0.01125
17 0.52294921875 0.1384375 0.01171875 0.011875
17 0.547119140625 0.1265625 0.01123046875 0.013125
