17 0.2890625 0.1821875 0.0126953125 0.013125
17 0.30712890625 0.18156250000000002 0.017578125 0.011875
16 0.36669921875 0.26 0.01171875 0.02
11 0.369140625 0.23125 0.208984375 0.12125
112 0.36962890625 0.42875 0.0244140625 0.02125
43 0.339111328125 0.475625 0.01123046875 0.025
81 0.349365234375 0.47625 0.01123046875 0.02625
71 0.36328125 0.47781250000000003 0.0087890625 0.026875
73 0.373291015625 0.4759375 0.00927734375 0.025625000000000002
77 0.4052734375 0.47625 0.0107421875 0.02375
103 0.38330078125 0.47750000000000004 0.01171875 0.02625
101 0.394287109375 0.47625 0.01220703125 0.02375
18 0.370849609375 0.4759375 0.08154296875 0.030625
18 0.3701171875 0.29625 0.3271484375 0.45375
