52 0.3066109422492401 0.2921383647798742 0.5433130699088146 0.489937106918239
54 0.29331306990881456 0.19999999999999998 0.3860182370820669 0.14339622641509434
0 0.29559270516717323 0.5062893081761006 0.12158054711246201 0.03522012578616352
55 0.24202127659574468 0.5081761006289308 0.020516717325227963 0.0389937106918239
10 0.2621580547112462 0.5091194968553459 0.016717325227963525 0.035849056603773584
2 0.2803951367781155 0.5081761006289308 0.0182370820668693 0.0389937106918239
15 0.2978723404255319 0.5062893081761006 0.0121580547112462 0.03522012578616352
26 0.31155015197568386 0.5047169811320754 0.010638297872340425 0.03710691823899371
36 0.32674772036474165 0.510377358490566 0.016717325227963525 0.03459119496855346
26 0.34688449848024316 0.5075471698113208 0.020516717325227963 0.03270440251572327
97 0.29559270516717323 0.4613207547169811 0.0425531914893617 0.03962264150943396