52 0.291748046875 0.1353125 0.34033203125 0.26937500000000003
0 0.2783203125 0.21375 0.072265625 0.02875
55 0.247314453125 0.2146875 0.01318359375 0.029375000000000002
10 0.2578125 0.215625 0.0087890625 0.02875
40 0.270751953125 0.21375 0.00927734375 0.0275
40 0.2802734375 0.21375 0.0087890625 0.02625
20 0.2900390625 0.214375 0.0068359375 0.0275
7 0.298828125 0.2125 0.0078125 0.02625
5 0.30859375 0.21281250000000002 0.01171875 0.025625000000000002
86 0.27734375 0.165625 0.025390625 0.025
51 0.7900390625 0.406875 0.2109375 0.47625