158 0.583251953125 0.3478125 0.01220703125 0.016875
2 0.57958984375 0.25375000000000003 0.3291015625 0.50625
18 0.584716796875 0.46625 0.07763671875 0.0275
43 0.553466796875 0.466875 0.01123046875 0.02375
81 0.5634765625 0.466875 0.0087890625 0.02375
77 0.5771484375 0.4665625 0.0087890625 0.020625
77 0.587890625 0.466875 0.009765625 0.02625
77 0.59814453125 0.4659375 0.0107421875 0.025625000000000002
103 0.607666015625 0.4665625 0.00830078125 0.023125
77 0.6181640625 0.4659375 0.009765625 0.024375
11 0.571044921875 0.1603125 0.24462890625 0.124375
17 0.463623046875 0.15031250000000002 0.01513671875 0.015625
17 0.46435546875 0.1378125 0.0107421875 0.011875
17 0.4697265625 0.12562500000000001 0.0107421875 0.0125
