61 0.5390625 0.2790625 0.359375 0.5493750000000001
54 0.54052734375 0.215625 0.2412109375 0.1325
59 0.441650390625 0.1621875 0.02490234375 0.013125
59 0.441650390625 0.178125 0.02001953125 0.01125
59 0.4375 0.1921875 0.01953125 0.021875000000000002
71 0.533447265625 0.211875 0.01611328125 0.06
0 0.548828125 0.483125 0.0830078125 0.03
55 0.514892578125 0.4859375 0.01416015625 0.029375000000000002
10 0.526611328125 0.486875 0.01123046875 0.03
19 0.541015625 0.485 0.0078125 0.0375
11 0.552001953125 0.48375 0.00830078125 0.03125
5 0.5625 0.48375 0.0087890625 0.0325
13 0.5732421875 0.48531250000000004 0.009765625 0.028125
14 0.5830078125 0.484375 0.009765625 0.02625
61 0.548828125 0.41531250000000003 0.02734375 0.031875