17 0.287109375 0.1353125 0.0146484375 0.013125
17 0.30078125 0.135 0.0126953125 0.01375
17 0.287353515625 0.14906250000000001 0.01318359375 0.016875
17 0.301025390625 0.1496875 0.01416015625 0.015625
14 0.4140625 0.18281250000000002 0.0126953125 0.053125
11 0.415283203125 0.200625 0.28857421875 0.17250000000000001
43 0.376953125 0.541875 0.01171875 0.025
81 0.387451171875 0.540625 0.00927734375 0.02375
73 0.401123046875 0.540625 0.01025390625 0.025
76 0.412109375 0.5415625000000001 0.0107421875 0.025625000000000002
79 0.443603515625 0.540625 0.01123046875 0.025
94 0.42236328125 0.54 0.0107421875 0.025
93 0.432861328125 0.54 0.01025390625 0.02375
18 0.41015625 0.5403125 0.08203125 0.031875
3 0.414794921875 0.2921875 0.41259765625 0.5856250000000001
