53 0.4427215189873418 0.31855345911949684 0.47025316455696203 0.5477987421383648
54 0.44303797468354433 0.24559748427672956 0.34936708860759497 0.1540880503144654
59 0.3259493670886076 0.21352201257861633 0.02278481012658228 0.01320754716981132
59 0.32341772151898734 0.23301886792452828 0.02911392405063291 0.0220125786163522
0 0.44113924050632913 0.530188679245283 0.11012658227848102 0.033962264150943396
55 0.39462025316455696 0.5286163522012578 0.018354430379746836 0.03459119496855346
10 0.41107594936708863 0.5276729559748428 0.018354430379746836 0.033962264150943396
15 0.43037974683544306 0.5308176100628931 0.013924050632911392 0.03270440251572327
26 0.4427215189873418 0.530503144654088 0.010759493670886076 0.03333333333333333
37 0.45664556962025316 0.529559748427673 0.014556962025316455 0.03773584905660377
17 0.4699367088607595 0.5308176100628931 0.014556962025316455 0.033962264150943396
8 0.4854430379746836 0.5308176100628931 0.01518987341772152 0.033962264150943396
80 0.44145569620253167 0.43490566037735845 0.036075949367088606 0.018238993710691823