17 0.41455078125 0.224375 0.015625 0.01125
17 0.410888671875 0.2415625 0.01513671875 0.013125
17 0.405517578125 0.255 0.01416015625 0.01125
15 0.427734375 0.29125 0.025390625 0.02
14 0.50439453125 0.2534375 0.0068359375 0.049375
12 0.562744140625 0.2125 0.06005859375 0.02125
11 0.512451171875 0.2540625 0.24365234375 0.12687500000000002
111 0.5126953125 0.46 0.0263671875 0.0325
43 0.478515625 0.5075000000000001 0.009765625 0.02375
81 0.48876953125 0.5071875 0.0107421875 0.023125
105 0.50341796875 0.5078125 0.0107421875 0.025625000000000002
76 0.513671875 0.5075000000000001 0.009765625 0.02375
79 0.534912109375 0.5071875 0.01025390625 0.024375
73 0.54541015625 0.5078125 0.0107421875 0.025625000000000002
101 0.52392578125 0.5075000000000001 0.0107421875 0.025
18 0.511962890625 0.5071875 0.08154296875 0.033125
1 0.5048828125 0.32125 0.337890625 0.47500000000000003
