52 0.3623046875 0.2984375 0.3994140625 0.548125
54 0.353271484375 0.21281250000000002 0.28857421875 0.160625
59 0.25439453125 0.1709375 0.0234375 0.013125
73 0.41845703125 0.1578125 0.080078125 0.031875
0 0.349609375 0.498125 0.0947265625 0.03375
55 0.310302734375 0.4971875 0.01611328125 0.039375
10 0.324951171875 0.5009375 0.01318359375 0.039375
39 0.341064453125 0.5009375 0.01611328125 0.035625000000000004
11 0.353515625 0.5028125 0.01171875 0.039375
10 0.364501953125 0.4990625 0.01318359375 0.035625000000000004
5 0.376953125 0.4990625 0.0087890625 0.035625000000000004
11 0.389892578125 0.4971875 0.01416015625 0.028125
63 0.34912109375 0.431875 0.05859375 0.0575