112 0.47802734375 0.43875000000000003 0.02734375 0.025
43 0.445556640625 0.5159375 0.00927734375 0.020625
81 0.455078125 0.516875 0.0078125 0.02
76 0.46923828125 0.516875 0.0087890625 0.02
75 0.480224609375 0.5178125 0.00732421875 0.021875000000000002
105 0.490478515625 0.516875 0.00830078125 0.02
84 0.500732421875 0.5178125 0.00830078125 0.019375
79 0.511962890625 0.5159375 0.00732421875 0.020625
18 0.47802734375 0.5171875 0.0810546875 0.036875
17 0.38818359375 0.1878125 0.01171875 0.010625
17 0.38525390625 0.2015625 0.01171875 0.008125
11 0.47998046875 0.2403125 0.2548828125 0.140625
2 0.48291015625 0.305625 0.3583984375 0.515
