7 0.25537109375 0.301875 0.1240234375 0.34875
17 0.566162109375 0.2 0.01416015625 0.01
17 0.58056640625 0.2 0.0126953125 0.01
17 0.5947265625 0.199375 0.013671875 0.01
17 0.56396484375 0.2096875 0.013671875 0.010625
17 0.577392578125 0.210625 0.01318359375 0.00875
17 0.5625 0.2196875 0.0126953125 0.009375
16 0.64111328125 0.2740625 0.0283203125 0.025625000000000002
16 0.60693359375 0.27875 0.0078125 0.015
16 0.595947265625 0.2790625 0.00634765625 0.010625
11 0.64306640625 0.2396875 0.203125 0.10187500000000001
112 0.6474609375 0.4221875 0.02734375 0.023125
43 0.618408203125 0.4790625 0.00927734375 0.020625
81 0.6279296875 0.48 0.0087890625 0.02125
84 0.640625 0.4796875 0.009765625 0.020625
90 0.660400390625 0.479375 0.00927734375 0.02125
76 0.67041015625 0.4790625 0.0078125 0.019375
72 0.68017578125 0.4796875 0.0087890625 0.020625
1 0.643798828125 0.3221875 0.31787109375 0.405625
