53 0.43383167220376523 0.2767354596622889 0.5077519379844961 0.5484677923702314
54 0.4263565891472868 0.16447779862414008 0.3588039867109634 0.15884928080050031
59 0.3023255813953488 0.10350218886804252 0.009966777408637873 0.01063164477798624
59 0.32059800664451826 0.1091307066916823 0.019933554817275746 0.015634771732332707
59 0.29955703211517165 0.12101313320825516 0.018826135105204873 0.016885553470919325
0 0.42303433001107416 0.450281425891182 0.10409745293466223 0.035021888680425266
55 0.3787375415282392 0.44903064415259536 0.015503875968992248 0.03252032520325203
3 0.3947951273532669 0.44934333958724204 0.013289036544850499 0.03439649781113196
20 0.4116832779623477 0.44840525328330205 0.01273532668881506 0.03377110694183865
26 0.4249723145071982 0.450281425891182 0.010520487264673311 0.0300187617260788
11 0.43853820598006643 0.4515322076297686 0.011074197120708748 0.028767979987492184
8 0.4526578073089701 0.44871794871794873 0.01716500553709856 0.02689180737961226
42 0.4673311184939092 0.44934333958724204 0.009966777408637873 0.03189493433395872
99 0.4249723145071982 0.4146341463414634 0.024916943521594685 0.025015634771732333