181 0.50830078125 0.40875 0.033203125 0.0225
43 0.4775390625 0.46375 0.0087890625 0.02
81 0.48779296875 0.4640625 0.0087890625 0.019375
106 0.502197265625 0.463125 0.00732421875 0.01875
78 0.5126953125 0.463125 0.0078125 0.02
75 0.523193359375 0.4628125 0.00732421875 0.019375
72 0.533447265625 0.4625 0.00830078125 0.02
72 0.543701171875 0.4625 0.00830078125 0.02
18 0.510009765625 0.4628125 0.08056640625 0.029375000000000002
17 0.399658203125 0.18281250000000002 0.01123046875 0.011875
11 0.494873046875 0.21875 0.25537109375 0.14875
2 0.49169921875 0.29281250000000003 0.345703125 0.508125
