52 0.023681640625 0.1390625 0.04638671875 0.270625
52 0.36181640625 0.31625000000000003 0.3427734375 0.45625
54 0.364990234375 0.230625 0.24853515625 0.13125
59 0.270751953125 0.195625 0.01025390625 0.01
59 0.285888671875 0.196875 0.01416015625 0.0175
59 0.266357421875 0.20875 0.01904296875 0.01625
74 0.364501953125 0.2621875 0.03466796875 0.029375000000000002
0 0.370849609375 0.491875 0.08154296875 0.03125
55 0.3359375 0.491875 0.0107421875 0.03125
10 0.348388671875 0.49125 0.01123046875 0.03125
10 0.361328125 0.491875 0.0107421875 0.0275
19 0.3720703125 0.4921875 0.0087890625 0.028125
7 0.38134765625 0.491875 0.009765625 0.03
11 0.392578125 0.491875 0.01171875 0.035
15 0.40380859375 0.4909375 0.0107421875 0.030625
64 0.369140625 0.4471875 0.02734375 0.026875