52 0.645751953125 0.278125 0.37353515625 0.495
54 0.635498046875 0.226875 0.25146484375 0.135
59 0.546142578125 0.199375 0.01611328125 0.01875
59 0.562744140625 0.199375 0.01708984375 0.015
0 0.6416015625 0.48281250000000003 0.080078125 0.031875
55 0.60791015625 0.4821875 0.0107421875 0.033125
10 0.618408203125 0.484375 0.01025390625 0.0325
39 0.63232421875 0.48281250000000003 0.0107421875 0.031875
13 0.64306640625 0.4825 0.01171875 0.03375
15 0.6533203125 0.4815625 0.0107421875 0.034375
7 0.663330078125 0.4796875 0.00927734375 0.030625
26 0.673828125 0.48281250000000003 0.013671875 0.031875
70 0.642578125 0.433125 0.03125 0.04