17 0.070556640625 0.170625 0.01513671875 0.0125
17 0.085205078125 0.1690625 0.01318359375 0.011875
12 0.09326171875 0.184375 0.0478515625 0.0175
14 0.1474609375 0.204375 0.0126953125 0.0475
11 0.143310546875 0.23093750000000002 0.25244140625 0.15937500000000002
180 0.13134765625 0.42 0.02734375 0.0375
43 0.100830078125 0.4603125 0.00927734375 0.020625
81 0.110595703125 0.45937500000000003 0.00830078125 0.01875
75 0.12353515625 0.4596875 0.0087890625 0.018125
72 0.13330078125 0.460625 0.0087890625 0.01875
83 0.14208984375 0.46 0.0078125 0.01875
76 0.15185546875 0.4603125 0.0078125 0.019375
73 0.1611328125 0.46 0.0087890625 0.01875
18 0.13134765625 0.46 0.07421875 0.03125
2 0.15625 0.2625 0.3125 0.51625
