17 0.359619140625 0.1678125 0.01416015625 0.015625
17 0.359130859375 0.1840625 0.01513671875 0.014375
14 0.454345703125 0.196875 0.01318359375 0.07625
15 0.48681640625 0.248125 0.0166015625 0.02125
15 0.5166015625 0.2503125 0.044921875 0.028125
11 0.453125 0.2084375 0.232421875 0.148125
128 0.458984375 0.3984375 0.0302734375 0.021875000000000002
43 0.4267578125 0.4453125 0.009765625 0.021875000000000002
81 0.436767578125 0.44625000000000004 0.00927734375 0.02125
86 0.450927734375 0.4453125 0.00927734375 0.021875000000000002
80 0.48095703125 0.4453125 0.0087890625 0.021875000000000002
71 0.461669921875 0.4446875 0.00537109375 0.020625
78 0.4912109375 0.4446875 0.0087890625 0.021875000000000002
104 0.471435546875 0.4446875 0.00927734375 0.021875000000000002
18 0.45947265625 0.445 0.0791015625 0.0325
3 0.453857421875 0.2665625 0.33349609375 0.525625
