2 0.6982421875 0.26375 0.357421875 0.5
123 0.708740234375 0.3978125 0.02783203125 0.029375000000000002
11 0.697509765625 0.1809375 0.24462890625 0.139375
18 0.70947265625 0.4609375 0.0771484375 0.029375000000000002
17 0.596435546875 0.1546875 0.01123046875 0.010625
17 0.599609375 0.1421875 0.01171875 0.010625
17 0.614501953125 0.14250000000000002 0.01513671875 0.01125
17 0.60302734375 0.131875 0.0146484375 0.01125
17 0.6171875 0.1303125 0.0126953125 0.010625
17 0.630126953125 0.131875 0.01416015625 0.01125
43 0.677001953125 0.46125 0.01025390625 0.02375
81 0.6875 0.460625 0.0107421875 0.025
83 0.7119140625 0.4609375 0.009765625 0.023125
101 0.7216796875 0.460625 0.009765625 0.025
72 0.700927734375 0.46125 0.01025390625 0.02375
72 0.732421875 0.4609375 0.009765625 0.023125
79 0.7431640625 0.46125 0.0107421875 0.02375
