159 0.19862677783227073 0.3690242305173543 0.018636586562040217 0.02423051735428946
43 0.16895537027954882 0.4220694171578258 0.008337420304070623 0.020301244269810087
81 0.17827366356056892 0.4223968565815324 0.007356547327121138 0.019646365422396856
72 0.1912702305051496 0.4214145383104126 0.00784698381559588 0.01899148657498363
71 0.2005885237861697 0.4223968565815324 0.0029426189308484553 0.0183366077275704
104 0.20966159882295243 0.42272429600523903 0.007356547327121138 0.01899148657498363
82 0.2187346738597352 0.4223968565815324 0.00784698381559588 0.0183366077275704
73 0.22829818538499266 0.4220694171578258 0.008337420304070623 0.020301244269810087
18 0.19813634134379599 0.4220694171578258 0.07160372731731242 0.029469548133595286
16 0.20475723393820502 0.2043222003929273 0.012260912211868563 0.020956123117223315
17 0.14835703776360962 0.13195808775376555 0.01128003923491908 0.005893909626719057
17 0.1459048553212359 0.14374590700720366 0.012260912211868563 0.009823182711198428
11 0.2143207454634625 0.17910936476751801 0.21971554683668465 0.12901113294040603
1 0.21848945561549782 0.24230517354289458 0.3173124080431584 0.40995415848068106
