52 0.39261947973381733 0.2588582677165354 0.42589231699939506 0.45603674540682415
54 0.38717483363581373 0.17749343832020997 0.3024803387779795 0.12401574803149606
0 0.40260133091349065 0.43208661417322836 0.09255898366606172 0.03083989501312336
55 0.3635813672111313 0.4337270341207349 0.013309134906231096 0.030183727034120734
10 0.37628554143980647 0.4337270341207349 0.008469449485783424 0.030183727034120734
26 0.3932244404113733 0.4330708661417323 0.008469449485783424 0.027559055118110236
6 0.4050211736237145 0.4333989501312336 0.010284331518451302 0.02821522309711286
34 0.41772534785238963 0.4337270341207349 0.010284331518451302 0.027559055118110236
8 0.4304295220810648 0.4337270341207349 0.01149425287356322 0.028871391076115485
26 0.441923774954628 0.4330708661417323 0.007864488808227465 0.027559055118110236
101 0.3995765275257109 0.3727034120734908 0.04658197217180884 0.023622047244094488
59 0.28614640048396855 0.13943569553805774 0.03145795523290986 0.012467191601049869
59 0.279189352692075 0.15223097112860892 0.02238354506957048 0.010498687664041995
54 0.33091349062310954 0.8999343832020997 0.47428917120387176 0.18569553805774278
59 0.16273442226255294 0.8543307086614174 0.03871748336358137 0.023622047244094488
59 0.161826981246219 0.8838582677165354 0.032062915910465825 0.01968503937007874
59 0.19509981851179675 0.8572834645669292 0.03811252268602541 0.022965879265091863
59 0.1929824561403509 0.8799212598425197 0.04234724742891712 0.015748031496062992
59 0.19812462189957655 0.9058398950131233 0.05021173623714459 0.022965879265091863
59 0.15849969751966123 0.9048556430446194 0.036297640653357534 0.024934383202099737
59 0.16696914700544466 0.9307742782152231 0.047186932849364795 0.024278215223097113