53 0.6609663409337677 0.26653944020356235 0.3729641693811075 0.5343511450381679
54 0.6707383279044518 0.18447837150127228 0.26004343105320304 0.14631043256997456
74 0.6731813246471228 0.22868956743002547 0.023887079261672096 0.029898218829516543
0 0.6840390879478828 0.4462468193384224 0.08469055374592835 0.031170483460559797
55 0.6463083604777417 0.44847328244274814 0.009229098805646038 0.033078880407124686
10 0.6566232356134637 0.44910941475826976 0.009229098805646038 0.031806615776081425
9 0.6737242128121608 0.4456106870229008 0.00977198697068404 0.031170483460559797
5 0.6840390879478828 0.44720101781170485 0.00760043431053203 0.027989821882951654
8 0.6959826275787188 0.4456106870229008 0.010857763300760045 0.024809160305343515
19 0.7041259500542888 0.4462468193384224 0.011943539630836048 0.02608142493638677
8 0.7176981541802389 0.4449745547073792 0.011943539630836048 0.02608142493638677
61 0.6834961997828448 0.37500000000000006 0.035830618892508145 0.03625954198473283