52 0.5150933040614709 0.260239445494644 0.4451152579582876 0.5091367359798362
54 0.5002744237102086 0.17895400126023944 0.2969264544456641 0.1461877756773787
59 0.3907793633369923 0.15122873345935728 0.034028540065861694 0.026465028355387523
71 0.5049396267837541 0.16855702583490864 0.015367727771679473 0.05229993698802773
74 0.475576289791438 0.22495274102079396 0.02689352360043908 0.01890359168241966
0 0.5013721185510428 0.4782608695652174 0.10153677277716795 0.034026465028355386
55 0.4591108671789243 0.4792060491493384 0.015916575192096598 0.03087586641461878
10 0.47228320526893525 0.47952110901071204 0.012623490669593854 0.030245746691871456
12 0.4892974753018661 0.4782608695652174 0.015916575192096598 0.03276622558286074
36 0.5010976948408342 0.47889098928796475 0.013172338090010977 0.036546943919344675
26 0.5161909989023051 0.4798361688720857 0.00933040614709111 0.029615626969124134
11 0.5290889132821076 0.4792060491493384 0.010976948408342482 0.03213610586011342
11 0.5430845225027443 0.4829867674858223 0.01481888035126235 0.03465658475110271
61 0.4967069154774973 0.41304347826086957 0.019758507135016465 0.02457466918714556