1 0.689453125 0.2784375 0.34765625 0.530625
142 0.69970703125 0.43 0.025390625 0.035
11 0.68505859375 0.1921875 0.2529296875 0.12687500000000002
17 0.581298828125 0.15125 0.01220703125 0.0125
18 0.7001953125 0.4884375 0.0966796875 0.031875
43 0.66015625 0.4903125 0.009765625 0.028125
81 0.671142578125 0.4896875 0.01220703125 0.026875
84 0.68994140625 0.4890625 0.009765625 0.028125
72 0.69970703125 0.4884375 0.009765625 0.029375000000000002
75 0.710205078125 0.4884375 0.01123046875 0.029375000000000002
80 0.7216796875 0.48781250000000004 0.009765625 0.028125
80 0.7314453125 0.4884375 0.009765625 0.029375000000000002
71 0.741455078125 0.4865625 0.01025390625 0.028125
14 0.677734375 0.1796875 0.009765625 0.040625
