52 0.3578042328042328 0.2830188679245283 0.45634920634920634 0.43396226415094336
54 0.353505291005291 0.21069182389937105 0.33134920634920634 0.12452830188679245
59 0.23511904761904762 0.17484276729559747 0.023148148148148147 0.00880503144654088
59 0.2576058201058201 0.1742138364779874 0.01917989417989418 0.010062893081761006
59 0.22817460317460317 0.18584905660377357 0.01455026455026455 0.010691823899371069
59 0.2503306878306878 0.18773584905660376 0.021825396825396824 0.011949685534591194
74 0.3482142857142857 0.23962264150943394 0.05886243386243386 0.025157232704402514
0 0.3637566137566137 0.4547169811320754 0.10052910052910052 0.03522012578616352
55 0.3187830687830688 0.4566037735849056 0.013227513227513227 0.04150943396226415
10 0.3323412698412698 0.4566037735849056 0.016534391534391533 0.0389937106918239
14 0.3508597883597883 0.4553459119496855 0.012566137566137565 0.0389937106918239
5 0.3630952380952381 0.45503144654088046 0.009259259259259259 0.029559748427672953
25 0.3759920634920635 0.4566037735849056 0.013888888888888888 0.03647798742138365
35 0.38888888888888884 0.45691823899371065 0.011904761904761904 0.030817610062893082
20 0.40410052910052907 0.4575471698113207 0.011904761904761904 0.03459119496855346
93 0.3604497354497354 0.39999999999999997 0.05026455026455026 0.0440251572327044