52 0.5223097112860893 0.32096354166666663 0.4540682414698163 0.5052083333333333
54 0.5183727034120735 0.2490234375 0.33727034120734906 0.146484375
59 0.40879265091863515 0.2001953125 0.01837270341207349 0.014973958333333332
59 0.4314304461942257 0.201171875 0.025590551181102362 0.016927083333333332
66 0.4911417322834646 0.2893880208333333 0.03871391076115485 0.029296875
0 0.5085301837270341 0.5055338541666666 0.10892388451443569 0.033203125
55 0.46653543307086615 0.505859375 0.01706036745406824 0.026041666666666664
10 0.4786745406824147 0.5065104166666666 0.012467191601049869 0.033854166666666664
2 0.49671916010498685 0.5061848958333333 0.015748031496062992 0.030598958333333332
35 0.5127952755905512 0.5078125 0.016404199475065617 0.03125
7 0.5252624671916011 0.5078125 0.01115485564304462 0.03125
26 0.5383858267716536 0.5071614583333333 0.01115485564304462 0.026041666666666664
11 0.5538057742782152 0.5068359375 0.014435695538057743 0.027994791666666664
72 0.5085301837270341 0.45963541666666663 0.049868766404199474 0.04036458333333333