69 0.76025390625 0.2290625 0.33984375 0.460625
54 0.78271484375 0.1471875 0.24609375 0.140625
59 0.68505859375 0.10968750000000001 0.0185546875 0.016875
59 0.7060546875 0.110625 0.017578125 0.01875
59 0.681396484375 0.1325 0.01611328125 0.0225
59 0.703857421875 0.1284375 0.01318359375 0.020625
71 0.7744140625 0.1428125 0.0107421875 0.075625
66 0.790771484375 0.1915625 0.04541015625 0.020625
0 0.786865234375 0.419375 0.07470703125 0.0275
55 0.75537109375 0.419375 0.01171875 0.0275
10 0.76611328125 0.4196875 0.0068359375 0.020625
14 0.77880859375 0.4184375 0.0107421875 0.025625000000000002
8 0.790283203125 0.4184375 0.00927734375 0.025625000000000002
28 0.799560546875 0.42031250000000003 0.00927734375 0.029375000000000002
20 0.808349609375 0.4184375 0.00537109375 0.025625000000000002
40 0.817138671875 0.41781250000000003 0.00927734375 0.030625
58 0.7861328125 0.308125 0.0224609375 0.03125