2 0.02490234375 0.6096875 0.05078125 0.499375
124 0.5517578125 0.4440625 0.029296875 0.029375000000000002
43 0.515625 0.5 0.0087890625 0.0225
81 0.52734375 0.50125 0.0078125 0.0225
75 0.544189453125 0.50125 0.00927734375 0.0225
75 0.555908203125 0.5009375 0.00927734375 0.021875000000000002
75 0.5673828125 0.5015625 0.009765625 0.021875000000000002
72 0.5791015625 0.5009375 0.009765625 0.023125
71 0.59033203125 0.5009375 0.00390625 0.024375
18 0.552490234375 0.500625 0.08837890625 0.0325
12 0.484130859375 0.1509375 0.06494140625 0.033125
17 0.44482421875 0.1396875 0.015625 0.013125
11 0.548095703125 0.2053125 0.27880859375 0.15937500000000002
1 0.54638671875 0.28500000000000003 0.36328125 0.52625
