3 0.771484375 0.275 0.36328125 0.5475
184 0.7685546875 0.4225 0.0185546875 0.0325
18 0.769287109375 0.4903125 0.07861328125 0.034375
43 0.73583984375 0.4921875 0.01171875 0.030625
81 0.7470703125 0.4903125 0.0107421875 0.031875
78 0.76171875 0.4903125 0.0107421875 0.029375000000000002
71 0.772705078125 0.4909375 0.00927734375 0.028125
74 0.793212890625 0.4903125 0.00830078125 0.029375000000000002
76 0.80322265625 0.4903125 0.009765625 0.029375000000000002
86 0.782470703125 0.4903125 0.00927734375 0.029375000000000002
11 0.76904296875 0.229375 0.279296875 0.16125
17 0.658935546875 0.183125 0.01416015625 0.0175
17 0.67431640625 0.18125 0.013671875 0.01625
17 0.67333984375 0.19875 0.013671875 0.01625
17 0.6708984375 0.2146875 0.013671875 0.015625
15 0.778564453125 0.2753125 0.03564453125 0.031875
17 0.654296875 0.2165625 0.0126953125 0.018125
