11 0.0419921875 0.04625 0.0830078125 0.08750000000000001
1 0.0703125 0.144375 0.1416015625 0.28125
119 0.5556640625 0.39625 0.0224609375 0.0225
43 0.52392578125 0.4971875 0.0078125 0.020625
81 0.53369140625 0.4975 0.0078125 0.02
79 0.547607421875 0.496875 0.00732421875 0.01875
102 0.55810546875 0.4971875 0.0078125 0.020625
105 0.568115234375 0.4978125 0.00732421875 0.021875000000000002
79 0.578369140625 0.4971875 0.00732421875 0.019375
79 0.58837890625 0.4975 0.0078125 0.02
18 0.556396484375 0.4971875 0.07568359375 0.030625
15 0.535400390625 0.2634375 0.03466796875 0.024375
12 0.601318359375 0.1578125 0.06689453125 0.023125
17 0.45654296875 0.164375 0.01171875 0.0125
17 0.470947265625 0.163125 0.01220703125 0.01125
17 0.5068359375 0.1571875 0.0126953125 0.013125
17 0.521484375 0.15625 0.013671875 0.01375
17 0.455810546875 0.1809375 0.01611328125 0.013125
14 0.5439453125 0.18812500000000001 0.0078125 0.04125
11 0.5498046875 0.22125 0.2412109375 0.17
3 0.546630859375 0.2696875 0.33154296875 0.543125
