52 0.431396484375 0.2834375 0.38427734375 0.539375
54 0.429931640625 0.1859375 0.28173828125 0.166875
59 0.339111328125 0.123125 0.02490234375 0.01875
59 0.340087890625 0.1428125 0.02392578125 0.013125
0 0.42626953125 0.4790625 0.0908203125 0.035625000000000004
55 0.388916015625 0.4790625 0.01220703125 0.031875
10 0.40234375 0.479375 0.01171875 0.0325
8 0.41845703125 0.4815625 0.009765625 0.035625000000000004
8 0.4296875 0.4821875 0.0107421875 0.030625
25 0.43994140625 0.4834375 0.0126953125 0.033125
13 0.453125 0.4821875 0.0126953125 0.033125
8 0.465576171875 0.4815625 0.01123046875 0.033125
93 0.425537109375 0.42875 0.04638671875 0.03375