2 0.83984375 0.26375 0.3203125 0.485
142 0.856201171875 0.38125000000000003 0.02783203125 0.03375
18 0.8544921875 0.4353125 0.0712890625 0.029375000000000002
43 0.82568359375 0.435 0.0107421875 0.02625
81 0.837646484375 0.4340625 0.01123046875 0.028125
52 0.885498046875 0.4328125 0.00927734375 0.025625000000000002
71 0.84765625 0.4346875 0.0078125 0.025625000000000002
73 0.85693359375 0.4346875 0.0078125 0.029375000000000002
78 0.8662109375 0.4328125 0.0078125 0.025625000000000002
75 0.8759765625 0.435 0.0087890625 0.02625
75 0.84375 0.195625 0.22265625 0.11750000000000001
17 0.74853515625 0.1540625 0.0087890625 0.006875
