69 0.455322265625 0.23125 0.30615234375 0.45125
54 0.4541015625 0.15 0.2216796875 0.13625
59 0.36962890625 0.09593750000000001 0.01171875 0.016875
59 0.390625 0.09593750000000001 0.021484375 0.013125
59 0.376220703125 0.1090625 0.02490234375 0.013125
66 0.41162109375 0.185625 0.0380859375 0.03125
0 0.461181640625 0.369375 0.06982421875 0.03375
55 0.432861328125 0.3675 0.01025390625 0.03
10 0.441650390625 0.36843750000000003 0.01318359375 0.024375
10 0.45556640625 0.369375 0.0087890625 0.02625
7 0.465087890625 0.3675 0.01025390625 0.02625
30 0.474609375 0.36843750000000003 0.01171875 0.031875
15 0.483154296875 0.3675 0.00830078125 0.03
14 0.492431640625 0.36843750000000003 0.00732421875 0.031875
77 0.46435546875 0.3190625 0.0322265625 0.033125