3 0.23828125 0.2225 0.296875 0.4425
11 0.2353515625 0.1609375 0.2001953125 0.116875
17 0.15283203125 0.16718750000000002 0.0146484375 0.015625
17 0.15380859375 0.1521875 0.01171875 0.011875
17 0.155517578125 0.140625 0.01318359375 0.01125
17 0.156982421875 0.1290625 0.01025390625 0.011875
17 0.1708984375 0.11750000000000001 0.01171875 0.01375
15 0.20166015625 0.2009375 0.0283203125 0.015625
128 0.23974609375 0.335625 0.0283203125 0.02
18 0.240966796875 0.3803125 0.06689453125 0.025625000000000002
43 0.212890625 0.379375 0.0087890625 0.02125
81 0.221435546875 0.38 0.00830078125 0.02
73 0.23388671875 0.379375 0.009765625 0.02125
80 0.24267578125 0.379375 0.0087890625 0.01875
100 0.261474609375 0.38 0.00830078125 0.0225
90 0.25146484375 0.37875000000000003 0.009765625 0.02
75 0.27001953125 0.38 0.0087890625 0.0225
