2 0.58203125 0.27375 0.35546875 0.545
159 0.5791015625 0.405 0.025390625 0.0325
18 0.580322265625 0.4771875 0.09130859375 0.039375
43 0.544677734375 0.4771875 0.01318359375 0.031875
81 0.556396484375 0.4771875 0.01318359375 0.029375000000000002
78 0.572509765625 0.47781250000000003 0.01220703125 0.028125
76 0.583984375 0.4765625 0.0107421875 0.025625000000000002
104 0.59619140625 0.4771875 0.0107421875 0.029375000000000002
87 0.607666015625 0.4753125 0.01025390625 0.028125
76 0.619873046875 0.4759375 0.01220703125 0.029375000000000002
11 0.573974609375 0.16468750000000001 0.25830078125 0.150625
17 0.482666015625 0.1071875 0.01416015625 0.015625
17 0.479248046875 0.1234375 0.01611328125 0.014375
14 0.571533203125 0.1465625 0.01123046875 0.048125
