17 0.491943359375 0.1384375 0.01611328125 0.005625
17 0.492919921875 0.145 0.01318359375 0.0125
12 0.524169921875 0.1440625 0.05322265625 0.019375
14 0.572509765625 0.16875 0.02001953125 0.06875
15 0.567626953125 0.2146875 0.02392578125 0.018125
16 0.59716796875 0.22625 0.0322265625 0.00875
11 0.577392578125 0.1809375 0.22314453125 0.121875
197 0.589599609375 0.358125 0.02294921875 0.03
43 0.563232421875 0.405 0.00830078125 0.02
81 0.57275390625 0.4059375 0.0078125 0.020625
94 0.585205078125 0.406875 0.00927734375 0.02
75 0.594970703125 0.4065625 0.00927734375 0.019375
72 0.604248046875 0.406875 0.00830078125 0.02
72 0.622314453125 0.40718750000000004 0.00830078125 0.018125
99 0.613037109375 0.406875 0.00927734375 0.02
18 0.59326171875 0.40625 0.0732421875 0.03125
1 0.572509765625 0.24875 0.30712890625 0.42375
43 0.8310546875 0.059375000000000004 0.005859375 0.015
81 0.837646484375 0.0603125 0.00732421875 0.015625
80 0.854248046875 0.059687500000000004 0.00732421875 0.014375
106 0.846923828125 0.059375000000000004 0.00732421875 0.01625
91 0.861083984375 0.059375000000000004 0.00634765625 0.015
76 0.8681640625 0.059062500000000004 0.0068359375 0.015625
71 0.875244140625 0.059375000000000004 0.00439453125 0.015
18 0.85302734375 0.06 0.0556640625 0.02375
3 0.83251953125 0.0496875 0.2275390625 0.099375
