2 0.4541015625 0.28500000000000003 0.357421875 0.5075000000000001
11 0.453125 0.2078125 0.2451171875 0.121875
111 0.457763671875 0.41875 0.02783203125 0.0375
18 0.459716796875 0.47125 0.07958984375 0.03375
43 0.42578125 0.46968750000000004 0.009765625 0.024375
87 0.436767578125 0.47125 0.00927734375 0.025
80 0.451171875 0.46968750000000004 0.009765625 0.024375
79 0.462890625 0.47125 0.0107421875 0.025
100 0.4716796875 0.47125 0.009765625 0.025
79 0.482177734375 0.4721875 0.00830078125 0.023125
11 0.493408203125 0.47125 0.00732421875 0.025
17 0.351806640625 0.16468750000000001 0.01318359375 0.014375
17 0.349609375 0.1796875 0.013671875 0.010625
2 0.12060546875 0.08375 0.2412109375 0.1675
113 0.112548828125 0.0559375 0.01904296875 0.024375
18 0.114013671875 0.11625 0.06103515625 0.02625
43 0.08984375 0.11625 0.009765625 0.0225
81 0.09814453125 0.1159375 0.0068359375 0.020625
72 0.108154296875 0.1146875 0.00830078125 0.020625
71 0.11572265625 0.1159375 0.0068359375 0.021875000000000002
82 0.123046875 0.115 0.0087890625 0.02
72 0.131591796875 0.115 0.00830078125 0.02
79 0.139404296875 0.115 0.00732421875 0.01875
