17 0.48046875 0.1215625 0.0146484375 0.014375
17 0.4794921875 0.135 0.0166015625 0.0125
16 0.510498046875 0.1946875 0.05712890625 0.023125
16 0.5654296875 0.196875 0.0537109375 0.01375
16 0.6533203125 0.1953125 0.0341796875 0.014375
11 0.5712890625 0.16 0.240234375 0.1325
134 0.57763671875 0.309375 0.01953125 0.01875
43 0.548828125 0.376875 0.0078125 0.02125
81 0.55859375 0.376875 0.009765625 0.01875
98 0.57080078125 0.3775 0.009765625 0.02
99 0.59912109375 0.378125 0.0087890625 0.01875
73 0.579833984375 0.376875 0.00830078125 0.0175
78 0.589111328125 0.376875 0.00830078125 0.02
77 0.60791015625 0.378125 0.0078125 0.0225
18 0.578369140625 0.3778125 0.07275390625 0.031875
3 0.56884765625 0.2321875 0.310546875 0.466875
