1 0.525390625 0.28500000000000003 0.3125 0.4525
11 0.5244140625 0.194375 0.2353515625 0.11625
115 0.53125 0.418125 0.0517578125 0.02625
18 0.53076171875 0.45875 0.0771484375 0.0375
43 0.4990234375 0.45937500000000003 0.0107421875 0.02625
81 0.508544921875 0.45875 0.00830078125 0.0275
85 0.533203125 0.45875 0.009765625 0.02125
93 0.5537109375 0.458125 0.009765625 0.02625
76 0.5234375 0.45875 0.009765625 0.0275
72 0.542724609375 0.45875 0.00732421875 0.025
75 0.56396484375 0.45875 0.0087890625 0.025
17 0.43115234375 0.16125 0.0078125 0.01
