52 0.74853515625 0.2859375 0.3359375 0.420625
54 0.7529296875 0.20875 0.23046875 0.135
59 0.6708984375 0.16875 0.021484375 0.01375
59 0.666259765625 0.181875 0.02197265625 0.0125
0 0.767578125 0.4353125 0.0751953125 0.028125
55 0.73583984375 0.4346875 0.009765625 0.025625000000000002
10 0.74560546875 0.435 0.0087890625 0.02375
7 0.75830078125 0.43593750000000003 0.0078125 0.024375
10 0.76806640625 0.435 0.0087890625 0.025
15 0.77734375 0.4365625 0.009765625 0.025625000000000002
36 0.78662109375 0.4346875 0.0087890625 0.026875
20 0.796875 0.4353125 0.0126953125 0.025625000000000002
93 0.76513671875 0.3921875 0.0263671875 0.021875000000000002