52 0.460693359375 0.340625 0.36474609375 0.55
54 0.46875 0.28625 0.263671875 0.14125000000000001
59 0.370849609375 0.25375000000000003 0.01904296875 0.0125
59 0.36962890625 0.26687500000000003 0.01953125 0.0125
71 0.4580078125 0.25875 0.0078125 0.07625
0 0.4716796875 0.5365625 0.0830078125 0.034375
55 0.436767578125 0.5375 0.01220703125 0.03375
10 0.448486328125 0.538125 0.01123046875 0.035
39 0.4609375 0.5387500000000001 0.0107421875 0.0325
5 0.47412109375 0.5390625 0.009765625 0.035625000000000004
13 0.484619140625 0.5375 0.00927734375 0.035
5 0.4951171875 0.536875 0.009765625 0.03125
20 0.50732421875 0.5371875 0.01171875 0.035625000000000004
63 0.469482421875 0.475625 0.04052734375 0.05625