11 0.78955078125 0.22625 0.20703125 0.125
128 0.794677734375 0.3940625 0.02880859375 0.021875000000000002
18 0.795166015625 0.4790625 0.07373046875 0.031875
43 0.764892578125 0.479375 0.01025390625 0.02625
81 0.774169921875 0.47875 0.00830078125 0.025
96 0.786865234375 0.48 0.01025390625 0.0225
79 0.796875 0.479375 0.0087890625 0.02375
76 0.80615234375 0.48031250000000003 0.009765625 0.021875000000000002
83 0.81640625 0.4790625 0.009765625 0.023125
73 0.826171875 0.4790625 0.009765625 0.023125
17 0.704833984375 0.1921875 0.01318359375 0.014375
17 0.701904296875 0.2084375 0.01513671875 0.011875
17 0.701416015625 0.2225 0.01416015625 0.01375
