53 0.34753901560624245 0.33563829787234045 0.6902761104441776 0.6563829787234042
54 0.3205282112845138 0.19574468085106383 0.5378151260504201 0.20638297872340425
59 0.13565426170468187 0.1271276595744681 0.03841536614645858 0.018085106382978725
59 0.12965186074429771 0.149468085106383 0.04561824729891956 0.018085106382978725
59 0.1254501800720288 0.16808510638297872 0.03721488595438175 0.023404255319148935
66 0.3397358943577431 0.23617021276595745 0.08403361344537814 0.0574468085106383
0 0.3451380552220888 0.551595744680851 0.1764705882352941 0.05
55 0.2749099639855942 0.5547872340425531 0.026410564225690273 0.05
10 0.297719087635054 0.5531914893617021 0.02160864345738295 0.04893617021276596
25 0.32713085234093636 0.5526595744680851 0.02280912364945978 0.052127659574468084
16 0.35054021608643454 0.5505319148936171 0.01920768307322929 0.05425531914893617
30 0.37034813925570226 0.551595744680851 0.01800720288115246 0.05
20 0.3907563025210084 0.5531914893617021 0.02280912364945978 0.04680851063829787
8 0.4153661464585834 0.5526595744680851 0.024009603841536612 0.043617021276595745
67 0.3469387755102041 0.47712765957446807 0.10084033613445377 0.035106382978723406