17 0.305419921875 0.0884375 0.01416015625 0.014375
17 0.321044921875 0.1084375 0.01513671875 0.015625
15 0.37646484375 0.1821875 0.04296875 0.028125
15 0.34521484375 0.1728125 0.0380859375 0.014375
11 0.39501953125 0.13593750000000002 0.2421875 0.151875
12 0.447021484375 0.075 0.08935546875 0.015
184 0.394287109375 0.29875 0.01513671875 0.02875
43 0.36572265625 0.356875 0.0087890625 0.02
81 0.374755859375 0.35781250000000003 0.00830078125 0.020625
80 0.387939453125 0.3571875 0.00927734375 0.019375
71 0.39697265625 0.35781250000000003 0.005859375 0.019375
78 0.41552734375 0.35781250000000003 0.0087890625 0.019375
97 0.40625 0.35781250000000003 0.009765625 0.019375
105 0.42431640625 0.3575 0.0078125 0.01875
18 0.39453125 0.35531250000000003 0.0732421875 0.033125
3 0.395751953125 0.2034375 0.31982421875 0.406875
