52 0.486328125 0.3165625 0.3544921875 0.451875
54 0.483154296875 0.2371875 0.24365234375 0.135625
59 0.394287109375 0.19843750000000002 0.02294921875 0.016875
59 0.388916015625 0.2165625 0.02294921875 0.011875
0 0.487060546875 0.5 0.07763671875 0.03125
55 0.452392578125 0.4990625 0.01318359375 0.033125
10 0.4658203125 0.5025000000000001 0.0107421875 0.0325
11 0.477294921875 0.500625 0.01220703125 0.0325
15 0.488525390625 0.5 0.00830078125 0.03125
6 0.498046875 0.500625 0.0107421875 0.0325
12 0.508056640625 0.5025000000000001 0.01220703125 0.0325
6 0.52197265625 0.5 0.015625 0.03125
61 0.484619140625 0.45125 0.03466796875 0.03625