3 0.30078125 0.28 0.3359375 0.5575
11 0.2998046875 0.22125 0.240234375 0.15
128 0.304443359375 0.4140625 0.03173828125 0.020625
18 0.30517578125 0.50625 0.0771484375 0.03
43 0.27294921875 0.506875 0.009765625 0.02375
81 0.283203125 0.506875 0.0087890625 0.02375
82 0.296630859375 0.50625 0.01123046875 0.0225
75 0.30810546875 0.5059375 0.009765625 0.028125
80 0.31787109375 0.5075000000000001 0.009765625 0.025
72 0.3291015625 0.5071875 0.0107421875 0.023125
79 0.338623046875 0.5059375 0.00830078125 0.023125
14 0.29833984375 0.2146875 0.015625 0.059375000000000004
