53 0.580078125 0.2675 0.412109375 0.52875
54 0.58203125 0.16375 0.275390625 0.16125
59 0.47265625 0.0990625 0.021484375 0.013125
59 0.47119140625 0.1153125 0.021484375 0.011875
0 0.58349609375 0.4809375 0.0908203125 0.031875
55 0.546142578125 0.48031250000000003 0.01318359375 0.024375
10 0.5595703125 0.4825 0.0107421875 0.02875
15 0.575439453125 0.48281250000000003 0.01025390625 0.028125
15 0.588134765625 0.4825 0.00927734375 0.02875
32 0.598388671875 0.4825 0.01123046875 0.0275
35 0.60986328125 0.4834375 0.0087890625 0.030625
15 0.621826171875 0.4840625 0.00927734375 0.028125
64 0.58447265625 0.4084375 0.0341796875 0.036875