127 0.826171875 0.47500000000000003 0.03125 0.0325
1 0.806640625 0.31125 0.375 0.525
11 0.8125 0.21125 0.26953125 0.135
14 0.80712890625 0.2190625 0.01171875 0.074375
18 0.82763671875 0.5353125 0.0908203125 0.031875
43 0.788818359375 0.5353125 0.01318359375 0.028125
81 0.802001953125 0.5371875 0.01318359375 0.028125
100 0.818115234375 0.53625 0.01025390625 0.02625
76 0.8291015625 0.53625 0.0146484375 0.02625
71 0.83935546875 0.534375 0.01171875 0.03
84 0.8525390625 0.534375 0.01171875 0.02625
72 0.8642578125 0.5334375 0.01171875 0.028125
