17 0.330078125 0.2246875 0.015625 0.014375
17 0.346435546875 0.2240625 0.01611328125 0.015625
17 0.328857421875 0.24125 0.01513671875 0.015
17 0.323974609375 0.2575 0.01513671875 0.01625
17 0.3212890625 0.2753125 0.0146484375 0.015625
14 0.420166015625 0.251875 0.00927734375 0.0625
15 0.509033203125 0.3009375 0.04052734375 0.019375
16 0.3408203125 0.2978125 0.013671875 0.025625000000000002
11 0.419921875 0.26156250000000003 0.2392578125 0.148125
142 0.41552734375 0.3990625 0.017578125 0.019375
43 0.383544921875 0.531875 0.01123046875 0.0225
81 0.3935546875 0.5325 0.0087890625 0.02125
79 0.40771484375 0.5325 0.009765625 0.02125
73 0.418212890625 0.5334375 0.00927734375 0.021875000000000002
79 0.438232421875 0.5334375 0.00927734375 0.020625
75 0.448974609375 0.5346875 0.00830078125 0.021875000000000002
86 0.427978515625 0.5337500000000001 0.01025390625 0.0225
18 0.41552734375 0.534375 0.0791015625 0.03
3 0.42236328125 0.2984375 0.310546875 0.574375
