52 0.5010706638115632 0.29265997490589707 0.4925053533190578 0.418444165621079
54 0.49928622412562457 0.21110414052697615 0.3561741613133476 0.11982434127979924
59 0.38436830835117775 0.17879548306148055 0.03497501784439686 0.02509410288582183
0 0.5032119914346895 0.4513801756587202 0.10135617416131334 0.02823086574654956
55 0.4596716630977873 0.4513801756587202 0.014275517487508922 0.033249686323713924
10 0.47430406852248397 0.4526348808030113 0.012134189864382585 0.025721455457967377
2 0.4907209136331192 0.4507528230865746 0.013561741613133477 0.024466750313676285
21 0.5049964311206281 0.4520075282308657 0.014989293361884369 0.02948557089084065
26 0.5189150606709493 0.4520075282308657 0.008565310492505354 0.02948557089084065
15 0.5306923625981442 0.4494981179422835 0.013561741613133477 0.026976160602258468
20 0.5474660956459672 0.4513801756587202 0.014275517487508922 0.025721455457967377
93 0.5028551034975017 0.3952321204516938 0.03783012134189864 0.021329987452948555