52 0.772705078125 0.3534375 0.35986328125 0.435625
54 0.774658203125 0.2665625 0.24169921875 0.12687500000000002
59 0.6884765625 0.2315625 0.015625 0.013125
59 0.68115234375 0.2475 0.0146484375 0.0125
66 0.766357421875 0.2959375 0.03466796875 0.031875
0 0.80126953125 0.50875 0.0751953125 0.03
55 0.768310546875 0.5096875 0.01025390625 0.029375000000000002
10 0.779052734375 0.5096875 0.00830078125 0.031875
32 0.792236328125 0.5071875 0.00927734375 0.029375000000000002
15 0.80224609375 0.509375 0.0078125 0.03
5 0.812255859375 0.509375 0.00927734375 0.03125
10 0.822509765625 0.5084375 0.00927734375 0.030625
6 0.831787109375 0.509375 0.00830078125 0.03
85 0.799072265625 0.4709375 0.05615234375 0.023125