43 0.498291015625 0.480625 0.00927734375 0.02
81 0.508544921875 0.48 0.00732421875 0.02125
106 0.52197265625 0.4790625 0.0078125 0.020625
75 0.532470703125 0.479375 0.00927734375 0.02
72 0.542724609375 0.479375 0.00732421875 0.02125
93 0.55224609375 0.48 0.0078125 0.02125
79 0.56298828125 0.48031250000000003 0.0078125 0.020625
18 0.530517578125 0.48 0.07763671875 0.03
127 0.5302734375 0.4340625 0.0244140625 0.025625000000000002
17 0.439208984375 0.173125 0.01123046875 0.00875
17 0.4287109375 0.184375 0.013671875 0.01125
16 0.5205078125 0.2571875 0.01171875 0.020625
11 0.5234375 0.2290625 0.236328125 0.138125
1 0.523193359375 0.2984375 0.33740234375 0.463125
