52 0.41943661971830987 0.2854889589905363 0.4028169014084507 0.4725552050473186
54 0.42281690140845074 0.22776025236593062 0.2687323943661972 0.1274447949526814
59 0.3171830985915493 0.1886435331230284 0.022535211267605635 0.015141955835962145
59 0.31521126760563384 0.20157728706624606 0.023098591549295777 0.013249211356466877
59 0.31408450704225355 0.2135646687697161 0.02535211267605634 0.013249211356466877
66 0.3194366197183099 0.25835962145110414 0.03154929577464789 0.03217665615141956
0 0.43295774647887325 0.4706624605678234 0.09521126760563381 0.0416403785488959
55 0.3926760563380282 0.4709779179810726 0.0123943661971831 0.030914826498422716
10 0.40535211267605636 0.4678233438485805 0.01295774647887324 0.02965299684542587
31 0.42056338028169016 0.46940063091482653 0.015211267605633804 0.03911671924290221
14 0.4338028169014085 0.46971608832807576 0.011267605633802818 0.033438485804416405
6 0.44422535211267605 0.46687697160883285 0.011830985915492958 0.03406940063091483
14 0.45605633802816903 0.4678233438485805 0.014084507042253521 0.03217665615141956
5 0.46985915492957747 0.46813880126182966 0.013521126760563381 0.03659305993690852
94 0.4315492957746479 0.3965299684542587 0.03267605633802817 0.01829652996845426