52 0.46240234375 0.2828125 0.3857421875 0.525625
54 0.458984375 0.20125 0.2900390625 0.14375000000000002
59 0.37841796875 0.150625 0.015625 0.01625
59 0.39306640625 0.15031250000000002 0.0185546875 0.018125
0 0.46142578125 0.4796875 0.09375 0.030625
55 0.421630859375 0.48 0.01416015625 0.03125
10 0.436279296875 0.48 0.01318359375 0.03125
39 0.451416015625 0.479375 0.01220703125 0.03
5 0.46337890625 0.48 0.01171875 0.03125
10 0.474853515625 0.4809375 0.01220703125 0.029375000000000002
15 0.48681640625 0.4809375 0.0107421875 0.031875
6 0.4990234375 0.4790625 0.01171875 0.030625
63 0.45703125 0.4140625 0.0556640625 0.056875