52 0.196044921875 0.3275 0.33349609375 0.43625
54 0.193115234375 0.255 0.25927734375 0.13
59 0.1142578125 0.2203125 0.0146484375 0.019375
59 0.135009765625 0.22125 0.02294921875 0.025
66 0.282958984375 0.29281250000000003 0.04736328125 0.028125
0 0.1796875 0.5071875 0.0810546875 0.029375000000000002
55 0.145751953125 0.5084375 0.01416015625 0.030625
10 0.158203125 0.50875 0.0107421875 0.03125
10 0.17138671875 0.5065625 0.0107421875 0.028125
3 0.18212890625 0.5059375 0.009765625 0.025625000000000002
5 0.19140625 0.5059375 0.009765625 0.033125
11 0.20263671875 0.5075000000000001 0.0146484375 0.03375
26 0.215087890625 0.5078125 0.00830078125 0.028125
63 0.17919921875 0.4571875 0.03125 0.034375