113 0.68408203125 0.403125 0.0263671875 0.02875
1 0.659912109375 0.295 0.31689453125 0.42625
11 0.6611328125 0.2303125 0.2138671875 0.114375
17 0.582763671875 0.2028125 0.01123046875 0.013125
14 0.652099609375 0.2146875 0.00732421875 0.029375000000000002
18 0.6845703125 0.4634375 0.07421875 0.029375000000000002
43 0.654541015625 0.465 0.01025390625 0.02625
81 0.664306640625 0.463125 0.00927734375 0.02625
106 0.67822265625 0.4628125 0.009765625 0.023125
77 0.687255859375 0.4625 0.00830078125 0.025
78 0.696533203125 0.46218750000000003 0.00927734375 0.025625000000000002
72 0.706298828125 0.46218750000000003 0.01025390625 0.025625000000000002
