53 0.522705078125 0.29812500000000003 0.34130859375 0.47625
54 0.52392578125 0.24 0.240234375 0.14
59 0.434814453125 0.1859375 0.01416015625 0.015625
59 0.44970703125 0.18812500000000001 0.017578125 0.01125
59 0.431640625 0.199375 0.0185546875 0.01125
59 0.45361328125 0.200625 0.02734375 0.01375
0 0.532470703125 0.483125 0.08251953125 0.03375
55 0.499755859375 0.48281250000000003 0.01416015625 0.036875
10 0.510498046875 0.48281250000000003 0.01416015625 0.036875
9 0.525390625 0.4815625 0.0107421875 0.030625
7 0.536376953125 0.4821875 0.01123046875 0.031875
26 0.545654296875 0.48281250000000003 0.00732421875 0.030625
28 0.5556640625 0.48375 0.009765625 0.035
8 0.566650390625 0.4821875 0.01416015625 0.031875
101 0.533203125 0.4421875 0.03515625 0.033125