134 0.44775390625 0.354375 0.025390625 0.025
43 0.411376953125 0.48781250000000004 0.00927734375 0.023125
81 0.42333984375 0.48812500000000003 0.009765625 0.02375
98 0.438720703125 0.4884375 0.00927734375 0.024375
76 0.45068359375 0.48812500000000003 0.0087890625 0.0225
80 0.4619140625 0.4884375 0.0087890625 0.023125
73 0.4736328125 0.4884375 0.0087890625 0.024375
78 0.4853515625 0.4890625 0.0078125 0.023125
18 0.447998046875 0.48812500000000003 0.08837890625 0.035
15 0.426025390625 0.2225 0.04150390625 0.02875
17 0.338623046875 0.1203125 0.01123046875 0.010625
17 0.351318359375 0.1265625 0.01806640625 0.016875
17 0.367431640625 0.1240625 0.01123046875 0.018125
17 0.335205078125 0.136875 0.01708984375 0.0175
17 0.350341796875 0.145625 0.01513671875 0.0175
11 0.449462890625 0.184375 0.29833984375 0.16875
3 0.452392578125 0.2640625 0.37841796875 0.526875
