52 0.41455078125 0.26156250000000003 0.4033203125 0.521875
54 0.4111328125 0.1728125 0.291015625 0.160625
71 0.412353515625 0.1715625 0.01220703125 0.07062500000000001
73 0.474365234375 0.1225 0.07958984375 0.03
0 0.41015625 0.4796875 0.09375 0.034375
55 0.37060546875 0.481875 0.015625 0.035
10 0.384521484375 0.4796875 0.01025390625 0.029375000000000002
14 0.400146484375 0.48 0.01318359375 0.03375
26 0.410888671875 0.48125 0.00830078125 0.0325
31 0.42236328125 0.481875 0.0146484375 0.035
42 0.435546875 0.4821875 0.0107421875 0.034375
26 0.4462890625 0.4790625 0.0126953125 0.029375000000000002
108 0.408203125 0.4328125 0.0341796875 0.041875