1 0.591796875 0.33875 0.328125 0.46
11 0.58935546875 0.2596875 0.240234375 0.115625
17 0.506591796875 0.2278125 0.01220703125 0.014375
173 0.593994140625 0.4709375 0.03955078125 0.028125
18 0.59326171875 0.5334375 0.080078125 0.035625000000000004
43 0.56201171875 0.5321875 0.0107421875 0.026875
81 0.5712890625 0.5321875 0.0078125 0.026875
77 0.585693359375 0.5321875 0.01025390625 0.026875
77 0.59521484375 0.5321875 0.0087890625 0.026875
91 0.60595703125 0.5321875 0.0107421875 0.026875
79 0.61572265625 0.5328125 0.0087890625 0.028125
88 0.626220703125 0.5334375 0.01220703125 0.029375000000000002
3 0.1123046875 0.238125 0.2236328125 0.47500000000000003
128 0.0390625 0.33875 0.025390625 0.0225
18 0.04296875 0.42625 0.0732421875 0.0325
11 0.077880859375 0.176875 0.15869140625 0.13
17 0.042236328125 0.12562500000000001 0.01318359375 0.0175
17 0.029541015625 0.12562500000000001 0.01220703125 0.0175
17 0.014892578125 0.1271875 0.01220703125 0.016875
43 0.0126953125 0.4259375 0.0107421875 0.029375000000000002
81 0.021484375 0.4259375 0.009765625 0.029375000000000002
106 0.034912109375 0.4259375 0.00927734375 0.025625000000000002
77 0.04345703125 0.4259375 0.0107421875 0.029375000000000002
78 0.05419921875 0.426875 0.0107421875 0.0275
84 0.06298828125 0.425 0.009765625 0.0275
75 0.072509765625 0.4259375 0.00927734375 0.025625000000000002
15 0.03759765625 0.2171875 0.0361328125 0.019375
