7 0.230712890625 0.105 0.10009765625 0.2175
142 0.597900390625 0.33125 0.02001953125 0.02625
43 0.568115234375 0.384375 0.00830078125 0.01875
81 0.5771484375 0.384375 0.0068359375 0.01875
91 0.590087890625 0.3846875 0.00732421875 0.019375
75 0.599853515625 0.384375 0.00732421875 0.01875
103 0.608154296875 0.384375 0.00634765625 0.01875
80 0.617919921875 0.3846875 0.00732421875 0.018125
77 0.627197265625 0.384375 0.00732421875 0.01875
18 0.59716796875 0.384375 0.0703125 0.02625
15 0.522216796875 0.2003125 0.03076171875 0.019375
15 0.661376953125 0.19875 0.03369140625 0.0225
14 0.591796875 0.13593750000000002 0.0107421875 0.060625
17 0.522705078125 0.1153125 0.01416015625 0.011875
17 0.502685546875 0.1071875 0.01220703125 0.013125
17 0.500244140625 0.128125 0.01513671875 0.01875
11 0.5947265625 0.15875 0.2421875 0.155
3 0.593994140625 0.225 0.31494140625 0.4525
