1 0.3310546875 0.27375 0.400390625 0.53
11 0.325927734375 0.17125 0.25634765625 0.1325
17 0.239013671875 0.1228125 0.01611328125 0.010625
17 0.255126953125 0.1228125 0.01611328125 0.013125
17 0.272705078125 0.1203125 0.01513671875 0.013125
12 0.390869140625 0.1253125 0.07275390625 0.030625
122 0.324462890625 0.3953125 0.02392578125 0.014375
18 0.326416015625 0.49 0.08837890625 0.03625
43 0.28955078125 0.4903125 0.0126953125 0.026875
81 0.30126953125 0.489375 0.013671875 0.025
91 0.317626953125 0.4896875 0.01123046875 0.026875
90 0.328857421875 0.49 0.01123046875 0.02625
74 0.3408203125 0.489375 0.0126953125 0.025
71 0.352294921875 0.4884375 0.00830078125 0.026875
77 0.363525390625 0.4884375 0.01123046875 0.026875
