1 0.6650390625 0.28250000000000003 0.306640625 0.4375
181 0.666015625 0.36125 0.0234375 0.02
18 0.665771484375 0.4409375 0.07861328125 0.029375000000000002
11 0.66015625 0.1975 0.2216796875 0.11375
43 0.63330078125 0.44125000000000003 0.0107421875 0.025
81 0.643310546875 0.440625 0.01123046875 0.02625
99 0.65771484375 0.440625 0.0087890625 0.02375
94 0.667236328125 0.440625 0.01318359375 0.02375
75 0.67724609375 0.4421875 0.0087890625 0.020625
77 0.687744140625 0.44125000000000003 0.01025390625 0.025
72 0.69775390625 0.440625 0.009765625 0.02375
7 0.270751953125 0.584375 0.14599609375 0.4625
