144 0.519287109375 0.335625 0.03759765625 0.02
43 0.4921875 0.393125 0.0068359375 0.01875
81 0.501220703125 0.3934375 0.00732421875 0.019375
102 0.513671875 0.3925 0.0068359375 0.01875
91 0.5224609375 0.3928125 0.0068359375 0.018125
71 0.5322265625 0.3925 0.0029296875 0.01875
79 0.541015625 0.3921875 0.0078125 0.016875
80 0.550537109375 0.3921875 0.00634765625 0.018125
18 0.521240234375 0.393125 0.07080078125 0.02625
14 0.502685546875 0.15875 0.00830078125 0.0525
17 0.421142578125 0.130625 0.01123046875 0.01
17 0.43408203125 0.13125 0.0126953125 0.00875
17 0.419921875 0.14125000000000001 0.01171875 0.01
17 0.43359375 0.1409375 0.01171875 0.009375
11 0.506103515625 0.161875 0.22119140625 0.11625
1 0.5029296875 0.2275 0.3115234375 0.4025
