52 0.385009765625 0.26156250000000003 0.38330078125 0.510625
54 0.38623046875 0.16 0.294921875 0.135
59 0.290283203125 0.111875 0.02392578125 0.015
59 0.288818359375 0.12875 0.02099609375 0.01125
0 0.381103515625 0.4640625 0.09423828125 0.028125
55 0.343017578125 0.46375 0.01513671875 0.03
10 0.355712890625 0.4640625 0.01025390625 0.029375000000000002
14 0.37158203125 0.46375 0.01171875 0.0275
28 0.3828125 0.46375 0.0107421875 0.0275
35 0.39453125 0.4634375 0.0107421875 0.026875
11 0.40576171875 0.4628125 0.0107421875 0.029375000000000002
7 0.418212890625 0.4628125 0.01220703125 0.028125
80 0.380126953125 0.3790625 0.02490234375 0.023125