52 0.7152004454342984 0.14272211720226843 0.38697104677060135 0.2791430371770636
54 0.7085189309576837 0.04725897920604915 0.2410913140311804 0.0856962822936358
66 0.6319599109131403 0.06269691241335854 0.03897550111358575 0.018273471959672338
0 0.7079621380846325 0.23377441713925645 0.08073496659242761 0.030245746691871456
55 0.6770601336302895 0.23503465658475112 0.012249443207126948 0.030245746691871456
10 0.6862472160356348 0.2344045368620038 0.010579064587973273 0.03276622558286074
11 0.700445434298441 0.2334593572778828 0.012249443207126948 0.029615626969124134
11 0.7110244988864142 0.23408947700063013 0.008908685968819599 0.02835538752362949
33 0.7210467706013363 0.23534971644612476 0.008908685968819599 0.0258349086326402
4 0.7310690423162584 0.2344045368620038 0.010022271714922048 0.026465028355387523
26 0.7424832962138085 0.23314429741650913 0.012806236080178173 0.026465028355387523
93 0.7110244988864142 0.1953371140516698 0.03897550111358575 0.023944549464398238