52 0.156982421875 0.4284375 0.29638671875 0.555625
59 0.0185546875 0.3221875 0.01953125 0.019375
59 0.036376953125 0.30875 0.02490234375 0.01625
0 0.0869140625 0.635 0.0908203125 0.03375
55 0.05078125 0.634375 0.013671875 0.03875
10 0.063720703125 0.6371875 0.01025390625 0.033125
39 0.0771484375 0.6384375 0.0126953125 0.031875
26 0.088134765625 0.636875 0.01123046875 0.03
6 0.10009765625 0.6359375 0.01171875 0.031875
15 0.113037109375 0.63625 0.00927734375 0.0325
26 0.1240234375 0.6365625 0.009765625 0.031875
63 0.083740234375 0.5753125 0.05224609375 0.053125
54 0.13037109375 0.3640625 0.24609375 0.15687500000000001