52 0.38818359375 0.2625 0.37109375 0.50375
54 0.387451171875 0.1825 0.27880859375 0.14375000000000002
59 0.2802734375 0.17875 0.0146484375 0.0175
59 0.292724609375 0.1634375 0.01904296875 0.021875000000000002
59 0.32958984375 0.15812500000000002 0.01953125 0.0175
0 0.369873046875 0.4609375 0.09033203125 0.030625
55 0.33251953125 0.46187500000000004 0.013671875 0.02625
10 0.34716796875 0.46375 0.0126953125 0.0275
39 0.361083984375 0.4628125 0.01513671875 0.031875
11 0.3720703125 0.465 0.0078125 0.0275
12 0.38330078125 0.46218750000000003 0.0166015625 0.026875
11 0.3955078125 0.46218750000000003 0.009765625 0.026875
11 0.40673828125 0.460625 0.0146484375 0.0225
63 0.368896484375 0.3978125 0.05029296875 0.051875000000000004