2 0.019775390625 0.100625 0.03955078125 0.20125
17 0.525146484375 0.179375 0.01611328125 0.01125
17 0.521240234375 0.1940625 0.01416015625 0.014375
16 0.520751953125 0.26625 0.03759765625 0.02375
11 0.609130859375 0.225625 0.24560546875 0.13
111 0.60986328125 0.4303125 0.0263671875 0.031875
43 0.577392578125 0.4753125 0.00927734375 0.024375
81 0.58740234375 0.4753125 0.0107421875 0.023125
76 0.601806640625 0.475625 0.00830078125 0.02125
72 0.61181640625 0.47625 0.0078125 0.02125
72 0.64306640625 0.4759375 0.0087890625 0.021875000000000002
104 0.62255859375 0.47500000000000003 0.0087890625 0.02125
86 0.632568359375 0.47500000000000003 0.00927734375 0.0225
18 0.610595703125 0.4759375 0.07958984375 0.033125
1 0.609375 0.30625 0.3251953125 0.47000000000000003
