52 0.287353515625 0.335625 0.39208984375 0.52375
54 0.28857421875 0.23625000000000002 0.2744140625 0.12625
59 0.211669921875 0.19187500000000002 0.02392578125 0.01375
59 0.205078125 0.205625 0.0185546875 0.01375
0 0.26318359375 0.51625 0.083984375 0.0425
55 0.228271484375 0.51875 0.01220703125 0.04125
10 0.23974609375 0.5159375 0.0107421875 0.039375
32 0.25244140625 0.516875 0.0146484375 0.04125
14 0.263916015625 0.5153125000000001 0.00830078125 0.044375
6 0.2744140625 0.51875 0.0107421875 0.04125
17 0.28369140625 0.5196875 0.0107421875 0.035625000000000004
11 0.297119140625 0.520625 0.01611328125 0.04125
62 0.260498046875 0.465625 0.04931640625 0.051250000000000004