3 0.5107421875 0.248125 0.2978515625 0.50125
128 0.504638671875 0.3359375 0.02880859375 0.026875
11 0.50048828125 0.145 0.2548828125 0.14125000000000001
18 0.503173828125 0.463125 0.08447265625 0.0275
17 0.405029296875 0.0965625 0.01611328125 0.016875
17 0.420166015625 0.095625 0.01220703125 0.015
17 0.434326171875 0.0971875 0.01416015625 0.015625
43 0.467529296875 0.4615625 0.01220703125 0.025625000000000002
81 0.478515625 0.4609375 0.009765625 0.024375
96 0.5283203125 0.46218750000000003 0.0107421875 0.026875
71 0.4951171875 0.4628125 0.0068359375 0.023125
74 0.506103515625 0.4615625 0.00927734375 0.023125
78 0.516845703125 0.4615625 0.01220703125 0.025625000000000002
79 0.539794921875 0.4609375 0.01025390625 0.024375
