53 0.41748046875 0.32656250000000003 0.3720703125 0.544375
54 0.425537109375 0.2425 0.25830078125 0.125
59 0.328125 0.2009375 0.015625 0.013125
59 0.341796875 0.2028125 0.013671875 0.014375
59 0.353759765625 0.2025 0.01220703125 0.01625
73 0.482421875 0.20875 0.07421875 0.025
66 0.366943359375 0.2865625 0.04052734375 0.020625
74 0.42626953125 0.2803125 0.021484375 0.030625
0 0.422607421875 0.5115625 0.08056640625 0.035625000000000004
55 0.388916015625 0.5146875 0.00927734375 0.034375
10 0.398193359375 0.5146875 0.01123046875 0.028125
5 0.4130859375 0.513125 0.0107421875 0.03125
16 0.423583984375 0.51625 0.00830078125 0.0325
4 0.43212890625 0.5134375 0.0087890625 0.030625
20 0.443359375 0.5125 0.009765625 0.03125
25 0.455322265625 0.511875 0.01416015625 0.0325
72 0.420654296875 0.4534375 0.03369140625 0.041875