17 0.27880859375 0.129375 0.0146484375 0.01
17 0.2744140625 0.1440625 0.017578125 0.014375
14 0.38525390625 0.17125 0.013671875 0.0825
11 0.384033203125 0.171875 0.29052734375 0.15375
112 0.386962890625 0.4196875 0.03662109375 0.035625000000000004
43 0.3515625 0.47875 0.009765625 0.025
81 0.363037109375 0.479375 0.01025390625 0.0225
84 0.401611328125 0.4784375 0.01123046875 0.024375
75 0.390380859375 0.478125 0.01123046875 0.02375
75 0.4248046875 0.47750000000000004 0.009765625 0.0225
76 0.378173828125 0.4790625 0.01025390625 0.021875000000000002
79 0.4130859375 0.4771875 0.01171875 0.021875000000000002
18 0.3876953125 0.47750000000000004 0.0908203125 0.035
2 0.384521484375 0.26937500000000003 0.38916015625 0.5375
