119 0.72265625 0.416875 0.029296875 0.03125
43 0.690673828125 0.4628125 0.00830078125 0.020625
81 0.7001953125 0.463125 0.0078125 0.02125
71 0.713623046875 0.4634375 0.00341796875 0.020625
103 0.723388671875 0.46375 0.00830078125 0.02
94 0.732666015625 0.46375 0.00830078125 0.02
75 0.742431640625 0.4634375 0.00732421875 0.019375
72 0.752197265625 0.46375 0.00830078125 0.02
18 0.720947265625 0.463125 0.07373046875 0.03
17 0.62890625 0.1896875 0.0126953125 0.010625
17 0.6279296875 0.2025 0.0126953125 0.01
11 0.7138671875 0.241875 0.2294921875 0.135
1 0.70849609375 0.30312500000000003 0.322265625 0.425
1 0.97509765625 0.1290625 0.044921875 0.260625
