17 0.365478515625 0.16625 0.01318359375 0.01125
17 0.362060546875 0.1796875 0.01318359375 0.010625
15 0.381103515625 0.26 0.03564453125 0.025
11 0.456787109375 0.215 0.23486328125 0.1275
113 0.46142578125 0.41000000000000003 0.025390625 0.02875
43 0.428955078125 0.47000000000000003 0.01318359375 0.02375
81 0.439208984375 0.46968750000000004 0.01123046875 0.023125
79 0.452880859375 0.46968750000000004 0.01123046875 0.023125
73 0.46337890625 0.4703125 0.0107421875 0.023125
71 0.49462890625 0.4675 0.009765625 0.02375
106 0.474609375 0.4690625 0.0107421875 0.021875000000000002
104 0.484619140625 0.469375 0.00927734375 0.025
18 0.461181640625 0.4690625 0.08056640625 0.030625
2 0.46044921875 0.29 0.3515625 0.495
