17 0.42919921875 0.16468750000000001 0.015625 0.015625
17 0.42822265625 0.18031250000000001 0.017578125 0.010625
17 0.4267578125 0.1940625 0.0166015625 0.011875
14 0.519775390625 0.1928125 0.01513671875 0.044375
16 0.422119140625 0.2496875 0.02197265625 0.029375000000000002
16 0.44189453125 0.250625 0.0166015625 0.0275
16 0.460693359375 0.251875 0.01025390625 0.025
16 0.478759765625 0.25125000000000003 0.00927734375 0.02375
16 0.579345703125 0.248125 0.01220703125 0.0175
11 0.521728515625 0.20875 0.25244140625 0.155
122 0.530517578125 0.398125 0.03271484375 0.01625
43 0.49951171875 0.470625 0.009765625 0.02125
81 0.509765625 0.4709375 0.0078125 0.019375
80 0.524169921875 0.47000000000000003 0.00927734375 0.02
100 0.5341796875 0.47000000000000003 0.0078125 0.02
90 0.544677734375 0.47000000000000003 0.00927734375 0.01875
72 0.55419921875 0.470625 0.0087890625 0.02125
72 0.565185546875 0.4703125 0.01025390625 0.021875000000000002
18 0.532470703125 0.4715625 0.07861328125 0.026875
2 0.521240234375 0.276875 0.35400390625 0.55375
