52 0.476318359375 0.23875000000000002 0.29541015625 0.39625
54 0.481201171875 0.17500000000000002 0.21923828125 0.11875000000000001
59 0.405029296875 0.1375 0.01904296875 0.01375
59 0.402587890625 0.150625 0.01416015625 0.015
0 0.489013671875 0.405625 0.07275390625 0.02625
55 0.458740234375 0.404375 0.01318359375 0.03
10 0.469482421875 0.406875 0.00732421875 0.02625
26 0.481201171875 0.405625 0.00732421875 0.025
14 0.490478515625 0.4065625 0.00830078125 0.025625000000000002
4 0.500244140625 0.40718750000000004 0.01025390625 0.024375
6 0.510498046875 0.4059375 0.00830078125 0.021875000000000002
26 0.5205078125 0.4053125 0.0087890625 0.020625
75 0.490234375 0.3546875 0.021484375 0.018125