113 0.45703125 0.0328125 0.0224609375 0.030625
43 0.4306640625 0.073125 0.009765625 0.0175
81 0.439208984375 0.074375 0.00732421875 0.0175
83 0.451171875 0.0740625 0.009765625 0.019375
73 0.460205078125 0.0740625 0.00732421875 0.021875000000000002
77 0.468017578125 0.0734375 0.00830078125 0.018125
76 0.485107421875 0.0721875 0.00830078125 0.018125
103 0.47607421875 0.073125 0.0078125 0.01875
18 0.45751953125 0.073125 0.0693359375 0.0325
2 0.4609375 0.060625 0.265625 0.12125
17 0.709716796875 0.15687500000000001 0.01806640625 0.01125
17 0.706787109375 0.1703125 0.01806640625 0.014375
17 0.7041015625 0.1846875 0.0185546875 0.013125
17 0.702392578125 0.199375 0.01513671875 0.01375
17 0.69970703125 0.2134375 0.017578125 0.018125
17 0.69677734375 0.229375 0.017578125 0.015
14 0.78125 0.173125 0.013671875 0.0425
16 0.814697265625 0.2365625 0.03369140625 0.043125000000000004
11 0.815673828125 0.2053125 0.29443359375 0.170625
149 0.824462890625 0.39156250000000004 0.02490234375 0.028125
43 0.786865234375 0.489375 0.01123046875 0.02625
81 0.799072265625 0.4890625 0.01123046875 0.026875
71 0.8154296875 0.48812500000000003 0.0068359375 0.02625
73 0.85107421875 0.4871875 0.0126953125 0.026875
73 0.86328125 0.48812500000000003 0.01171875 0.02625
102 0.83935546875 0.48875 0.0107421875 0.02625
87 0.827880859375 0.48812500000000003 0.01220703125 0.02625
18 0.824951171875 0.49062500000000003 0.09326171875 0.045
2 0.807861328125 0.29 0.38330078125 0.57875
