125 0.5703125 0.4303125 0.037109375 0.041875
43 0.5361328125 0.4971875 0.009765625 0.020625
81 0.5478515625 0.4965625 0.0087890625 0.020625
104 0.563232421875 0.49593750000000003 0.01025390625 0.023125
80 0.574951171875 0.49562500000000004 0.00927734375 0.0225
87 0.586181640625 0.4953125 0.01025390625 0.021875000000000002
80 0.59814453125 0.4940625 0.009765625 0.021875000000000002
72 0.609619140625 0.49375 0.00927734375 0.02125
18 0.57275390625 0.495 0.08984375 0.03625
16 0.55078125 0.244375 0.0322265625 0.0375
17 0.47021484375 0.165 0.015625 0.01375
17 0.486572265625 0.1640625 0.00927734375 0.010625
17 0.5009765625 0.163125 0.013671875 0.0125
17 0.51611328125 0.163125 0.013671875 0.0125
17 0.52978515625 0.161875 0.0126953125 0.01125
17 0.468505859375 0.178125 0.01611328125 0.0125
11 0.56640625 0.214375 0.2783203125 0.1475
1 0.56640625 0.29625 0.37109375 0.50375
