69 0.5057424118129614 0.29319371727748694 0.568498769483183 0.5484293193717278
54 0.5106644790812142 0.24345549738219896 0.3863822805578343 0.1544502617801047
59 0.361771944216571 0.1943717277486911 0.029532403609516 0.014397905759162305
59 0.35972108285479903 0.206151832460733 0.030352748154224778 0.010471204188481676
0 0.5196882690730107 0.49901832460732987 0.13535684987694832 0.03468586387434555
55 0.46349466776045944 0.49967277486911 0.021328958162428222 0.03206806282722513
10 0.4831829368334701 0.5009816753926701 0.014766201804758 0.03206806282722513
20 0.5053322395406071 0.5 0.01804757998359311 0.034031413612565446
14 0.5217391304347826 0.49934554973821993 0.016406890894175553 0.02879581151832461
19 0.5369155045118951 0.4986910994764398 0.01394585726004922 0.02879581151832461
20 0.5533223954060705 0.5003272251308901 0.01394585726004922 0.028141361256544505
33 0.57383100902379 0.5003272251308901 0.017227235438884332 0.03337696335078534
77 0.5213289581624283 0.4463350785340314 0.06152584085315833 0.032722513089005235