1 0.5478515625 0.255 0.330078125 0.4975
11 0.539794921875 0.169375 0.24462890625 0.14
17 0.4482421875 0.120625 0.015625 0.0125
17 0.447509765625 0.13625 0.01220703125 0.0125
125 0.55078125 0.3853125 0.0322265625 0.041875
18 0.552001953125 0.4475 0.08544921875 0.02625
43 0.51611328125 0.4478125 0.0107421875 0.025625000000000002
81 0.527587890625 0.4478125 0.01025390625 0.025625000000000002
98 0.56494140625 0.4471875 0.01171875 0.024375
106 0.553955078125 0.44656250000000003 0.01220703125 0.020625
78 0.542236328125 0.4459375 0.01025390625 0.024375
73 0.576416015625 0.4453125 0.01123046875 0.023125
71 0.586669921875 0.4459375 0.00634765625 0.024375
7 0.90380859375 0.1303125 0.1171875 0.259375
