69 0.57958984375 0.2934375 0.404296875 0.458125
54 0.57470703125 0.1596875 0.296875 0.164375
59 0.45703125 0.09375 0.015625 0.0125
59 0.4775390625 0.0928125 0.0107421875 0.013125
59 0.49560546875 0.09468750000000001 0.013671875 0.013125
59 0.47265625 0.1221875 0.01171875 0.020625
59 0.459716796875 0.1075 0.01220703125 0.01
59 0.452880859375 0.1328125 0.02099609375 0.018125
0 0.58056640625 0.4675 0.08203125 0.03375
55 0.546142578125 0.4665625 0.01025390625 0.034375
10 0.55810546875 0.4665625 0.0087890625 0.036875
5 0.57177734375 0.4653125 0.0078125 0.034375
32 0.58203125 0.465625 0.0107421875 0.0375
10 0.5927734375 0.465625 0.0068359375 0.03625
15 0.6025390625 0.466875 0.01171875 0.03125
8 0.613525390625 0.46468750000000003 0.01123046875 0.030625
86 0.58251953125 0.4078125 0.0458984375 0.026875