17 0.710205078125 0.2121875 0.01318359375 0.008125
17 0.710205078125 0.2215625 0.01416015625 0.008125
15 0.885498046875 0.289375 0.02392578125 0.02
11 0.79638671875 0.2578125 0.2197265625 0.123125
159 0.81103515625 0.4546875 0.02734375 0.033125
43 0.7783203125 0.504375 0.0087890625 0.02
81 0.78759765625 0.5046875 0.0087890625 0.019375
78 0.80126953125 0.504375 0.0078125 0.01875
72 0.811279296875 0.5053125 0.00732421875 0.019375
106 0.821533203125 0.504375 0.00830078125 0.02
90 0.830810546875 0.505 0.00830078125 0.02
78 0.84033203125 0.504375 0.0087890625 0.01875
18 0.808349609375 0.50375 0.07275390625 0.0275
1 0.7939453125 0.32656250000000003 0.3271484375 0.421875
