1 0.4921875 0.23500000000000001 0.37109375 0.47250000000000003
12 0.546630859375 0.1040625 0.06689453125 0.021875000000000002
111 0.487060546875 0.3715625 0.02783203125 0.039375
11 0.48828125 0.14250000000000002 0.2529296875 0.11625
17 0.393798828125 0.1271875 0.01513671875 0.013125
17 0.395263671875 0.11375 0.01318359375 0.01375
17 0.397705078125 0.09875 0.01513671875 0.0125
17 0.415283203125 0.098125 0.01416015625 0.01375
17 0.4140625 0.1134375 0.0146484375 0.014375
18 0.48681640625 0.4265625 0.0869140625 0.035625000000000004
43 0.451416015625 0.42562500000000003 0.01123046875 0.03
90 0.462646484375 0.425 0.01123046875 0.025
75 0.477783203125 0.425 0.01220703125 0.02875
96 0.489501953125 0.42562500000000003 0.01123046875 0.03
71 0.5 0.42625 0.009765625 0.02875
80 0.51171875 0.42625 0.01171875 0.02875
78 0.5234375 0.42562500000000003 0.009765625 0.0275
