2 0.626953125 0.27625 0.3828125 0.555
159 0.630859375 0.41781250000000003 0.0234375 0.031875
18 0.63232421875 0.489375 0.087890625 0.03375
11 0.62939453125 0.173125 0.248046875 0.1475
17 0.53564453125 0.11875000000000001 0.013671875 0.0125
17 0.533447265625 0.133125 0.01513671875 0.01375
17 0.550537109375 0.11812500000000001 0.01416015625 0.01375
14 0.629638671875 0.16718750000000002 0.01513671875 0.07062500000000001
43 0.59619140625 0.48812500000000003 0.0107421875 0.02875
81 0.6083984375 0.4875 0.0126953125 0.0275
80 0.623291015625 0.48781250000000004 0.01220703125 0.030625
84 0.6357421875 0.4884375 0.0107421875 0.029375000000000002
96 0.64697265625 0.48781250000000004 0.01171875 0.030625
80 0.6591796875 0.48625 0.01171875 0.0275
71 0.669677734375 0.486875 0.00732421875 0.02875
