17 0.3740234375 0.0803125 0.0146484375 0.013125
17 0.3896484375 0.08125 0.0146484375 0.015
17 0.37353515625 0.0928125 0.0126953125 0.011875
17 0.387939453125 0.0984375 0.01416015625 0.014375
17 0.3720703125 0.1059375 0.013671875 0.011875
17 0.3857421875 0.114375 0.01171875 0.0125
17 0.372314453125 0.1209375 0.01220703125 0.013125
11 0.447998046875 0.12375 0.20361328125 0.12
43 0.4169921875 0.35375 0.0087890625 0.0175
81 0.42578125 0.35375 0.005859375 0.01875
97 0.437744140625 0.35375 0.00830078125 0.0175
72 0.447021484375 0.35375 0.00830078125 0.01875
106 0.455810546875 0.3534375 0.00830078125 0.018125
79 0.46435546875 0.3540625 0.0078125 0.016875
76 0.473388671875 0.354375 0.00634765625 0.0175
18 0.44482421875 0.35281250000000003 0.0673828125 0.028125
134 0.447021484375 0.24406250000000002 0.01904296875 0.019375
3 0.44970703125 0.19718750000000002 0.271484375 0.393125
