111 0.44726879394267177 0.42718141870684245 0.031368307193077344 0.03829252981795355
43 0.4075175770686858 0.4789704959196485 0.010275824770146026 0.023854362837413687
81 0.4199567333693889 0.47991211550533586 0.010275824770146026 0.02197112366603892
73 0.4383450513791239 0.4811676082862524 0.010275824770146026 0.023226616446955433
73 0.4510546241211466 0.480225988700565 0.01081665765278529 0.022598870056497175
82 0.46376419686316933 0.48085373509102325 0.010275824770146026 0.023854362837413687
80 0.4770146024878313 0.47991211550533586 0.011898323418063819 0.02197112366603892
88 0.489724175229854 0.47928436911487765 0.010275824770146026 0.023226616446955433
18 0.4483504597079503 0.480225988700565 0.09951325040562467 0.03515379786566228
15 0.3512709572742023 0.2401129943502825 0.03082747431043808 0.019460138104205903
11 0.4442942130881558 0.1955430006277464 0.306652244456463 0.15128688010043945
2 0.4453758788534343 0.2664783427495292 0.40292049756625203 0.5354676710608914
