1 0.5078125 0.21125 0.2890625 0.405
11 0.503662109375 0.135625 0.19873046875 0.10625
14 0.506591796875 0.14 0.01025390625 0.05
17 0.43115234375 0.11125 0.01171875 0.0125
17 0.427001953125 0.1240625 0.01025390625 0.010625
142 0.48046875 0.30843750000000003 0.0185546875 0.028125
18 0.47900390625 0.36625 0.0673828125 0.03125
43 0.451171875 0.364375 0.0078125 0.025
81 0.460205078125 0.36562500000000003 0.01025390625 0.0275
71 0.472412109375 0.365 0.00830078125 0.02375
73 0.48095703125 0.3665625 0.0087890625 0.023125
80 0.490478515625 0.365 0.00830078125 0.02375
81 0.4990234375 0.36562500000000003 0.0087890625 0.025
76 0.507568359375 0.365 0.00830078125 0.02375
