17 0.351806640625 0.5925 0.01806640625 0.01375
17 0.372802734375 0.5778125000000001 0.01708984375 0.015625
17 0.372802734375 0.599375 0.01904296875 0.0125
17 0.169921875 0.18281250000000002 0.01171875 0.011875
17 0.18603515625 0.1821875 0.0146484375 0.014375
11 0.22705078125 0.241875 0.220703125 0.155
11 0.4990234375 0.6546875 0.3330078125 0.198125
2 0.5205078125 0.6471875 0.4482421875 0.604375
113 0.180908203125 0.43 0.02294921875 0.025
43 0.146484375 0.49 0.0107421875 0.02375
81 0.15673828125 0.4903125 0.0107421875 0.021875000000000002
81 0.190185546875 0.494375 0.01025390625 0.0225
72 0.170654296875 0.4915625 0.01220703125 0.024375
72 0.199462890625 0.4953125 0.01025390625 0.023125
72 0.209716796875 0.4953125 0.01123046875 0.023125
100 0.180419921875 0.4928125 0.01123046875 0.026875
18 0.1787109375 0.4921875 0.076171875 0.036875
2 0.25 0.3153125 0.3857421875 0.429375
