52 0.34228515625 0.2675 0.380859375 0.535
54 0.34228515625 0.17625 0.265625 0.14375000000000002
59 0.260009765625 0.121875 0.02001953125 0.02
59 0.255615234375 0.136875 0.02001953125 0.0125
59 0.245849609375 0.151875 0.02294921875 0.0175
59 0.241943359375 0.17 0.02001953125 0.01625
73 0.2822265625 0.12625 0.0703125 0.0225
0 0.338134765625 0.4690625 0.09423828125 0.041875
55 0.29833984375 0.4690625 0.0166015625 0.041875
10 0.3125 0.4715625 0.01171875 0.044375
40 0.32861328125 0.46968750000000004 0.0126953125 0.040625
6 0.341796875 0.468125 0.009765625 0.035
40 0.3525390625 0.468125 0.01171875 0.035
20 0.3623046875 0.469375 0.0146484375 0.04
7 0.37451171875 0.466875 0.01171875 0.0375
58 0.337646484375 0.4025 0.03662109375 0.0325