7 0.2431640625 0.635 0.134765625 0.4225
1 0.8203125 0.3275 0.328125 0.4325
125 0.85791015625 0.440625 0.02734375 0.0325
11 0.8330078125 0.260625 0.212890625 0.11375
17 0.7392578125 0.238125 0.01171875 0.015
17 0.73779296875 0.2509375 0.0107421875 0.010625
18 0.855712890625 0.4909375 0.07275390625 0.025625000000000002
43 0.825439453125 0.4921875 0.00927734375 0.023125
81 0.834716796875 0.4915625 0.00927734375 0.024375
104 0.84912109375 0.4909375 0.0107421875 0.025625000000000002
103 0.866943359375 0.491875 0.00927734375 0.02375
71 0.8583984375 0.4903125 0.0078125 0.026875
73 0.876220703125 0.4896875 0.00927734375 0.025625000000000002
73 0.88623046875 0.4896875 0.0078125 0.025625000000000002
