52 0.263427734375 0.30625 0.34033203125 0.4375
54 0.259521484375 0.2259375 0.23876953125 0.135625
59 0.18994140625 0.19 0.0146484375 0.01
59 0.19140625 0.1990625 0.0205078125 0.009375
66 0.20263671875 0.2578125 0.044921875 0.026875
71 0.266357421875 0.2203125 0.01123046875 0.048125
0 0.23876953125 0.4746875 0.072265625 0.028125
55 0.208251953125 0.47625 0.00927734375 0.03
10 0.218017578125 0.4759375 0.00830078125 0.029375000000000002
16 0.230224609375 0.47500000000000003 0.01025390625 0.0275
15 0.239990234375 0.4753125 0.00927734375 0.024375
30 0.249755859375 0.4771875 0.00927734375 0.025625000000000002
34 0.258056640625 0.4765625 0.01025390625 0.025625000000000002
11 0.268310546875 0.4765625 0.01123046875 0.021875000000000002
62 0.238525390625 0.43062500000000004 0.03662109375 0.0425