86 0.129150390625 0.65125 0.00537109375 0.015
76 0.135009765625 0.65125 0.00537109375 0.01125
73 0.1416015625 0.6509375000000001 0.0068359375 0.011875
78 0.1552734375 0.6509375000000001 0.0048828125 0.010625
18 0.142333984375 0.6475 0.03466796875 0.02
7 0.14208984375 0.5971875 0.126953125 0.401875
17 0.62353515625 0.2028125 0.0126953125 0.011875
17 0.63916015625 0.1903125 0.0146484375 0.010625
17 0.620361328125 0.21531250000000002 0.01416015625 0.010625
17 0.61669921875 0.2278125 0.01171875 0.009375
14 0.708984375 0.24406250000000002 0.0107421875 0.059375000000000004
11 0.710205078125 0.2365625 0.21630859375 0.108125
171 0.71826171875 0.4440625 0.015625 0.024375
43 0.688232421875 0.4946875 0.00830078125 0.019375
81 0.697998046875 0.4946875 0.00927734375 0.019375
99 0.7109375 0.4946875 0.009765625 0.019375
75 0.72119140625 0.4940625 0.0087890625 0.019375
76 0.730224609375 0.4946875 0.00830078125 0.019375
94 0.7412109375 0.4946875 0.0078125 0.020625
18 0.718994140625 0.4953125 0.07568359375 0.028125
2 0.71044921875 0.3034375 0.330078125 0.451875
