69 0.41552734375 0.3009375 0.3544921875 0.603125
54 0.41162109375 0.26375 0.2822265625 0.17125
59 0.30810546875 0.2021875 0.021484375 0.020625
59 0.30126953125 0.2303125 0.0244140625 0.021875000000000002
0 0.405029296875 0.51625 0.07861328125 0.03625
55 0.370849609375 0.516875 0.01611328125 0.0375
10 0.383544921875 0.5153125000000001 0.00927734375 0.034375
2 0.3974609375 0.51625 0.0107421875 0.0325
37 0.407470703125 0.5171875 0.00927734375 0.034375
11 0.4169921875 0.5153125000000001 0.0068359375 0.038125
20 0.439697265625 0.51875 0.00927734375 0.03375
26 0.427001953125 0.516875 0.01025390625 0.0375
70 0.401123046875 0.4596875 0.03076171875 0.035625000000000004