125 0.442138671875 0.388125 0.02880859375 0.03875
43 0.413330078125 0.44375000000000003 0.00634765625 0.01875
81 0.422607421875 0.4446875 0.00830078125 0.019375
104 0.435791015625 0.4428125 0.00732421875 0.018125
72 0.446044921875 0.4425 0.00634765625 0.02
84 0.455322265625 0.4409375 0.00830078125 0.018125
75 0.465087890625 0.44125000000000003 0.00732421875 0.01875
76 0.474609375 0.44 0.0078125 0.02
18 0.443359375 0.4421875 0.07421875 0.029375000000000002
16 0.411865234375 0.233125 0.01806640625 0.02875
17 0.364501953125 0.166875 0.01220703125 0.01
17 0.3779296875 0.16593750000000002 0.0126953125 0.010625
11 0.427978515625 0.209375 0.23681640625 0.125
1 0.426025390625 0.27375 0.31396484375 0.42
