7 0.160400390625 0.57125 0.17041015625 0.445
17 0.563720703125 0.0653125 0.01318359375 0.015625
17 0.578125 0.0646875 0.015625 0.016875
15 0.59033203125 0.170625 0.0361328125 0.0275
16 0.63525390625 0.183125 0.0322265625 0.01625
11 0.6513671875 0.1290625 0.2578125 0.169375
142 0.649658203125 0.2653125 0.03271484375 0.038125
43 0.620361328125 0.3809375 0.00830078125 0.020625
81 0.629150390625 0.3809375 0.00830078125 0.019375
105 0.643310546875 0.381875 0.00732421875 0.02125
73 0.65283203125 0.3815625 0.0087890625 0.018125
75 0.671875 0.3828125 0.0087890625 0.019375
77 0.680908203125 0.3828125 0.00732421875 0.019375
98 0.662109375 0.3825 0.009765625 0.02
18 0.65087890625 0.38125000000000003 0.07421875 0.02875
6 0.6484375 0.22062500000000002 0.38671875 0.44125000000000003
