125 0.45654296875 0.42 0.029296875 0.04125
43 0.427734375 0.478125 0.0078125 0.01875
81 0.4375 0.47781250000000003 0.0068359375 0.018125
104 0.451904296875 0.4771875 0.00732421875 0.019375
75 0.4619140625 0.47781250000000003 0.0078125 0.018125
87 0.471923828125 0.47781250000000003 0.00732421875 0.018125
78 0.48193359375 0.4771875 0.0078125 0.018125
77 0.49267578125 0.4771875 0.0078125 0.018125
18 0.459716796875 0.47750000000000004 0.07763671875 0.02875
17 0.37939453125 0.18937500000000002 0.013671875 0.0125
17 0.36572265625 0.18875 0.01171875 0.01
17 0.376708984375 0.2015625 0.00830078125 0.009375
17 0.3623046875 0.2015625 0.01171875 0.008125
17 0.359619140625 0.21281250000000002 0.01416015625 0.010625
12 0.497314453125 0.19125 0.06298828125 0.025
16 0.525634765625 0.260625 0.04150390625 0.02625
11 0.451171875 0.2325 0.2451171875 0.12375
1 0.450927734375 0.3075 0.32763671875 0.44375000000000003
