51 0.091796875 0.4953125 0.1416015625 0.404375
52 0.55859375 0.2734375 0.3466796875 0.435625
54 0.556884765625 0.19187500000000002 0.25244140625 0.13
0 0.55419921875 0.43093750000000003 0.0791015625 0.033125
116 0.521728515625 0.4315625 0.01220703125 0.031875
10 0.53271484375 0.43062500000000004 0.0087890625 0.03
30 0.546630859375 0.43093750000000003 0.01318359375 0.029375000000000002
15 0.556640625 0.4290625 0.0087890625 0.031875
20 0.56640625 0.4325 0.009765625 0.02875
17 0.575927734375 0.4315625 0.01025390625 0.026875
5 0.588134765625 0.431875 0.01123046875 0.0275
76 0.554931640625 0.4 0.02880859375 0.02625
59 0.472900390625 0.146875 0.01806640625 0.0175
59 0.490478515625 0.1475 0.01318359375 0.01625
59 0.506103515625 0.1484375 0.01513671875 0.014375
66 0.5419921875 0.2178125 0.0380859375 0.034375