52 0.4720376522702104 0.2740625 0.4069767441860465 0.463125
54 0.47452934662236984 0.1975 0.2469545957918051 0.105
0 0.47093023255813954 0.45156250000000003 0.09025470653377629 0.028125
55 0.42912513842746397 0.4503125 0.011074197120708748 0.025625000000000002
10 0.4424141749723145 0.4503125 0.011074197120708748 0.025625000000000002
32 0.4573643410852713 0.449375 0.011074197120708748 0.025
30 0.4689922480620155 0.449375 0.009966777408637873 0.025
36 0.4836655592469546 0.451875 0.01273532668881506 0.02625
10 0.4928017718715393 0.451875 0.006644518272425249 0.0225
4 0.5035991140642303 0.4521875 0.009413067552602437 0.024375
64 0.4692691029900332 0.3909375 0.04042081949058693 0.034375