7 0.16748046875 0.330625 0.1572265625 0.43875000000000003
17 0.4208984375 0.091875 0.0146484375 0.01375
14 0.522216796875 0.138125 0.00732421875 0.055
11 0.52783203125 0.1265625 0.2646484375 0.108125
126 0.54541015625 0.330625 0.0166015625 0.01625
43 0.513427734375 0.43375 0.01123046875 0.025
81 0.524658203125 0.435 0.00927734375 0.0225
75 0.53955078125 0.43343750000000003 0.009765625 0.024375
78 0.55078125 0.43343750000000003 0.009765625 0.023125
76 0.562255859375 0.43343750000000003 0.00927734375 0.024375
76 0.572021484375 0.43125 0.00927734375 0.02375
75 0.583984375 0.4315625 0.0107421875 0.025625000000000002
18 0.5498046875 0.4325 0.0888671875 0.03125
1 0.525634765625 0.236875 0.38525390625 0.47500000000000003
