125 0.1309226932668329 0.04727614276768941 0.024438902743142144 0.026925485284909203
43 0.1082294264339152 0.08891671884783969 0.006982543640897755 0.01628052598622417
81 0.11546134663341645 0.08860363180964308 0.0054862842892768075 0.015654351909830933
104 0.12493765586034912 0.08797745773324984 0.004488778054862842 0.013149655604257984
80 0.13291770573566083 0.08860363180964308 0.0054862842892768075 0.014402003757044458
88 0.14039900249376558 0.08954289292423294 0.006483790523690773 0.013775829680651221
71 0.14812967581047382 0.08891671884783969 0.002992518703241895 0.015028177833437694
72 0.15586034912718202 0.08860363180964308 0.0054862842892768075 0.014402003757044458
18 0.13241895261845385 0.08797745773324984 0.05735660847880299 0.021916092673763304
1 0.1675810473815461 0.060738885410144015 0.2593516209476309 0.12147777082028803
159 0.5406483790523691 0.3966812773951158 0.02793017456359102 0.03318722604884158
43 0.5084788029925187 0.4586725109580463 0.008478802992518703 0.021916092673763304
81 0.5179551122194513 0.45898559799624294 0.007481296758104738 0.021289918597370068
88 0.5324189526184538 0.4580463368816531 0.009476309226932668 0.02066374452097683
85 0.5423940149625934 0.4580463368816531 0.007481296758104738 0.019411396368190358
78 0.5523690773067331 0.4574201628052598 0.007481296758104738 0.018159048215403883
84 0.5633416458852868 0.4577332498434565 0.008478802992518703 0.020037570444583593
71 0.5728179551122194 0.4571070757670632 0.004488778054862842 0.021289918597370068
18 0.540149625935162 0.4577332498434565 0.07780548628428927 0.030056355666875388
15 0.6251870324189526 0.21916092673763304 0.02543640897755611 0.03757044458359424
14 0.52643391521197 0.20726361928616155 0.007481296758104738 0.050093926111458985
11 0.5301745635910224 0.19599248591108326 0.25236907730673314 0.12648716343143393
1 0.5276807980049875 0.2670632435817157 0.343142144638404 0.45021916092673764
