52 0.519287109375 0.2634375 0.37841796875 0.46187500000000004
54 0.522216796875 0.1859375 0.26025390625 0.12687500000000002
0 0.5380859375 0.4425 0.08203125 0.03
55 0.50634765625 0.4409375 0.01171875 0.029375000000000002
10 0.5166015625 0.4409375 0.0078125 0.029375000000000002
32 0.530029296875 0.440625 0.01123046875 0.02625
25 0.54052734375 0.441875 0.0087890625 0.03125
8 0.55126953125 0.443125 0.0078125 0.0275
20 0.560546875 0.44125000000000003 0.0078125 0.025
20 0.5703125 0.443125 0.0087890625 0.0275
80 0.537841796875 0.37093750000000003 0.01806640625 0.021875000000000002