52 0.460205078125 0.240625 0.31396484375 0.45625
54 0.4609375 0.1903125 0.224609375 0.116875
59 0.3828125 0.14906250000000001 0.0146484375 0.009375
71 0.4638671875 0.18281250000000002 0.01171875 0.055625
0 0.46044921875 0.4065625 0.072265625 0.030625
55 0.43017578125 0.40718750000000004 0.0107421875 0.028125
10 0.43994140625 0.4078125 0.0078125 0.025625000000000002
14 0.45263671875 0.40625 0.009765625 0.0275
14 0.461669921875 0.406875 0.00830078125 0.03
21 0.470703125 0.405 0.009765625 0.02875
19 0.48095703125 0.4065625 0.0087890625 0.023125
16 0.49072265625 0.40468750000000003 0.0126953125 0.025625000000000002
72 0.460205078125 0.36375 0.02294921875 0.02875