52 0.7587890625 0.3078125 0.330078125 0.479375
54 0.7607421875 0.26687500000000003 0.2431640625 0.125
59 0.670654296875 0.234375 0.01611328125 0.0125
73 0.80712890625 0.21875 0.064453125 0.01875
0 0.784423828125 0.4953125 0.07763671875 0.030625
55 0.7529296875 0.49625 0.009765625 0.0275
10 0.76220703125 0.49625 0.0107421875 0.03125
39 0.776611328125 0.4975 0.00830078125 0.02875
6 0.785400390625 0.49593750000000003 0.00732421875 0.026875
13 0.79638671875 0.49593750000000003 0.0107421875 0.030625
8 0.8056640625 0.49593750000000003 0.0078125 0.034375
20 0.8154296875 0.4940625 0.0107421875 0.026875
63 0.783447265625 0.438125 0.04345703125 0.04875