2 0.02197265625 0.10312500000000001 0.0439453125 0.20625000000000002
2 0.97900390625 0.276875 0.0400390625 0.28375
17 0.331787109375 0.1709375 0.01611328125 0.015625
11 0.4111328125 0.2065625 0.2451171875 0.129375
125 0.39453125 0.3834375 0.03125 0.035625000000000004
43 0.363525390625 0.43843750000000004 0.01025390625 0.023125
81 0.37353515625 0.440625 0.0078125 0.02125
104 0.3857421875 0.4390625 0.009765625 0.020625
86 0.4052734375 0.43843750000000004 0.0087890625 0.021875000000000002
71 0.396240234375 0.4396875 0.00537109375 0.021875000000000002
77 0.416015625 0.43875000000000003 0.0087890625 0.02125
73 0.425537109375 0.4390625 0.00830078125 0.023125
18 0.394287109375 0.439375 0.07958984375 0.03375
1 0.41650390625 0.2775 0.3232421875 0.44125000000000003
