5 0.6494140625 0.2575 0.353515625 0.5075000000000001
208 0.655029296875 0.295 0.07666015625 0.035
11 0.6572265625 0.178125 0.302734375 0.16625
18 0.65234375 0.4421875 0.0751953125 0.034375
17 0.525634765625 0.1178125 0.01416015625 0.015625
17 0.522705078125 0.13625 0.01220703125 0.01625
14 0.651123046875 0.1696875 0.01708984375 0.104375
43 0.621826171875 0.4428125 0.01123046875 0.026875
81 0.632080078125 0.4409375 0.00927734375 0.023125
99 0.664306640625 0.4415625 0.00927734375 0.024375
72 0.6435546875 0.4421875 0.009765625 0.025625000000000002
78 0.654541015625 0.4409375 0.00830078125 0.023125
77 0.67333984375 0.4421875 0.0087890625 0.028125
72 0.683349609375 0.4428125 0.00927734375 0.024375
