17 0.652587890625 0.19875 0.01318359375 0.01125
17 0.649169921875 0.21406250000000002 0.01416015625 0.010625
14 0.740234375 0.22625 0.005859375 0.04125
11 0.74169921875 0.224375 0.2421875 0.11125
115 0.75390625 0.4453125 0.048828125 0.023125
43 0.72216796875 0.48875 0.0107421875 0.025
81 0.73291015625 0.4884375 0.0087890625 0.024375
100 0.746337890625 0.48812500000000003 0.00927734375 0.02375
77 0.75634765625 0.486875 0.009765625 0.02125
78 0.776123046875 0.4875 0.00927734375 0.0225
79 0.786376953125 0.48781250000000004 0.00927734375 0.023125
96 0.765625 0.4871875 0.0107421875 0.021875000000000002
18 0.75390625 0.48781250000000004 0.076171875 0.030625
2 0.742431640625 0.3175 0.34326171875 0.48875
