53 0.506591796875 0.3375 0.39697265625 0.5650000000000001
54 0.498046875 0.26625 0.267578125 0.14875
59 0.3984375 0.2328125 0.025390625 0.013125
59 0.399658203125 0.2446875 0.02001953125 0.010625
59 0.3935546875 0.261875 0.0185546875 0.01375
59 0.3916015625 0.296875 0.025390625 0.0225
0 0.49462890625 0.5634375 0.0869140625 0.044375
55 0.45947265625 0.5628125 0.015625 0.039375
10 0.4716796875 0.5628125 0.0107421875 0.039375
40 0.486328125 0.5628125 0.009765625 0.039375
14 0.49560546875 0.5625 0.0087890625 0.035
6 0.50732421875 0.564375 0.005859375 0.03375
2 0.51611328125 0.5625 0.0078125 0.035
20 0.527099609375 0.56 0.01025390625 0.03375
84 0.496337890625 0.47500000000000003 0.05126953125 0.02125