17 0.208740234375 0.14906250000000001 0.01611328125 0.015625
17 0.225830078125 0.1496875 0.01611328125 0.015625
17 0.241943359375 0.149375 0.01708984375 0.01375
17 0.205078125 0.168125 0.015625 0.01625
17 0.221435546875 0.165625 0.01318359375 0.015
11 0.319091796875 0.20625000000000002 0.29638671875 0.15375
43 0.28955078125 0.5181250000000001 0.0107421875 0.0225
81 0.300048828125 0.516875 0.01025390625 0.0225
76 0.314453125 0.5171875 0.009765625 0.021875000000000002
75 0.3251953125 0.5165625 0.009765625 0.023125
75 0.356689453125 0.5159375 0.00927734375 0.023125
88 0.3359375 0.51625 0.009765625 0.02375
102 0.345947265625 0.515625 0.00830078125 0.0225
18 0.32373046875 0.51875 0.0830078125 0.0325
3 0.316650390625 0.2940625 0.38134765625 0.586875
