3 0.3291015625 0.32375 0.361328125 0.62
134 0.319580078125 0.49875 0.03076171875 0.0375
18 0.323486328125 0.5603125 0.08154296875 0.033125
11 0.32421875 0.2925 0.2724609375 0.14
17 0.220947265625 0.246875 0.01513671875 0.01875
17 0.219970703125 0.2659375 0.01318359375 0.014375
43 0.289306640625 0.5615625 0.01220703125 0.026875
81 0.2998046875 0.560625 0.0107421875 0.025
71 0.31396484375 0.56 0.0087890625 0.02625
76 0.3251953125 0.56 0.0107421875 0.02625
87 0.336669921875 0.56 0.01220703125 0.02625
85 0.34765625 0.5593750000000001 0.009765625 0.0275
73 0.3583984375 0.560625 0.009765625 0.0225
