17 0.474609375 0.0971875 0.01171875 0.011875
17 0.47265625 0.1084375 0.01171875 0.010625
17 0.47216796875 0.11875000000000001 0.0087890625 0.00875
11 0.55615234375 0.12875 0.1884765625 0.0825
111 0.58154296875 0.295625 0.021484375 0.0275
43 0.554931640625 0.3409375 0.00830078125 0.023125
81 0.563232421875 0.34 0.00830078125 0.0225
79 0.576171875 0.33968750000000003 0.009765625 0.021875000000000002
79 0.602783203125 0.3390625 0.00927734375 0.021875000000000002
74 0.5849609375 0.3384375 0.0078125 0.019375
86 0.593505859375 0.3375 0.01025390625 0.02125
79 0.602783203125 0.3375 0.00927734375 0.01875
18 0.583251953125 0.3384375 0.06787109375 0.024375
1 0.550048828125 0.19843750000000002 0.29833984375 0.36562500000000003
