52 0.47119140625 0.336875 0.365234375 0.47750000000000004
54 0.469482421875 0.239375 0.27685546875 0.155
74 0.468994140625 0.2721875 0.02197265625 0.031875
0 0.469970703125 0.5184375 0.08642578125 0.031875
55 0.435302734375 0.5190625 0.01123046875 0.030625
10 0.44775390625 0.5196875 0.009765625 0.034375
7 0.46240234375 0.5190625 0.0087890625 0.030625
15 0.471923828125 0.5203125 0.00634765625 0.035625000000000004
12 0.47998046875 0.5196875 0.009765625 0.036875
18 0.49365234375 0.515 0.0087890625 0.03375
15 0.503662109375 0.5184375 0.01123046875 0.034375
111 0.46923828125 0.46375 0.03125 0.03625