8 0.2138671875 0.755 0.177734375 0.41250000000000003
17 0.5732421875 0.1065625 0.01171875 0.010625
17 0.585693359375 0.105 0.01123046875 0.01125
17 0.60107421875 0.104375 0.013671875 0.0125
12 0.70068359375 0.1121875 0.0537109375 0.020625
15 0.6337890625 0.18 0.0322265625 0.015
16 0.669189453125 0.18 0.00537109375 0.0075
16 0.676025390625 0.1809375 0.00537109375 0.009375
16 0.682861328125 0.180625 0.00439453125 0.00875
16 0.688720703125 0.18281250000000002 0.00537109375 0.009375
16 0.696533203125 0.18125 0.00439453125 0.00875
15 0.716796875 0.1784375 0.02734375 0.021875000000000002
11 0.65673828125 0.1478125 0.201171875 0.099375
127 0.665283203125 0.33187500000000003 0.02197265625 0.02125
43 0.63623046875 0.3775 0.009765625 0.0225
81 0.645751953125 0.376875 0.00830078125 0.02
77 0.657470703125 0.3765625 0.01025390625 0.021875000000000002
77 0.66650390625 0.3765625 0.0087890625 0.021875000000000002
85 0.675537109375 0.3765625 0.01025390625 0.020625
100 0.6845703125 0.375625 0.0087890625 0.01875
78 0.693603515625 0.3775 0.00732421875 0.0225
18 0.665771484375 0.3771875 0.06787109375 0.026875
1 0.655517578125 0.2146875 0.29052734375 0.386875
