52 0.833251953125 0.27375 0.32373046875 0.46875
54 0.845947265625 0.2265625 0.21728515625 0.116875
59 0.762451171875 0.1884375 0.01611328125 0.014375
59 0.77685546875 0.1840625 0.013671875 0.010625
59 0.75732421875 0.1990625 0.0166015625 0.009375
59 0.758056640625 0.211875 0.01611328125 0.0125
0 0.87646484375 0.446875 0.076171875 0.0275
55 0.844482421875 0.4496875 0.01025390625 0.031875
10 0.854736328125 0.44875 0.00830078125 0.03125
21 0.867431640625 0.44906250000000003 0.01025390625 0.028125
14 0.877685546875 0.449375 0.00927734375 0.0275
7 0.885986328125 0.4475 0.00830078125 0.03
17 0.89453125 0.4484375 0.0087890625 0.030625
7 0.906494140625 0.448125 0.01123046875 0.03
72 0.87451171875 0.40625 0.02734375 0.04