17 0.4208984375 0.1203125 0.015625 0.009375
17 0.418701171875 0.1353125 0.01513671875 0.014375
11 0.524169921875 0.16593750000000002 0.25341796875 0.113125
126 0.527099609375 0.35875 0.01416015625 0.01625
43 0.494140625 0.4628125 0.0087890625 0.019375
81 0.503662109375 0.46218750000000003 0.00927734375 0.021875000000000002
87 0.518310546875 0.4628125 0.01025390625 0.019375
88 0.528564453125 0.46218750000000003 0.01025390625 0.021875000000000002
79 0.53955078125 0.463125 0.0087890625 0.02
79 0.548583984375 0.46218750000000003 0.00830078125 0.019375
78 0.56005859375 0.4615625 0.01171875 0.020625
18 0.52734375 0.4615625 0.0791015625 0.030625
2 0.519775390625 0.261875 0.36376953125 0.52375
