218 0.525634765625 0.1428125 0.02978515625 0.030625
43 0.498291015625 0.20750000000000002 0.00732421875 0.02125
81 0.506591796875 0.2090625 0.00732421875 0.021875000000000002
98 0.517822265625 0.206875 0.00732421875 0.0175
86 0.52587890625 0.208125 0.0087890625 0.02125
73 0.53466796875 0.20750000000000002 0.0087890625 0.0225
74 0.542236328125 0.20750000000000002 0.00830078125 0.02125
79 0.55126953125 0.206875 0.0087890625 0.02375
18 0.525634765625 0.20750000000000002 0.06396484375 0.02625
4 0.51953125 0.110625 0.373046875 0.22
17 0.65771484375 0.48812500000000003 0.013671875 0.01625
17 0.676513671875 0.48781250000000004 0.01904296875 0.018125
11 0.732177734375 0.571875 0.29833984375 0.20875
113 0.68212890625 0.8365625 0.02734375 0.034375
43 0.637451171875 0.9109375000000001 0.01220703125 0.030625
81 0.650390625 0.9134375 0.01171875 0.025625000000000002
81 0.694091796875 0.9175 0.01123046875 0.0275
72 0.708251953125 0.9209375 0.01318359375 0.031875
72 0.720703125 0.92125 0.0146484375 0.0325
72 0.66796875 0.9171875 0.0107421875 0.033125
100 0.68310546875 0.9165625000000001 0.0107421875 0.031875
2 0.749755859375 0.6375000000000001 0.46240234375 0.65
