165 0.646728515625 0.33 0.02294921875 0.0225
43 0.6171875 0.413125 0.0078125 0.01875
81 0.626708984375 0.4128125 0.00830078125 0.019375
101 0.6396484375 0.4128125 0.0078125 0.019375
98 0.64892578125 0.41250000000000003 0.0068359375 0.01875
76 0.658935546875 0.413125 0.00732421875 0.01875
74 0.667724609375 0.4128125 0.00830078125 0.019375
75 0.677490234375 0.4134375 0.00732421875 0.018125
18 0.6474609375 0.4128125 0.072265625 0.028125
17 0.560546875 0.1065625 0.01171875 0.011875
17 0.57421875 0.1046875 0.01171875 0.011875
17 0.587158203125 0.1053125 0.01123046875 0.013125
11 0.645263671875 0.16468750000000001 0.25146484375 0.148125
3 0.644775390625 0.2196875 0.32861328125 0.436875
