52 0.6330224904004389 0.29062276306370793 0.3784969829950631 0.5468861846814602
54 0.6365880416895228 0.23657838224767358 0.2726275370268788 0.13672154617036505
59 0.5394953373560066 0.18360773085182533 0.01481075150850247 0.01073729420186113
59 0.5370268787712562 0.20114531138153185 0.019747668678003292 0.014316392269148173
66 0.5304443225452551 0.27451682176091624 0.028524410312671424 0.029348604151753756
0 0.63960504662644 0.5125268432355047 0.09873834339001646 0.03579098067287043
55 0.5981897970378497 0.5100214745884037 0.015907844212835986 0.030780243378668574
10 0.6140976412506857 0.5125268432355047 0.013713658804168954 0.03579098067287043
14 0.6278113000548546 0.513242662848962 0.013713658804168954 0.03722261989978525
15 0.6387822270981899 0.5125268432355047 0.013713658804168954 0.03865425912670007
5 0.6511245200219419 0.5139584824624195 0.010970927043335162 0.03579098067287043
31 0.6640153592978607 0.5118110236220472 0.01481075150850247 0.03722261989978525
5 0.6771804717498628 0.5125268432355047 0.01151947339550192 0.03579098067287043
72 0.6385079539221065 0.4520400858983536 0.039495337356006584 0.046528274874731566