17 0.26220703125 0.1584375 0.0126953125 0.013125
17 0.278564453125 0.15812500000000002 0.01416015625 0.0125
17 0.257080078125 0.18812500000000001 0.01611328125 0.01625
11 0.35400390625 0.210625 0.259765625 0.1525
151 0.355712890625 0.4065625 0.04443359375 0.014375
43 0.323974609375 0.489375 0.01025390625 0.02125
81 0.33447265625 0.489375 0.009765625 0.02125
80 0.369384765625 0.48875 0.00927734375 0.02125
90 0.349853515625 0.4884375 0.00830078125 0.020625
78 0.35888671875 0.48875 0.0087890625 0.02125
78 0.39013671875 0.4890625 0.009765625 0.019375
96 0.3798828125 0.4890625 0.009765625 0.020625
18 0.357421875 0.4896875 0.083984375 0.035625000000000004
2 0.3564453125 0.2709375 0.3671875 0.526875
