1 0.751953125 0.285625 0.2744140625 0.39875
11 0.749267578125 0.2215625 0.21826171875 0.105625
17 0.662109375 0.211875 0.013671875 0.01125
17 0.665283203125 0.1978125 0.01123046875 0.010625
17 0.6806640625 0.1878125 0.01171875 0.011875
14 0.749267578125 0.21125 0.01123046875 0.04875
125 0.765380859375 0.3909375 0.03076171875 0.035625000000000004
18 0.7666015625 0.4453125 0.0712890625 0.026875
43 0.736572265625 0.445 0.00830078125 0.02375
81 0.74609375 0.4459375 0.0107421875 0.024375
104 0.759033203125 0.4446875 0.00830078125 0.023125
75 0.768310546875 0.445 0.01123046875 0.02375
88 0.7783203125 0.445 0.0087890625 0.02375
73 0.787353515625 0.4446875 0.00927734375 0.023125
78 0.797119140625 0.4440625 0.01025390625 0.021875000000000002
