3 0.6650390625 0.21 0.279296875 0.4225
184 0.670166015625 0.305 0.01318359375 0.02625
11 0.671875 0.133125 0.2255859375 0.13125
17 0.580078125 0.0934375 0.01171875 0.013125
17 0.59228515625 0.09406250000000001 0.009765625 0.011875
17 0.594482421875 0.10875 0.01220703125 0.01375
17 0.579345703125 0.1071875 0.00927734375 0.010625
17 0.58837890625 0.12125 0.0107421875 0.01375
17 0.575927734375 0.120625 0.01318359375 0.01375
17 0.58056640625 0.1375 0.01171875 0.01625
17 0.593505859375 0.138125 0.01416015625 0.015
17 0.5849609375 0.15125 0.009765625 0.01375
18 0.670166015625 0.361875 0.06787109375 0.02875
43 0.64208984375 0.3615625 0.009765625 0.025625000000000002
81 0.650634765625 0.3609375 0.00732421875 0.021875000000000002
84 0.662841796875 0.3609375 0.00830078125 0.021875000000000002
103 0.681640625 0.361875 0.009765625 0.0225
71 0.672607421875 0.3609375 0.00830078125 0.024375
77 0.6904296875 0.3615625 0.0107421875 0.023125
78 0.700927734375 0.3609375 0.00830078125 0.021875000000000002
