126 0.646728515625 0.4371875 0.01318359375 0.013125
43 0.615478515625 0.4996875 0.00830078125 0.019375
81 0.62451171875 0.4996875 0.0078125 0.019375
82 0.638671875 0.5003125 0.0078125 0.019375
93 0.6484375 0.5003125 0.0078125 0.020625
73 0.658203125 0.500625 0.0078125 0.02
72 0.667724609375 0.50125 0.00732421875 0.01875
79 0.677490234375 0.50125 0.00732421875 0.01875
16 0.637451171875 0.2915625 0.02099609375 0.009375
17 0.55712890625 0.2103125 0.009765625 0.008125
11 0.637451171875 0.251875 0.23486328125 0.1125
1 0.638671875 0.321875 0.32421875 0.43625
