52 0.410888671875 0.30625 0.38818359375 0.56875
54 0.41162109375 0.21406250000000002 0.2958984375 0.154375
0 0.40478515625 0.5109375 0.09765625 0.039375
55 0.36474609375 0.5103125000000001 0.01171875 0.034375
10 0.378173828125 0.5128125 0.01220703125 0.039375
39 0.394287109375 0.5128125 0.01220703125 0.035625000000000004
11 0.40576171875 0.5128125 0.0107421875 0.035625000000000004
3 0.418212890625 0.5128125 0.01220703125 0.035625000000000004
11 0.430419921875 0.51375 0.01220703125 0.0375
5 0.445068359375 0.5128125 0.01220703125 0.039375
63 0.408935546875 0.4415625 0.05224609375 0.07187500000000001
59 0.31591796875 0.17625 0.013671875 0.0175
59 0.337158203125 0.1778125 0.01220703125 0.023125
59 0.3525390625 0.1640625 0.0068359375 0.009375
59 0.353271484375 0.1821875 0.01416015625 0.014375
59 0.342529296875 0.19375 0.01123046875 0.00875
59 0.368408203125 0.175625 0.01220703125 0.01875