165 0.60693359375 0.2834375 0.0341796875 0.034375
43 0.57421875 0.3834375 0.0068359375 0.018125
81 0.5830078125 0.3834375 0.0068359375 0.018125
106 0.59619140625 0.3828125 0.0087890625 0.019375
106 0.60546875 0.3834375 0.0078125 0.018125
71 0.6142578125 0.38406250000000003 0.0029296875 0.019375
77 0.62353515625 0.3834375 0.0078125 0.018125
76 0.6328125 0.3834375 0.0068359375 0.018125
18 0.603271484375 0.38406250000000003 0.06884765625 0.025625000000000002
17 0.530029296875 0.0465625 0.01123046875 0.014375
17 0.498046875 0.049375 0.013671875 0.015
17 0.51513671875 0.046875 0.0146484375 0.01625
17 0.5078125 0.064375 0.0126953125 0.015
17 0.50439453125 0.0815625 0.01171875 0.013125
17 0.491455078125 0.0665625 0.01220703125 0.013125
17 0.489501953125 0.0815625 0.01123046875 0.013125
17 0.471923828125 0.0865625 0.01318359375 0.013125
15 0.6220703125 0.1575 0.0322265625 0.01875
11 0.60498046875 0.120625 0.30078125 0.18
5 0.597900390625 0.2134375 0.40966796875 0.421875
