53 0.515869140625 0.2584375 0.35107421875 0.513125
54 0.51513671875 0.1684375 0.265625 0.146875
59 0.421630859375 0.1390625 0.01416015625 0.014375
59 0.4384765625 0.1384375 0.0185546875 0.015625
74 0.458740234375 0.214375 0.02197265625 0.02
0 0.525146484375 0.45875 0.08154296875 0.0325
55 0.49169921875 0.4578125 0.009765625 0.030625
10 0.5029296875 0.45625 0.009765625 0.03125
28 0.51708984375 0.4578125 0.009765625 0.030625
8 0.526611328125 0.458125 0.00927734375 0.03
14 0.536376953125 0.45875 0.01025390625 0.03
7 0.546630859375 0.4575 0.01025390625 0.03
7 0.55712890625 0.4571875 0.01171875 0.026875
62 0.52685546875 0.4084375 0.0419921875 0.060625
87 0.565185546875 0.141875 0.02490234375 0.01625