2 0.494140625 0.26125 0.30859375 0.5
133 0.497802734375 0.3615625 0.02783203125 0.021875000000000002
18 0.498291015625 0.435625 0.07763671875 0.03375
11 0.490478515625 0.171875 0.22998046875 0.12
14 0.489501953125 0.1690625 0.01416015625 0.066875
17 0.404052734375 0.1303125 0.01220703125 0.013125
17 0.418212890625 0.1303125 0.01416015625 0.015625
17 0.434326171875 0.1296875 0.01416015625 0.014375
43 0.46533203125 0.4346875 0.01171875 0.028125
81 0.476318359375 0.4365625 0.01025390625 0.026875
76 0.490478515625 0.4371875 0.00830078125 0.025625000000000002
73 0.499267578125 0.43593750000000003 0.01123046875 0.023125
84 0.509765625 0.4346875 0.0078125 0.025625000000000002
91 0.520263671875 0.4353125 0.01318359375 0.026875
71 0.52880859375 0.4346875 0.0078125 0.028125
