52 0.511474609375 0.28500000000000003 0.34521484375 0.44
54 0.5126953125 0.2096875 0.24609375 0.131875
59 0.423583984375 0.1790625 0.01708984375 0.015625
59 0.423583984375 0.1934375 0.02001953125 0.013125
0 0.529541015625 0.4628125 0.07763671875 0.030625
55 0.49462890625 0.4634375 0.0078125 0.028125
10 0.50634765625 0.4678125 0.0078125 0.021875000000000002
5 0.5205078125 0.46375 0.0107421875 0.0275
26 0.529296875 0.465625 0.0068359375 0.0275
36 0.539306640625 0.465 0.00830078125 0.0325
36 0.55029296875 0.4665625 0.0107421875 0.025625000000000002
15 0.56396484375 0.4640625 0.0146484375 0.024375
61 0.524658203125 0.411875 0.03173828125 0.03625