11 0.983154296875 0.0453125 0.03271484375 0.053125
2 0.937255859375 0.1178125 0.12451171875 0.236875
125 0.20556640625 0.3590625 0.02734375 0.034375
43 0.176513671875 0.408125 0.00830078125 0.0175
81 0.18603515625 0.4084375 0.0068359375 0.018125
104 0.198486328125 0.40875 0.00732421875 0.0175
71 0.207275390625 0.40875 0.00341796875 0.0175
76 0.21630859375 0.40875 0.0078125 0.0175
71 0.225341796875 0.40875 0.00341796875 0.0175
75 0.234375 0.4084375 0.0078125 0.018125
18 0.205322265625 0.40750000000000003 0.06982421875 0.0275
12 0.182373046875 0.15937500000000002 0.05224609375 0.02125
11 0.220703125 0.1965625 0.2197265625 0.111875
1 0.22607421875 0.2571875 0.2939453125 0.384375
