53 0.689697265625 0.240625 0.36181640625 0.47375
54 0.69140625 0.1384375 0.2548828125 0.12562500000000001
59 0.593505859375 0.10187500000000001 0.01708984375 0.0075
59 0.58984375 0.11375 0.0185546875 0.00875
66 0.59912109375 0.16625 0.0322265625 0.03375
71 0.683837890625 0.13375 0.01611328125 0.075
0 0.701171875 0.4 0.0751953125 0.03375
1 0.671142578125 0.40218750000000003 0.01123046875 0.029375000000000002
32 0.679931640625 0.4 0.00732421875 0.03125
28 0.692138671875 0.4009375 0.01025390625 0.028125
39 0.70263671875 0.400625 0.009765625 0.025
11 0.71240234375 0.40125 0.009765625 0.02875
11 0.721435546875 0.4009375 0.01220703125 0.026875
20 0.732421875 0.401875 0.0126953125 0.025
117 0.70068359375 0.335625 0.03125 0.0375