69 0.50439453125 0.290625 0.361328125 0.5700000000000001
54 0.5224609375 0.24406250000000002 0.2529296875 0.155625
59 0.4443359375 0.2046875 0.0107421875 0.015625
59 0.4599609375 0.2025 0.0107421875 0.02375
59 0.471923828125 0.199375 0.01220703125 0.015
59 0.439697265625 0.2209375 0.02001953125 0.016875
74 0.6181640625 0.28500000000000003 0.0400390625 0.02875
0 0.52880859375 0.5221875 0.0830078125 0.038125
55 0.493896484375 0.5221875 0.01318359375 0.040625
10 0.505126953125 0.5231250000000001 0.01220703125 0.0425
10 0.51806640625 0.5215625 0.013671875 0.039375
39 0.529541015625 0.5221875 0.00927734375 0.038125
11 0.539306640625 0.520625 0.00830078125 0.0375
8 0.549560546875 0.520625 0.00927734375 0.0375
7 0.561279296875 0.5221875 0.00927734375 0.038125
58 0.528076171875 0.414375 0.03369140625 0.0375