7 0.334228515625 0.2775 0.16845703125 0.42375
149 0.73193359375 0.455625 0.0185546875 0.0275
43 0.6953125 0.500625 0.009765625 0.02375
81 0.70703125 0.5009375 0.009765625 0.024375
79 0.72314453125 0.5003125 0.0107421875 0.023125
74 0.735107421875 0.500625 0.01025390625 0.02375
88 0.74658203125 0.5009375 0.0107421875 0.024375
90 0.758544921875 0.5003125 0.00927734375 0.023125
80 0.77001953125 0.5009375 0.0107421875 0.024375
18 0.732666015625 0.5 0.09033203125 0.03375
17 0.63916015625 0.1475 0.0126953125 0.01125
17 0.654296875 0.1465625 0.0166015625 0.010625
16 0.665283203125 0.240625 0.01025390625 0.0125
16 0.689697265625 0.2371875 0.01025390625 0.019375
16 0.640380859375 0.2403125 0.01123046875 0.020625
15 0.62158203125 0.2371875 0.0263671875 0.036875
14 0.733642578125 0.2003125 0.01611328125 0.050625
11 0.7333984375 0.209375 0.275390625 0.15875
2 0.73291015625 0.29531250000000003 0.3896484375 0.5231250000000001
