3 0.697265625 0.215 0.296875 0.4275
134 0.713623046875 0.28125 0.02685546875 0.0275
11 0.7099609375 0.115625 0.23046875 0.125
17 0.607421875 0.073125 0.0107421875 0.0125
12 0.750244140625 0.074375 0.06298828125 0.01875
17 0.60693359375 0.0859375 0.009765625 0.010625
18 0.712890625 0.3584375 0.0703125 0.028125
43 0.6845703125 0.35781250000000003 0.0087890625 0.023125
81 0.693603515625 0.35781250000000003 0.00927734375 0.023125
105 0.724853515625 0.35781250000000003 0.00732421875 0.023125
85 0.732177734375 0.356875 0.00927734375 0.02125
77 0.70556640625 0.35781250000000003 0.009765625 0.023125
76 0.71484375 0.3584375 0.0107421875 0.021875000000000002
79 0.741943359375 0.35781250000000003 0.00732421875 0.023125
