17 0.341552734375 0.248125 0.01123046875 0.0125
12 0.374267578125 0.2575 0.05908203125 0.02625
15 0.445068359375 0.3340625 0.02587890625 0.029375000000000002
11 0.426025390625 0.295 0.22314453125 0.11750000000000001
148 0.421875 0.495 0.0146484375 0.025
43 0.388916015625 0.5325 0.01025390625 0.02375
81 0.399658203125 0.533125 0.01123046875 0.025
80 0.413330078125 0.533125 0.01123046875 0.025
100 0.423828125 0.533125 0.009765625 0.025
87 0.43408203125 0.5337500000000001 0.0107421875 0.02625
76 0.445068359375 0.535625 0.01123046875 0.025
71 0.455810546875 0.535625 0.00927734375 0.0275
18 0.421630859375 0.5334375 0.07861328125 0.031875
2 0.42822265625 0.3559375 0.3330078125 0.478125
