17 0.334716796875 0.2159375 0.01513671875 0.009375
17 0.33056640625 0.228125 0.013671875 0.0125
14 0.422607421875 0.2609375 0.01025390625 0.040625
15 0.451416015625 0.2890625 0.02197265625 0.030625
11 0.421875 0.245 0.2333984375 0.115
177 0.41357421875 0.4709375 0.033203125 0.023125
43 0.381591796875 0.533125 0.01025390625 0.02625
81 0.39208984375 0.5337500000000001 0.0107421875 0.025
78 0.406494140625 0.5325 0.01123046875 0.02625
78 0.447998046875 0.531875 0.01025390625 0.02625
71 0.416748046875 0.5321875 0.00927734375 0.024375
74 0.427001953125 0.53125 0.01025390625 0.02375
94 0.437255859375 0.5321875 0.01025390625 0.025625000000000002
18 0.414794921875 0.5315625 0.08056640625 0.034375
2 0.420654296875 0.32937500000000003 0.35009765625 0.4975
