14 0.50244140625 0.2646875 0.0400390625 0.025625000000000002
14 0.58349609375 0.2703125 0.037109375 0.011875
11 0.509033203125 0.22375 0.23779296875 0.12625
159 0.519775390625 0.42125 0.02392578125 0.02875
43 0.4873046875 0.46875 0.0087890625 0.02125
43 0.4970703125 0.47000000000000003 0.009765625 0.0225
77 0.51123046875 0.4690625 0.0087890625 0.020625
75 0.542724609375 0.469375 0.01025390625 0.02
72 0.552001953125 0.4690625 0.00830078125 0.021875000000000002
99 0.521728515625 0.46968750000000004 0.01025390625 0.019375
105 0.531494140625 0.469375 0.00830078125 0.0225
18 0.51953125 0.47000000000000003 0.080078125 0.03375
1 0.5107421875 0.3071875 0.3291015625 0.439375
