53 0.6689453125 0.248125 0.3232421875 0.4675
54 0.67529296875 0.185625 0.2529296875 0.14125000000000001
59 0.582275390625 0.1475 0.01611328125 0.01625
59 0.579833984375 0.1640625 0.02392578125 0.016875
0 0.684814453125 0.4325 0.07373046875 0.0325
55 0.651611328125 0.4328125 0.01318359375 0.029375000000000002
10 0.66259765625 0.4328125 0.0107421875 0.029375000000000002
30 0.674072265625 0.433125 0.01220703125 0.0325
11 0.68505859375 0.4315625 0.01171875 0.031875
26 0.693359375 0.4303125 0.0068359375 0.029375000000000002
35 0.70263671875 0.4315625 0.009765625 0.026875
6 0.71484375 0.43093750000000003 0.009765625 0.030625
64 0.68212890625 0.3775 0.0263671875 0.03375