3 0.4208984375 0.2390625 0.310546875 0.481875
134 0.424072265625 0.3365625 0.02001953125 0.021875000000000002
11 0.418212890625 0.178125 0.22607421875 0.11125
18 0.4248046875 0.4528125 0.0703125 0.030625
15 0.36474609375 0.2215625 0.033203125 0.023125
15 0.399169921875 0.22062500000000002 0.03076171875 0.02375
14 0.433837890625 0.1796875 0.00732421875 0.051875000000000004
17 0.32763671875 0.161875 0.009765625 0.01375
17 0.343505859375 0.161875 0.01416015625 0.01625
17 0.32958984375 0.14375000000000002 0.0107421875 0.01625
17 0.342529296875 0.1440625 0.01318359375 0.016875
43 0.396240234375 0.453125 0.00830078125 0.02625
81 0.404296875 0.451875 0.009765625 0.0225
86 0.416748046875 0.45156250000000003 0.00830078125 0.023125
96 0.436279296875 0.451875 0.00732421875 0.02625
79 0.4267578125 0.4521875 0.01171875 0.024375
79 0.445556640625 0.451875 0.00927734375 0.02625
77 0.455322265625 0.451875 0.00927734375 0.02625
