1 0.53125 0.29875 0.328125 0.435
11 0.529296875 0.2215625 0.236328125 0.109375
125 0.5458984375 0.404375 0.0322265625 0.04
18 0.54638671875 0.4584375 0.0771484375 0.029375000000000002
43 0.515380859375 0.4578125 0.01123046875 0.028125
81 0.525390625 0.4578125 0.0087890625 0.025625000000000002
104 0.538818359375 0.4584375 0.01025390625 0.024375
77 0.549072265625 0.4578125 0.01025390625 0.023125
85 0.5595703125 0.4584375 0.0087890625 0.024375
75 0.569580078125 0.4584375 0.00927734375 0.026875
78 0.5791015625 0.4584375 0.0078125 0.026875
17 0.47265625 0.1809375 0.01171875 0.013125
17 0.460205078125 0.1796875 0.00927734375 0.010625
17 0.468017578125 0.1928125 0.01123046875 0.013125
17 0.45361328125 0.2034375 0.0087890625 0.010625
17 0.45556640625 0.1909375 0.009765625 0.010625
17 0.444091796875 0.1921875 0.01025390625 0.009375
7 0.1884765625 0.091875 0.09765625 0.1825
