17 0.28369140625 0.1384375 0.013671875 0.010625
17 0.299560546875 0.1375 0.01416015625 0.0125
17 0.314453125 0.13625 0.015625 0.0125
14 0.368408203125 0.180625 0.01025390625 0.0625
16 0.359130859375 0.216875 0.02197265625 0.01875
15 0.323486328125 0.2171875 0.02490234375 0.026875
11 0.3681640625 0.18 0.216796875 0.11
113 0.368408203125 0.3690625 0.02294921875 0.021875000000000002
43 0.339111328125 0.4234375 0.00830078125 0.020625
81 0.3486328125 0.42281250000000004 0.009765625 0.020625
98 0.360595703125 0.4240625 0.00927734375 0.021875000000000002
78 0.370849609375 0.42375 0.00830078125 0.02125
80 0.3798828125 0.4234375 0.009765625 0.023125
90 0.38916015625 0.42281250000000004 0.0087890625 0.021875000000000002
76 0.3984375 0.4221875 0.0107421875 0.023125
18 0.369140625 0.42312500000000003 0.0703125 0.02625
2 0.368408203125 0.24781250000000002 0.31982421875 0.45687500000000003
