15 0.39697265625 0.30312500000000003 0.041015625 0.02375
14 0.4873046875 0.26156250000000003 0.0087890625 0.039375
16 0.509521484375 0.2975 0.01123046875 0.02125
11 0.488525390625 0.26875 0.23486328125 0.115
115 0.480224609375 0.4946875 0.04931640625 0.025625000000000002
43 0.447265625 0.5309375000000001 0.01171875 0.024375
81 0.4580078125 0.5315625 0.009765625 0.025625000000000002
86 0.471435546875 0.531875 0.01123046875 0.02625
71 0.48291015625 0.5337500000000001 0.0087890625 0.0275
88 0.49365234375 0.533125 0.01171875 0.02875
77 0.50341796875 0.5328125 0.0107421875 0.028125
79 0.514404296875 0.531875 0.01220703125 0.02625
18 0.47998046875 0.531875 0.0810546875 0.035
1 0.48828125 0.348125 0.3466796875 0.45875
