2 0.2919921875 0.30625 0.388671875 0.5
115 0.232177734375 0.449375 0.04833984375 0.02375
11 0.281005859375 0.2190625 0.23291015625 0.12687500000000002
18 0.231689453125 0.49125 0.07568359375 0.03375
43 0.19970703125 0.49125 0.0107421875 0.03125
81 0.2099609375 0.49125 0.009765625 0.03375
79 0.223876953125 0.4903125 0.00830078125 0.029375000000000002
95 0.233642578125 0.49125 0.00830078125 0.0275
93 0.243896484375 0.4896875 0.00927734375 0.028125
96 0.25341796875 0.49125 0.009765625 0.0275
78 0.263671875 0.4921875 0.0107421875 0.029375000000000002
17 0.197509765625 0.1809375 0.01123046875 0.013125
