3 0.5009765625 0.28 0.306640625 0.5575
11 0.4990234375 0.231875 0.26171875 0.12625
134 0.50341796875 0.41625 0.0234375 0.035
17 0.39306640625 0.20125 0.0126953125 0.01875
17 0.3896484375 0.2175 0.013671875 0.01625
17 0.38818359375 0.234375 0.0126953125 0.015
17 0.386474609375 0.253125 0.01611328125 0.015
17 0.4033203125 0.2234375 0.013671875 0.016875
17 0.41015625 0.19187500000000002 0.0126953125 0.01625
17 0.407470703125 0.2078125 0.00732421875 0.010625
17 0.402587890625 0.2396875 0.01025390625 0.011875
15 0.508056640625 0.27968750000000003 0.03466796875 0.025625000000000002
18 0.504150390625 0.5184375 0.07861328125 0.029375000000000002
43 0.47216796875 0.5178125 0.0107421875 0.023125
81 0.482421875 0.5178125 0.0107421875 0.023125
84 0.4970703125 0.5178125 0.0107421875 0.023125
103 0.507080078125 0.5184375 0.00927734375 0.021875000000000002
77 0.517578125 0.5178125 0.009765625 0.023125
76 0.52783203125 0.5184375 0.009765625 0.025625000000000002
76 0.5380859375 0.5190625 0.0087890625 0.024375
