112 0.5546875 0.350625 0.0205078125 0.01875
33 0.526123046875 0.3925 0.00732421875 0.0175
99 0.535400390625 0.3921875 0.00732421875 0.018125
76 0.548095703125 0.3925 0.00830078125 0.0175
105 0.55810546875 0.39187500000000003 0.0078125 0.02
91 0.567138671875 0.3921875 0.00732421875 0.018125
78 0.575927734375 0.39156250000000004 0.00732421875 0.019375
71 0.5849609375 0.39156250000000004 0.0029296875 0.019375
18 0.5556640625 0.39156250000000004 0.0712890625 0.029375000000000002
15 0.466552734375 0.2 0.03466796875 0.0225
17 0.468994140625 0.1296875 0.01220703125 0.006875
17 0.467041015625 0.139375 0.01220703125 0.01
11 0.543212890625 0.1728125 0.21533203125 0.11937500000000001
1 0.541748046875 0.2409375 0.30810546875 0.398125
