17 0.3623046875 0.1603125 0.0107421875 0.010625
14 0.43310546875 0.2225 0.005859375 0.02
14 0.4423828125 0.2234375 0.0068359375 0.021875000000000002
14 0.451904296875 0.2240625 0.00537109375 0.021875000000000002
14 0.461181640625 0.2240625 0.00732421875 0.021875000000000002
11 0.446044921875 0.1978125 0.20849609375 0.106875
127 0.450439453125 0.38656250000000003 0.02587890625 0.028125
43 0.42041015625 0.4378125 0.009765625 0.024375
81 0.42919921875 0.43843750000000004 0.009765625 0.023125
102 0.442626953125 0.43843750000000004 0.01025390625 0.025625000000000002
72 0.452392578125 0.4375 0.01025390625 0.02375
71 0.4609375 0.43843750000000004 0.0068359375 0.023125
77 0.480224609375 0.4375 0.01025390625 0.025
92 0.47021484375 0.4375 0.009765625 0.0225
18 0.449951171875 0.438125 0.07177734375 0.0275
2 0.446533203125 0.2703125 0.32080078125 0.438125
