17 nan nan nan nan
17 0.4296875 0.173125 0.015625 0.0125
11 0.427001953125 0.185 0.01708984375 0.015
113 0.524658203125 0.204375 0.26416015625 0.14625
43 0.5263671875 0.4409375 0.03125 0.030625
81 0.489013671875 0.49843750000000003 0.01025390625 0.024375
100 0.500244140625 0.4996875 0.01123046875 0.026875
75 0.517333984375 0.4996875 0.01220703125 0.029375000000000002
93 0.529541015625 0.5 0.01025390625 0.02625
77 0.5419921875 0.4996875 0.0126953125 0.029375000000000002
71 0.553955078125 0.49875 0.01123046875 0.02875
18 0.5654296875 0.4978125 0.01171875 0.030625
1 0.5263671875 0.498125 0.091796875 0.035
