52 0.48537527593818985 0.276282590412111 0.3669977924944812 0.5290159798149705
54 0.48951434878587197 0.18713204373423042 0.24503311258278146 0.16904962153069805
59 0.38852097130242824 0.14255677039529016 0.025386313465783666 0.019343986543313707
0 0.49420529801324503 0.4890664423885618 0.08112582781456953 0.039529015979814966
55 0.45998896247240617 0.4907485281749369 0.009381898454746136 0.03784693019343986
10 0.47019867549668876 0.4899074852817493 0.007726269315673289 0.039529015979814966
26 0.48509933774834435 0.4899074852817493 0.009933774834437087 0.03616484440706476
19 0.494757174392936 0.4907485281749369 0.008278145695364239 0.03616484440706476
35 0.5057947019867549 0.49285113540790576 0.008278145695364239 0.04037005887300252
5 0.5143487858719646 0.4911690496215307 0.008830022075055188 0.038687973086627414
8 0.5270419426048565 0.4899074852817493 0.009933774834437087 0.03280067283431455
90 0.4931015452538631 0.4234650967199327 0.02262693156732892 0.04289318755256518