52 0.4531428571428572 0.30921052631578944 0.4125714285714286 0.46428571428571425
54 0.448 0.23057644110275688 0.29600000000000004 0.13157894736842105
59 0.34600000000000003 0.18295739348370926 0.021142857142857144 0.012531328320802004
59 0.3431428571428572 0.19893483709273183 0.02342857142857143 0.013157894736842105
71 0.44571428571428573 0.2324561403508772 0.014857142857142859 0.06766917293233082
0 0.46371428571428575 0.47681704260651625 0.09428571428571429 0.03007518796992481
55 0.4242857142857143 0.4765037593984962 0.013142857142857144 0.02694235588972431
10 0.4377142857142857 0.474937343358396 0.012571428571428572 0.02756892230576441
40 0.454 0.47619047619047616 0.012 0.02756892230576441
39 0.46542857142857147 0.47619047619047616 0.014285714285714287 0.02882205513784461
20 0.47771428571428576 0.4771303258145363 0.009142857142857144 0.02819548872180451
14 0.4888571428571429 0.47681704260651625 0.013142857142857144 0.02756892230576441
5 0.5025714285714286 0.4755639097744361 0.014285714285714287 0.02631578947368421
115 0.4608571428571429 0.40538847117794485 0.02342857142857143 0.02631578947368421