117 0.48291015625 0.4240625 0.0087890625 0.010625
117 0.482421875 0.4690625 0.03515625 0.043125000000000004
43 0.449951171875 0.524375 0.00830078125 0.02125
81 0.460205078125 0.524375 0.00830078125 0.02125
80 0.474853515625 0.5246875 0.00927734375 0.019375
104 0.4853515625 0.5240625 0.0078125 0.020625
100 0.4951171875 0.52375 0.0087890625 0.02
77 0.505859375 0.52375 0.0078125 0.02
77 0.516357421875 0.5225 0.00830078125 0.02
18 0.48291015625 0.5234375 0.0771484375 0.024375
11 0.472412109375 0.2559375 0.25634765625 0.12562500000000001
1 0.470458984375 0.3353125 0.34130859375 0.473125
