122 0.42498621070049647 0.3697557921102066 0.03254274682846112 0.014402003757044458
33 0.3888582460011032 0.4289292423293675 0.00882515168229454 0.01878522229179712
82 0.40071704357418647 0.42798998121477766 0.009376723662437948 0.019411396368190358
103 0.41698841698841704 0.4283030682529743 0.00882515168229454 0.020037570444583593
103 0.4280198565912852 0.4283030682529743 0.00882515168229454 0.020037570444583593
73 0.4396028681742968 0.42705072010018785 0.00882515168229454 0.01878522229179712
72 0.4509100937672367 0.42798998121477766 0.009376723662437948 0.02066374452097683
77 0.4622173193601765 0.42705072010018785 0.00882515168229454 0.021289918597370068
18 0.42526199669056813 0.4286161552911709 0.08714837286265859 0.029430181590482152
17 0.3361831218974076 0.12460864120225422 0.015995587424158852 0.013775829680651221
17 0.3532818532818533 0.12241703193487789 0.013789299503585218 0.011897307451471509
17 0.3334252619966906 0.13869755792110205 0.015995587424158852 0.011897307451471509
12 0.4900717043574187 0.12836568566061365 0.07666850523993382 0.03256105197244834
14 0.4266409266409267 0.14840325610519725 0.014892443463872036 0.030056355666875388
11 0.4258135686707116 0.16938008766437068 0.2768891340319912 0.1358797745773325
2 0.4280198565912852 0.24546023794614902 0.3772752344180916 0.49092047589229804
