165 0.519287109375 0.3696875 0.02685546875 0.030625
43 0.48193359375 0.470625 0.009765625 0.0225
81 0.492919921875 0.470625 0.00927734375 0.0225
99 0.510009765625 0.47000000000000003 0.01025390625 0.02125
79 0.521240234375 0.47000000000000003 0.01025390625 0.02125
77 0.533203125 0.4703125 0.009765625 0.021875000000000002
99 0.544189453125 0.4709375 0.01025390625 0.023125
75 0.556396484375 0.4709375 0.01025390625 0.023125
18 0.51904296875 0.47000000000000003 0.0888671875 0.03125
17 0.407958984375 0.088125 0.01708984375 0.01625
17 0.425537109375 0.0865625 0.01513671875 0.015625
11 0.51953125 0.1590625 0.3056640625 0.181875
6 0.518310546875 0.25125000000000003 0.40283203125 0.5025000000000001
