17 0.71923828125 0.15375 0.0166015625 0.0125
17 0.736328125 0.15156250000000002 0.013671875 0.014375
17 0.7216796875 0.1696875 0.0185546875 0.010625
14 0.817626953125 0.2059375 0.01806640625 0.055625
11 0.8271484375 0.1903125 0.259765625 0.143125
149 0.8798828125 0.4084375 0.01953125 0.025625000000000002
43 0.850830078125 0.4909375 0.01123046875 0.025625000000000002
81 0.86181640625 0.49 0.01171875 0.02625
93 0.877685546875 0.4890625 0.01220703125 0.025625000000000002
105 0.889404296875 0.48781250000000004 0.01123046875 0.026875
73 0.901123046875 0.486875 0.01123046875 0.025
73 0.912353515625 0.48562500000000003 0.01123046875 0.025
75 0.923828125 0.484375 0.009765625 0.02625
18 0.88671875 0.486875 0.087890625 0.043750000000000004
1 0.79736328125 0.285625 0.40234375 0.50875
