3 0.867919921875 0.1946875 0.26220703125 0.390625
142 0.915771484375 0.2753125 0.01611328125 0.024375
11 0.8984375 0.0975 0.19921875 0.1325
17 0.811279296875 0.07062500000000001 0.01123046875 0.01125
17 0.826416015625 0.0725 0.01318359375 0.0125
17 0.814697265625 0.0559375 0.01220703125 0.013125
17 0.828369140625 0.0571875 0.01123046875 0.013125
17 0.817138671875 0.043437500000000004 0.01123046875 0.011875
17 0.829345703125 0.043437500000000004 0.01123046875 0.014375
15 0.89990234375 0.1209375 0.025390625 0.021875000000000002
18 0.91552734375 0.3159375 0.068359375 0.030625
43 0.88671875 0.3140625 0.0087890625 0.024375
81 0.896240234375 0.3146875 0.01025390625 0.025625000000000002
76 0.907958984375 0.3140625 0.00927734375 0.021875000000000002
92 0.91748046875 0.3146875 0.0078125 0.023125
82 0.926513671875 0.3153125 0.00830078125 0.024375
71 0.9345703125 0.3159375 0.0078125 0.025625000000000002
79 0.943115234375 0.3146875 0.00927734375 0.025625000000000002
