17 0.552490234375 0.185625 0.01318359375 0.0125
17 0.551025390625 0.19843750000000002 0.01318359375 0.010625
14 0.630615234375 0.2303125 0.00830078125 0.044375
16 0.650634765625 0.2559375 0.02197265625 0.024375
16 0.59814453125 0.2628125 0.0048828125 0.016875
16 0.589111328125 0.2640625 0.00634765625 0.014375
16 0.577392578125 0.26375 0.01123046875 0.01375
16 0.56787109375 0.265625 0.00390625 0.01125
16 0.5625 0.265 0.0048828125 0.0125
15 0.54443359375 0.26875 0.03125 0.02
11 0.638916015625 0.2265625 0.23486328125 0.115625
43 0.61328125 0.4834375 0.009765625 0.021875000000000002
81 0.622802734375 0.48281250000000003 0.01025390625 0.021875000000000002
71 0.63720703125 0.4834375 0.0107421875 0.021875000000000002
104 0.646240234375 0.4825 0.00927734375 0.02375
103 0.6572265625 0.48281250000000003 0.009765625 0.023125
77 0.666259765625 0.4825 0.00830078125 0.02375
80 0.67529296875 0.48531250000000004 0.009765625 0.028125
18 0.644287109375 0.48375 0.07470703125 0.03375
2 0.638427734375 0.296875 0.32568359375 0.48625
7 0.208251953125 0.5884375000000001 0.13134765625 0.406875
