53 0.38330078125 0.24125 0.3837890625 0.47375
54 0.367431640625 0.148125 0.27490234375 0.15125
59 0.282470703125 0.09531250000000001 0.02294921875 0.015625
59 0.283203125 0.11093750000000001 0.021484375 0.015625
87 0.425537109375 0.1034375 0.02880859375 0.015625
0 0.361572265625 0.429375 0.08642578125 0.0325
55 0.325927734375 0.431875 0.01318359375 0.03125
10 0.33642578125 0.4325 0.009765625 0.0325
36 0.353271484375 0.429375 0.01220703125 0.02625
14 0.364013671875 0.42875 0.01220703125 0.0275
42 0.3759765625 0.43093750000000003 0.01171875 0.029375000000000002
8 0.386962890625 0.43343750000000003 0.01416015625 0.028125
14 0.400146484375 0.43093750000000003 0.01220703125 0.029375000000000002
64 0.35986328125 0.36562500000000003 0.037109375 0.03375