53 0.623046875 0.2084375 0.345703125 0.403125
54 0.63427734375 0.1353125 0.2265625 0.138125
59 0.5458984375 0.083125 0.013671875 0.01
59 0.546142578125 0.0965625 0.01904296875 0.010625
66 0.55126953125 0.1553125 0.0302734375 0.034375
0 0.65673828125 0.3615625 0.0732421875 0.029375000000000002
55 0.627197265625 0.3625 0.01220703125 0.02875
10 0.63671875 0.3640625 0.01171875 0.030625
30 0.649169921875 0.3609375 0.01123046875 0.026875
18 0.657958984375 0.3634375 0.00927734375 0.029375000000000002
14 0.66748046875 0.3609375 0.0107421875 0.025625000000000002
16 0.67626953125 0.36062500000000003 0.005859375 0.0275
5 0.684814453125 0.359375 0.01123046875 0.02375
64 0.65478515625 0.301875 0.021484375 0.02625