17 0.4072265625 0.21937500000000001 0.0126953125 0.01125
17 0.4033203125 0.2353125 0.0166015625 0.010625
17 0.398681640625 0.25125000000000003 0.01123046875 0.01375
11 0.487548828125 0.2659375 0.20556640625 0.134375
128 0.489990234375 0.464375 0.02587890625 0.02
43 0.45947265625 0.5084375 0.009765625 0.020625
81 0.468994140625 0.5103125000000001 0.00830078125 0.021875000000000002
79 0.483642578125 0.509375 0.00927734375 0.02125
103 0.50341796875 0.5090625 0.009765625 0.020625
77 0.513427734375 0.5090625 0.00830078125 0.020625
83 0.5234375 0.5090625 0.0087890625 0.020625
18 0.4921875 0.5090625 0.0771484375 0.029375000000000002
3 0.48779296875 0.3171875 0.3193359375 0.521875
