17 0.4013671875 0.0978125 0.0185546875 0.014375
17 0.398193359375 0.1146875 0.01904296875 0.016875
14 0.51220703125 0.15625 0.01953125 0.0825
11 0.509521484375 0.165 0.28662109375 0.17250000000000001
127 0.508544921875 0.3825 0.03076171875 0.035
35 0.4716796875 0.4484375 0.009765625 0.025625000000000002
87 0.483642578125 0.44875 0.01123046875 0.025
76 0.4990234375 0.449375 0.009765625 0.025
90 0.511962890625 0.4496875 0.01025390625 0.023125
71 0.52294921875 0.4484375 0.0087890625 0.024375
73 0.534912109375 0.44875 0.01123046875 0.025
75 0.547119140625 0.44906250000000003 0.01025390625 0.024375
18 0.508056640625 0.44906250000000003 0.09521484375 0.039375
2 0.510009765625 0.2653125 0.39599609375 0.530625
2 0.06396484375 0.0459375 0.1279296875 0.091875
