53 0.46541262135922323 0.2504719949653871 0.47330097087378636 0.5022026431718062
54 0.4620752427184466 0.18376337319068597 0.3076456310679611 0.14348646947765892
74 0.466626213592233 0.21082441787287604 0.02669902912621359 0.045311516677155446
0 0.4793689320388349 0.4534298300818125 0.10558252427184465 0.04090623033354311
55 0.43719660194174753 0.45311516677155445 0.010315533980582523 0.03272498426683449
10 0.45206310679611644 0.45405915670232855 0.015776699029126214 0.034612964128382634
7 0.4690533980582524 0.4534298300818125 0.010922330097087377 0.034612964128382634
11 0.4814927184466019 0.4534298300818125 0.015169902912621358 0.034612964128382634
2 0.495752427184466 0.45122718691000635 0.014563106796116504 0.03650094398993078
10 0.5078883495145631 0.4509125235997483 0.012135922330097085 0.039647577092511016
4 0.5209344660194174 0.4509125235997483 0.012742718446601941 0.03838892385147892
58 0.4784587378640776 0.38168659534298305 0.04065533980582524 0.03587161736941473