2 0.494140625 0.25125000000000003 0.41015625 0.51
11 0.4892578125 0.09593750000000001 0.29296875 0.149375
17 0.407958984375 0.0403125 0.01416015625 0.018125
17 0.390380859375 0.0396875 0.01416015625 0.016875
17 0.37158203125 0.0409375 0.0166015625 0.016875
14 0.49169921875 0.100625 0.017578125 0.06875
175 0.48876953125 0.3065625 0.16015625 0.016875
18 0.4873046875 0.44906250000000003 0.087890625 0.040625
43 0.451171875 0.448125 0.0146484375 0.03125
81 0.462646484375 0.450625 0.01025390625 0.03125
91 0.478759765625 0.44875 0.01123046875 0.03
79 0.490234375 0.4484375 0.01171875 0.026875
79 0.501953125 0.44906250000000003 0.01171875 0.028125
77 0.512939453125 0.44875 0.01220703125 0.03
77 0.52490234375 0.449375 0.01171875 0.03125
