1 0.58984375 0.25625 0.26953125 0.4
11 0.59130859375 0.2003125 0.2001953125 0.109375
3 0.114013671875 0.3053125 0.22802734375 0.5543750000000001
11 0.083251953125 0.26687500000000003 0.16650390625 0.12125
197 0.60009765625 0.3703125 0.015625 0.024375
134 0.041015625 0.42031250000000003 0.021484375 0.020625
18 0.040771484375 0.5346875 0.07763671875 0.030625
18 0.60009765625 0.4115625 0.0693359375 0.030625
43 0.5712890625 0.410625 0.009765625 0.02625
43 0.011474609375 0.533125 0.01025390625 0.02375
81 0.020263671875 0.5340625 0.00927734375 0.025625000000000002
81 0.579345703125 0.410625 0.00927734375 0.02625
105 0.034912109375 0.533125 0.00927734375 0.02375
102 0.054931640625 0.533125 0.00927734375 0.02375
88 0.591552734375 0.41125 0.00927734375 0.0275
104 0.619384765625 0.4096875 0.00927734375 0.024375
75 0.045654296875 0.5340625 0.00927734375 0.025625000000000002
77 0.064208984375 0.533125 0.00927734375 0.0275
78 0.073486328125 0.5340625 0.00927734375 0.025625000000000002
79 0.60009765625 0.410625 0.0078125 0.02625
73 0.608642578125 0.410625 0.00927734375 0.02625
71 0.628173828125 0.4121875 0.00537109375 0.029375000000000002
17 0.51171875 0.1584375 0.0107421875 0.009375
17 0.51025390625 0.17 0.01171875 0.01375
15 0.044921875 0.3115625 0.037109375 0.024375
