123 0.4086720867208672 0.42548528490920473 0.03577235772357724 0.030682529743268627
43 0.36720867208672087 0.49624295554164055 0.01029810298102981 0.021916092673763304
81 0.3804878048780488 0.49592986850344395 0.011924119241192412 0.021289918597370068
74 0.39891598915989157 0.4953036944270507 0.01084010840108401 0.020037570444583593
76 0.4121951219512195 0.4943644333124608 0.01029810298102981 0.021916092673763304
86 0.42493224932249324 0.4940513462742642 0.01084010840108401 0.021289918597370068
94 0.43821138211382116 0.4946775203506575 0.012466124661246612 0.023794614902943018
79 0.45176151761517613 0.4937382592360676 0.01029810298102981 0.02066374452097683
18 0.4092140921409214 0.4949906073888541 0.1008130081300813 0.03443957420162805
14 0.41192411924119243 0.15529117094552286 0.013008130081300813 0.045084533500313086
17 0.3040650406504065 0.10551033187226048 0.01842818428184282 0.010644959298685034
17 0.3008130081300813 0.12116468378209141 0.016260162601626015 0.011897307451471509
17 0.2981029810298103 0.13807138384470882 0.015176151761517615 0.010644959298685034
12 0.33902439024390246 0.11834690043832184 0.08184281842818428 0.036318096430807766
11 0.4113821138211382 0.1747025673137132 0.3241192411924119 0.171571696931747
2 0.4105691056910569 0.27082028804007513 0.45474254742547426 0.5378835316217908
