52 0.32032085561497325 0.23500000000000001 0.0010695187165775401 0.0
52 0.4879679144385027 0.2896875 0.446524064171123 0.545625
52 0.49919786096256685 0.2034375 0.3053475935828877 0.151875
52 0.41336898395721927 0.1525 0.020320855614973262 0.015
52 0.4264705882352941 0.15031250000000002 0.01764705882352941 0.019375
52 0.44946524064171123 0.15125 0.016577540106951873 0.01625
52 0.4660427807486631 0.1509375 0.01764705882352941 0.016875
52 0.5037433155080214 0.4971875 0.10267379679144385 0.036875
52 0.46176470588235297 0.496875 0.015508021390374332 0.0325
52 0.4767379679144385 0.494375 0.013368983957219251 0.03125
52 0.49385026737967913 0.495 0.012299465240641712 0.02875
52 0.5090909090909091 0.494375 0.012834224598930482 0.02875
52 0.522192513368984 0.494375 0.011229946524064172 0.0275
52 0.5310160427807487 0.4928125 0.009625668449197862 0.028125
52 0.5449197860962567 0.49312500000000004 0.012834224598930482 0.02625