43 0.470947265625 0.4159375 0.00732421875 0.019375
81 0.4794921875 0.416875 0.005859375 0.01875
81 0.492431640625 0.41625 0.00732421875 0.0175
71 0.501953125 0.4171875 0.00390625 0.019375
103 0.5107421875 0.4165625 0.0068359375 0.018125
73 0.520263671875 0.4171875 0.00634765625 0.016875
71 0.529052734375 0.416875 0.00341796875 0.02
18 0.499755859375 0.41625 0.07080078125 0.02875
14 0.494384765625 0.198125 0.00732421875 0.035
17 0.42236328125 0.16468750000000001 0.0126953125 0.009375
17 0.43701171875 0.16468750000000001 0.01171875 0.009375
11 0.494140625 0.20875 0.216796875 0.11375
1 0.49267578125 0.26625 0.2958984375 0.38625
