1 0.022705078125 0.32625 0.05224609375 0.3975
149 0.576904296875 0.36312500000000003 0.01513671875 0.0175
43 0.54736328125 0.4596875 0.0087890625 0.021875000000000002
81 0.55810546875 0.4596875 0.0078125 0.021875000000000002
91 0.572021484375 0.4590625 0.00732421875 0.020625
77 0.582275390625 0.4590625 0.00830078125 0.020625
71 0.591796875 0.458125 0.00390625 0.0225
90 0.602294921875 0.4578125 0.00830078125 0.021875000000000002
76 0.6123046875 0.4575 0.0068359375 0.02
15 0.539306640625 0.26 0.03076171875 0.015
16 0.566650390625 0.256875 0.01513671875 0.015
17 0.487548828125 0.17 0.01416015625 0.01
17 0.485595703125 0.1821875 0.01513671875 0.010625
17 0.484130859375 0.193125 0.01513671875 0.01
11 0.5673828125 0.2171875 0.236328125 0.128125
2 0.565673828125 0.290625 0.32958984375 0.46625
