7 0.33016983016983015 0.44875 0.14785214785214784 0.455
1 0.5789210789210789 0.1475 0.34565434565434566 0.2925
106 0.5689310689310689 0.2021875 0.021978021978021976 0.033125
18 0.5711788211788211 0.24875 0.07742257742257742 0.03
43 0.5392107892107892 0.2496875 0.011488511488511488 0.024375
81 0.5494505494505495 0.2496875 0.008991008991008992 0.024375
75 0.5626873126873126 0.2496875 0.011488511488511488 0.024375
81 0.5731768231768232 0.2490625 0.00949050949050949 0.023125
72 0.5829170829170829 0.2490625 0.00999000999000999 0.025625000000000002
90 0.5926573426573427 0.2490625 0.00949050949050949 0.025625000000000002
71 0.6023976023976024 0.2490625 0.007992007992007992 0.025625000000000002
15 0.5786713286713286 0.03 0.016483516483516484 0.01375
