125 0.6172218730358265 0.43581715716969316 0.03896920175989944 0.03757044458359424
43 0.5757385292269014 0.5325610519724483 0.011313639220615965 0.02066374452097683
81 0.5892520427404149 0.532874139010645 0.010685103708359522 0.020037570444583593
80 0.6077938403519799 0.5322479649342517 0.011313639220615965 0.01878522229179712
71 0.6213073538654934 0.5316217908578584 0.0043997485857950975 0.020037570444583593
80 0.6345065996228787 0.5325610519724483 0.010685103708359522 0.018159048215403883
77 0.6473915776241358 0.5322479649342517 0.011313639220615965 0.01878522229179712
77 0.6605908233815211 0.5316217908578584 0.01005656819610308 0.020037570444583593
18 0.6181646763042112 0.5322479649342517 0.1049654305468259 0.033813400125234816
16 0.5065996228786926 0.27645585472761425 0.05531112507856694 0.03443957420162805
12 0.671904462602137 0.19067000626174074 0.07668133249528598 0.028177833437695678
14 0.6081081081081081 0.24452097683155916 0.014456316781898178 0.05072010018785222
11 0.6125078566939032 0.24264245460237946 0.33752357008170963 0.14840325610519725
2 0.6077938403519799 0.3146524733876017 0.4274041483343809 0.4777708202880401
