1 0.6396484375 0.30375 0.279296875 0.435
125 0.638916015625 0.4184375 0.03369140625 0.040625
18 0.637939453125 0.4753125 0.07763671875 0.031875
43 0.605712890625 0.4740625 0.01123046875 0.024375
81 0.616455078125 0.4746875 0.00830078125 0.023125
106 0.631103515625 0.4753125 0.00927734375 0.024375
78 0.64013671875 0.4753125 0.0087890625 0.026875
104 0.651123046875 0.4753125 0.00927734375 0.026875
73 0.66162109375 0.4746875 0.0078125 0.023125
80 0.670654296875 0.4753125 0.00830078125 0.024375
11 0.64501953125 0.2278125 0.2236328125 0.116875
17 0.55078125 0.1946875 0.0146484375 0.013125
17 0.546142578125 0.2065625 0.01123046875 0.013125
17 0.5439453125 0.2215625 0.009765625 0.010625
17 0.541748046875 0.235625 0.00732421875 0.0125
17 0.537841796875 0.2490625 0.00927734375 0.011875
17 0.560302734375 0.2203125 0.01025390625 0.013125
17 0.561279296875 0.2078125 0.01025390625 0.010625
17 0.568115234375 0.1946875 0.01123046875 0.010625
17 0.57080078125 0.18375 0.0107421875 0.01125
17 0.5859375 0.184375 0.015625 0.0125
