17 0.3857421875 0.2315625 0.01171875 0.014375
17 0.3984375 0.23093750000000002 0.013671875 0.013125
11 0.4755859375 0.26 0.24609375 0.13
125 0.465576171875 0.43843750000000004 0.03662109375 0.040625
43 0.43505859375 0.4940625 0.0087890625 0.020625
81 0.445556640625 0.495 0.00927734375 0.02
104 0.459228515625 0.49375 0.00927734375 0.02
77 0.468994140625 0.494375 0.00927734375 0.02
77 0.499267578125 0.494375 0.00927734375 0.02
75 0.489990234375 0.494375 0.00927734375 0.01875
94 0.4794921875 0.4940625 0.009765625 0.021875000000000002
18 0.46728515625 0.49343750000000003 0.080078125 0.031875
1 0.478759765625 0.33187500000000003 0.33154296875 0.4375
