69 0.5654296875 0.2578125 0.3359375 0.501875
54 0.5703125 0.19843750000000002 0.2568359375 0.160625
59 0.46923828125 0.14375000000000002 0.0146484375 0.02
59 0.484375 0.1403125 0.0107421875 0.013125
59 0.498779296875 0.136875 0.00927734375 0.02
59 0.5126953125 0.1403125 0.0107421875 0.026875
59 0.52734375 0.134375 0.015625 0.01875
0 0.573486328125 0.4340625 0.07666015625 0.029375000000000002
55 0.53857421875 0.43375 0.0146484375 0.0325
10 0.552001953125 0.4321875 0.00927734375 0.029375000000000002
19 0.5654296875 0.4346875 0.0068359375 0.034375
5 0.573486328125 0.433125 0.00634765625 0.03375
10 0.58349609375 0.435625 0.0107421875 0.03625
14 0.5927734375 0.433125 0.0107421875 0.03125
14 0.604248046875 0.43125 0.00927734375 0.0275
70 0.57080078125 0.378125 0.0283203125 0.0375