43 0.473388671875 0.40625 0.00732421875 0.01875
81 0.482177734375 0.4059375 0.00634765625 0.018125
80 0.495361328125 0.40625 0.00830078125 0.0175
105 0.504150390625 0.4059375 0.00732421875 0.018125
79 0.512939453125 0.4065625 0.00732421875 0.019375
77 0.522216796875 0.4053125 0.00634765625 0.016875
78 0.53076171875 0.405625 0.0068359375 0.0175
18 0.50244140625 0.4059375 0.068359375 0.026875
159 0.501953125 0.36312500000000003 0.0185546875 0.02375
17 0.41455078125 0.150625 0.0068359375 0.0075
17 0.4287109375 0.1471875 0.009765625 0.008125
17 0.442138671875 0.1465625 0.00927734375 0.006875
17 0.425537109375 0.1571875 0.00927734375 0.005625
14 0.49267578125 0.19 0.015625 0.03875
12 0.538818359375 0.154375 0.05224609375 0.01125
11 0.492919921875 0.1890625 0.20361328125 0.105625
1 0.49072265625 0.2571875 0.296875 0.375625
