17 0.333984375 0.183125 0.015625 0.01125
17 0.330810546875 0.19625 0.01611328125 0.0125
15 0.44482421875 0.2634375 0.037109375 0.016875
11 0.426025390625 0.22375 0.25439453125 0.1275
115 0.436279296875 0.443125 0.05322265625 0.02625
43 0.404052734375 0.489375 0.01025390625 0.02125
81 0.414306640625 0.48875 0.00927734375 0.0225
73 0.4287109375 0.4896875 0.0087890625 0.021875000000000002
73 0.45947265625 0.48781250000000004 0.0087890625 0.020625
76 0.468994140625 0.4884375 0.00927734375 0.021875000000000002
96 0.448974609375 0.489375 0.00927734375 0.02125
106 0.43896484375 0.489375 0.0107421875 0.02375
18 0.4365234375 0.48875 0.080078125 0.0325
2 0.42626953125 0.3096875 0.3486328125 0.478125
