52 0.261474609375 0.265625 0.30517578125 0.42
54 0.257568359375 0.2065625 0.21728515625 0.111875
59 0.19921875 0.165625 0.013671875 0.01125
59 0.1787109375 0.184375 0.0166015625 0.0125
0 0.240478515625 0.42375 0.07373046875 0.03125
55 0.21044921875 0.4246875 0.01171875 0.028125
10 0.221435546875 0.42562500000000003 0.01025390625 0.02625
39 0.232177734375 0.4253125 0.00927734375 0.023125
14 0.242431640625 0.4253125 0.00927734375 0.025625000000000002
7 0.251220703125 0.425 0.00927734375 0.0275
16 0.260986328125 0.4278125 0.00830078125 0.026875
14 0.270263671875 0.426875 0.00830078125 0.0275
63 0.240478515625 0.371875 0.03271484375 0.03875