69 0.26904296875 0.2778125 0.5244140625 0.553125
54 0.25830078125 0.145625 0.41796875 0.255
59 0.083740234375 0.06343750000000001 0.02001953125 0.023125
59 0.10009765625 0.065625 0.017578125 0.02375
59 0.12548828125 0.06125 0.029296875 0.02
59 0.082275390625 0.0915625 0.02587890625 0.029375000000000002
0 0.2587890625 0.4784375 0.0908203125 0.036875
55 0.21923828125 0.47750000000000004 0.0146484375 0.035
35 0.23193359375 0.4784375 0.01171875 0.035625000000000004
11 0.247802734375 0.476875 0.01123046875 0.03
6 0.26025390625 0.4771875 0.01171875 0.030625
5 0.2724609375 0.47750000000000004 0.0107421875 0.0375
14 0.283935546875 0.47875 0.01123046875 0.03625
6 0.297607421875 0.47781250000000003 0.01220703125 0.031875
60 0.250244140625 0.3496875 0.05322265625 0.050625