17 0.05517578125 0.1496875 0.0166015625 0.013125
17 0.071533203125 0.15031250000000002 0.01611328125 0.014375
17 0.052978515625 0.16468750000000001 0.01708984375 0.011875
17 0.070556640625 0.16468750000000001 0.01806640625 0.013125
17 0.04931640625 0.1821875 0.017578125 0.014375
17 0.069091796875 0.1796875 0.01708984375 0.013125
14 0.15869140625 0.1840625 0.01171875 0.051875000000000004
16 0.047119140625 0.2534375 0.04052734375 0.016875
11 0.1611328125 0.1990625 0.2802734375 0.138125
112 0.158203125 0.4590625 0.0234375 0.030625
33 0.1240234375 0.5296875 0.0107421875 0.026875
84 0.1357421875 0.52875 0.0107421875 0.025
91 0.15234375 0.52875 0.01171875 0.0275
79 0.1640625 0.5278125 0.009765625 0.025625000000000002
77 0.17626953125 0.526875 0.01171875 0.025
76 0.199951171875 0.5259375000000001 0.01123046875 0.024375
80 0.1884765625 0.52625 0.01171875 0.02625
18 0.16162109375 0.528125 0.0947265625 0.04125
1 0.177001953125 0.2978125 0.35400390625 0.595625
