69 0.440185546875 0.31093750000000003 0.39208984375 0.624375
54 0.430908203125 0.2609375 0.28955078125 0.154375
59 0.33349609375 0.2125 0.0224609375 0.0125
59 0.337158203125 0.2303125 0.02197265625 0.014375
59 0.33447265625 0.25125000000000003 0.021484375 0.02125
0 0.429443359375 0.5209375 0.08837890625 0.031875
55 0.39697265625 0.52375 0.0107421875 0.03375
26 0.40576171875 0.5253125 0.0107421875 0.036875
14 0.421142578125 0.5231250000000001 0.01220703125 0.03
21 0.43212890625 0.5234375 0.0107421875 0.033125
7 0.44384765625 0.525 0.0087890625 0.035
16 0.4541015625 0.52375 0.0087890625 0.02875
6 0.466064453125 0.5225 0.01318359375 0.0275
58 0.429443359375 0.46218750000000003 0.03857421875 0.045625