17 0.318603515625 0.1896875 0.00830078125 0.009375
14 0.41259765625 0.215 0.01171875 0.058750000000000004
11 0.412841796875 0.21937500000000001 0.21826171875 0.13125
127 0.41748046875 0.42281250000000004 0.0234375 0.024375
43 0.38671875 0.4728125 0.009765625 0.021875000000000002
81 0.39697265625 0.4734375 0.0068359375 0.021875000000000002
97 0.41064453125 0.47250000000000003 0.0087890625 0.02125
87 0.4306640625 0.471875 0.0087890625 0.02
75 0.441162109375 0.4715625 0.01025390625 0.020625
72 0.450439453125 0.4721875 0.00830078125 0.021875000000000002
18 0.418701171875 0.4715625 0.07763671875 0.026875
2 0.412353515625 0.283125 0.32177734375 0.4525
