2 0.021728515625 0.11093750000000001 0.04345703125 0.22187500000000002
1 0.199462890625 0.8718750000000001 0.39892578125 0.17500000000000002
17 0.60400390625 0.165 0.013671875 0.01
17 0.617431640625 0.16468750000000001 0.01220703125 0.011875
17 0.63037109375 0.16468750000000001 0.013671875 0.011875
17 0.588134765625 0.176875 0.01416015625 0.01375
17 0.600830078125 0.176875 0.01318359375 0.01125
11 0.672607421875 0.21531250000000002 0.24658203125 0.129375
14 0.671142578125 0.21125 0.00927734375 0.0825
125 0.6767578125 0.3925 0.03515625 0.04125
43 0.64501953125 0.44906250000000003 0.009765625 0.021875000000000002
81 0.655029296875 0.449375 0.00927734375 0.02
85 0.68896484375 0.44875 0.0078125 0.02125
104 0.668701171875 0.44906250000000003 0.00830078125 0.020625
72 0.6787109375 0.44906250000000003 0.0078125 0.019375
78 0.698974609375 0.44906250000000003 0.00927734375 0.020625
73 0.70849609375 0.4484375 0.0078125 0.019375
18 0.677001953125 0.4484375 0.07958984375 0.031875
1 0.677978515625 0.2890625 0.32666015625 0.446875
