52 0.424560546875 0.2159375 0.30810546875 0.404375
54 0.421630859375 0.15031250000000002 0.22509765625 0.123125
59 0.350341796875 0.11031250000000001 0.01611328125 0.010625
59 0.34814453125 0.1215625 0.0166015625 0.013125
0 0.419677734375 0.37625000000000003 0.07568359375 0.03
55 0.3896484375 0.3775 0.0107421875 0.02375
10 0.400390625 0.3784375 0.009765625 0.024375
6 0.412841796875 0.3775 0.00830078125 0.0275
14 0.421630859375 0.3784375 0.00927734375 0.024375
37 0.430419921875 0.3784375 0.00830078125 0.025625000000000002
4 0.4375 0.3790625 0.009765625 0.025625000000000002
15 0.44921875 0.3765625 0.0107421875 0.023125
90 0.4189453125 0.3303125 0.033203125 0.044375
52 0.8037109375 0.0746875 0.205078125 0.149375
0 0.860595703125 0.113125 0.05712890625 0.02
55 0.83740234375 0.114375 0.0068359375 0.02
10 0.8447265625 0.113125 0.005859375 0.02
7 0.854248046875 0.1128125 0.00634765625 0.021875000000000002
8 0.861572265625 0.1134375 0.00830078125 0.020625
37 0.868408203125 0.1128125 0.00830078125 0.021875000000000002
28 0.876220703125 0.11375 0.00634765625 0.02
8 0.88427734375 0.1125 0.0078125 0.01875
64 0.858154296875 0.0734375 0.02294921875 0.024375