113 0.5268977884040645 0.44106583072100314 0.025702331141661684 0.023197492163009405
43 0.48744769874476984 0.48683385579937305 0.011356843992827256 0.0219435736677116
81 0.5005977286312014 0.48714733542319755 0.010161386730424386 0.02006269592476489
76 0.5170352659892409 0.48683385579937305 0.010759115361625821 0.020689655172413793
81 0.5301852958756724 0.487460815047022 0.009563658099222952 0.020689655172413793
76 0.5424387328153019 0.48683385579937305 0.010161386730424386 0.020689655172413793
91 0.5552898983861326 0.48714733542319755 0.010759115361625821 0.021316614420062698
74 0.5678421996413627 0.48683385579937305 0.010759115361625821 0.020689655172413793
18 0.527495517035266 0.48683385579937305 0.09503885236102809 0.03072100313479624
17 0.4187089061566049 0.18056426332288403 0.014943215780035862 0.00877742946708464
17 0.41482367005379556 0.19090909090909092 0.016736401673640166 0.009404388714733543
11 0.5260011954572623 0.23197492163009406 0.30723251643753735 0.1316614420062696
1 0.5283921099820681 0.3072100313479624 0.4219964136282128 0.4351097178683386
