52 0.2236328125 0.3253125 0.328125 0.508125
54 0.218505859375 0.264375 0.23388671875 0.11875000000000001
59 0.129638671875 0.22625 0.01708984375 0.01
59 0.151123046875 0.224375 0.02294921875 0.01125
59 0.1240234375 0.2371875 0.0263671875 0.011875
59 0.12353515625 0.2528125 0.0234375 0.014375
0 0.214111328125 0.514375 0.07958984375 0.03
55 0.180419921875 0.5140625 0.01123046875 0.028125
10 0.19189453125 0.5153125000000001 0.0107421875 0.030625
21 0.206298828125 0.514375 0.00927734375 0.03
14 0.216552734375 0.5140625 0.00830078125 0.029375000000000002
7 0.2265625 0.5165625 0.009765625 0.031875
17 0.236328125 0.5159375 0.005859375 0.033125
7 0.247314453125 0.5153125000000001 0.01318359375 0.028125
72 0.2119140625 0.47250000000000003 0.025390625 0.03125