81 0.021728515625 0.0446875 0.00927734375 0.016875
77 0.031982421875 0.043437500000000004 0.00537109375 0.019375
100 0.039306640625 0.0440625 0.00634765625 0.018125
90 0.046630859375 0.043437500000000004 0.00732421875 0.019375
77 0.053466796875 0.043437500000000004 0.00732421875 0.019375
73 0.061279296875 0.043125000000000004 0.00732421875 0.0225
18 0.03662109375 0.043437500000000004 0.0576171875 0.025625000000000002
17 0.292236328125 0.1621875 0.01220703125 0.011875
17 0.2900390625 0.173125 0.0146484375 0.01
17 0.286376953125 0.1859375 0.01513671875 0.014375
16 0.359130859375 0.2265625 0.01708984375 0.028125
11 0.372802734375 0.1975 0.22802734375 0.11625
43 0.321044921875 0.4409375 0.01025390625 0.021875000000000002
93 0.330810546875 0.441875 0.00927734375 0.02
76 0.34423828125 0.4425 0.0087890625 0.02125
79 0.3544921875 0.4421875 0.0087890625 0.020625
76 0.374755859375 0.4428125 0.00830078125 0.020625
75 0.38427734375 0.4434375 0.0087890625 0.020625
18 0.3525390625 0.4415625 0.076171875 0.029375000000000002
1 0.38037109375 0.2671875 0.326171875 0.411875
