112 0.083740234375 0.1253125 0.02197265625 0.019375
43 0.061279296875 0.1715625 0.00732421875 0.016875
81 0.069580078125 0.1721875 0.00537109375 0.018125
84 0.078857421875 0.17250000000000001 0.00927734375 0.0175
90 0.09619140625 0.171875 0.0078125 0.0175
76 0.104248046875 0.173125 0.00634765625 0.02
72 0.110107421875 0.17375000000000002 0.00537109375 0.02125
18 0.085693359375 0.17250000000000001 0.06201171875 0.025
1 0.121826171875 0.1084375 0.24169921875 0.216875
15 0.587890625 0.29375 0.025390625 0.02625
11 0.581298828125 0.2659375 0.23779296875 0.123125
124 0.58251953125 0.481875 0.0263671875 0.02625
43 0.54833984375 0.51 0.0078125 0.0225
81 0.558837890625 0.5103125000000001 0.00927734375 0.021875000000000002
90 0.572998046875 0.510625 0.00830078125 0.02125
72 0.58349609375 0.5109375 0.0078125 0.021875000000000002
106 0.593994140625 0.5103125000000001 0.00927734375 0.023125
79 0.60400390625 0.5096875 0.009765625 0.021875000000000002
72 0.615234375 0.511875 0.009765625 0.02375
18 0.58251953125 0.51125 0.078125 0.03125
1 0.582763671875 0.3478125 0.34619140625 0.444375
