17 0.237548828125 0.2109375 0.01220703125 0.011875
17 0.253173828125 0.210625 0.01416015625 0.01
14 0.311767578125 0.26 0.01025390625 0.051250000000000004
11 0.310791015625 0.2621875 0.22900390625 0.133125
11 0.441162109375 0.4146875 0.01220703125 0.015625
122 0.293212890625 0.449375 0.03173828125 0.0175
43 0.260009765625 0.51375 0.01025390625 0.025
81 0.270263671875 0.5140625 0.01123046875 0.028125
76 0.28466796875 0.5140625 0.009765625 0.028125
80 0.294677734375 0.513125 0.01025390625 0.02625
94 0.30517578125 0.5134375 0.0107421875 0.023125
93 0.316162109375 0.514375 0.01123046875 0.025
73 0.326171875 0.5140625 0.0087890625 0.025625000000000002
18 0.29345703125 0.5140625 0.076171875 0.029375000000000002
2 0.309814453125 0.32656250000000003 0.33154296875 0.463125
