17 0.27685546875 0.8765625 0.0146484375 0.013125
17 0.296630859375 0.8765625 0.02001953125 0.019375
17 0.321533203125 0.8778125 0.01611328125 0.021875000000000002
17 0.265380859375 0.8946875 0.01806640625 0.023125
17 0.26318359375 0.919375 0.0185546875 0.02125
17 0.26171875 0.9434375 0.015625 0.020625
11 0.42431640625 0.9053125 0.3876953125 0.108125
3 0.4384765625 0.715 0.4150390625 0.4875
149 0.45263671875 0.274375 0.0146484375 0.0175
43 0.426513671875 0.3328125 0.00732421875 0.018125
81 0.435302734375 0.333125 0.00634765625 0.0175
80 0.44775390625 0.333125 0.0068359375 0.01625
78 0.45654296875 0.3325 0.0068359375 0.0175
96 0.465087890625 0.3321875 0.00732421875 0.018125
99 0.474365234375 0.3315625 0.00732421875 0.016875
73 0.48291015625 0.33187500000000003 0.0068359375 0.0175
18 0.454345703125 0.3325 0.06787109375 0.025
17 0.362548828125 0.0903125 0.01220703125 0.008125
17 0.361328125 0.100625 0.0107421875 0.00875
17 0.360107421875 0.10968750000000001 0.01123046875 0.008125
11 0.44580078125 0.13125 0.2109375 0.1075
1 0.44140625 0.199375 0.3017578125 0.37
