17 0.515625 0.149375 0.009765625 0.0075
17 0.51806640625 0.1565625 0.0107421875 0.008125
15 0.593505859375 0.2321875 0.02392578125 0.018125
15 0.630126953125 0.22718750000000001 0.03857421875 0.018125
115 0.60205078125 0.413125 0.048828125 0.02375
43 0.56982421875 0.45 0.009765625 0.025
81 0.580078125 0.45156250000000003 0.0107421875 0.024375
81 0.6142578125 0.45125 0.009765625 0.025
71 0.59423828125 0.4496875 0.0107421875 0.021875000000000002
71 0.60498046875 0.4503125 0.0107421875 0.023125
74 0.624755859375 0.4496875 0.00830078125 0.021875000000000002
75 0.63427734375 0.4496875 0.0107421875 0.024375
18 0.60205078125 0.4484375 0.078125 0.030625
18 0.60205078125 0.27718750000000003 0.3408203125 0.450625
