17 0.187255859375 0.1546875 0.01611328125 0.010625
17 0.185546875 0.16625 0.013671875 0.01
17 0.184326171875 0.1784375 0.01220703125 0.011875
12 0.217041015625 0.160625 0.04638671875 0.02
14 0.267822265625 0.19375 0.00927734375 0.0475
11 0.267822265625 0.1934375 0.20458984375 0.10312500000000001
144 0.27001953125 0.37 0.0322265625 0.0175
43 0.241455078125 0.40875 0.00927734375 0.02375
81 0.250732421875 0.4084375 0.00927734375 0.020625
71 0.262939453125 0.40875 0.00732421875 0.02375
84 0.272705078125 0.40750000000000003 0.01025390625 0.02125
104 0.281494140625 0.406875 0.00927734375 0.02
78 0.29052734375 0.4090625 0.0087890625 0.021875000000000002
77 0.298828125 0.40750000000000003 0.0078125 0.0225
18 0.2705078125 0.40750000000000003 0.0693359375 0.025
1 0.26611328125 0.2621875 0.3037109375 0.381875
