69 0.7109375 0.28 0.3818359375 0.5575
54 0.699951171875 0.213125 0.27001953125 0.1575
59 0.59619140625 0.18031250000000001 0.0185546875 0.020625
59 0.593505859375 0.195625 0.01513671875 0.015
59 0.59033203125 0.21531250000000002 0.017578125 0.018125
59 0.59130859375 0.2321875 0.017578125 0.015625
66 0.718505859375 0.2496875 0.05224609375 0.039375
0 0.701416015625 0.49625 0.08251953125 0.04125
55 0.666259765625 0.4946875 0.01416015625 0.038125
10 0.677734375 0.495 0.0087890625 0.043750000000000004
32 0.692626953125 0.496875 0.01220703125 0.045
4 0.703125 0.495 0.0107421875 0.043750000000000004
11 0.71533203125 0.49625 0.0087890625 0.04625
16 0.72412109375 0.49625 0.0087890625 0.043750000000000004
16 0.736083984375 0.4946875 0.01123046875 0.049375
81 0.70166015625 0.349375 0.0166015625 0.03375