52 0.43798828125 0.284375 0.419921875 0.5525
54 0.436767578125 0.19125 0.29150390625 0.17375000000000002
73 0.37353515625 0.13593750000000002 0.0751953125 0.020625
73 0.3291015625 0.1303125 0.01171875 0.009375
59 0.329833984375 0.144375 0.02099609375 0.00875
73 0.491455078125 0.13468750000000002 0.08935546875 0.036875
54 0.450927734375 0.474375 0.09228515625 0.03625
55 0.411376953125 0.4771875 0.01513671875 0.041875
10 0.423583984375 0.4753125 0.01318359375 0.040625
9 0.440185546875 0.469375 0.01416015625 0.0325
7 0.45166015625 0.47375 0.0087890625 0.035
26 0.46484375 0.47500000000000003 0.0087890625 0.0325
34 0.475830078125 0.4728125 0.01318359375 0.028125
6 0.4892578125 0.474375 0.0107421875 0.03125
63 0.447998046875 0.4040625 0.04248046875 0.061875