17 0.292724609375 0.121875 0.01708984375 0.01125
17 0.307373046875 0.1196875 0.01513671875 0.013125
14 0.39208984375 0.178125 0.0068359375 0.06375
11 0.38916015625 0.17500000000000002 0.2734375 0.13375
115 0.38427734375 0.42562500000000003 0.0576171875 0.025
43 0.349365234375 0.4690625 0.01220703125 0.024375
81 0.36083984375 0.469375 0.01171875 0.025
73 0.37744140625 0.4690625 0.0107421875 0.025625000000000002
72 0.40087890625 0.4684375 0.0126953125 0.024375
75 0.412109375 0.46875 0.009765625 0.0225
78 0.423583984375 0.4684375 0.01025390625 0.023125
87 0.388671875 0.4684375 0.01171875 0.024375
18 0.385498046875 0.469375 0.09130859375 0.04
1 0.3916015625 0.2671875 0.3759765625 0.528125
