43 0.263427734375 0.3925 0.00634765625 0.0175
81 0.272216796875 0.3921875 0.00537109375 0.016875
72 0.284912109375 0.3925 0.00634765625 0.01625
85 0.29443359375 0.3925 0.0068359375 0.0175
78 0.303466796875 0.3925 0.00634765625 0.0175
72 0.31201171875 0.3928125 0.0078125 0.016875
73 0.32177734375 0.3921875 0.0068359375 0.016875
18 0.29248046875 0.3921875 0.0673828125 0.023125
112 0.29296875 0.3290625 0.025390625 0.021875000000000002
17 0.24169921875 0.1228125 0.0126953125 0.008125
17 0.21630859375 0.1225 0.009765625 0.00625
17 0.2275390625 0.1221875 0.0107421875 0.006875
17 0.214599609375 0.131875 0.01220703125 0.00875
17 0.23095703125 0.1325 0.0126953125 0.00875
17 0.213134765625 0.141875 0.01025390625 0.0075
17 0.225830078125 0.1409375 0.01318359375 0.009375
12 0.354248046875 0.1284375 0.05712890625 0.019375
14 0.300537109375 0.15812500000000002 0.00537109375 0.025
11 0.298583984375 0.16718750000000002 0.21044921875 0.100625
2 0.30078125 0.22875 0.310546875 0.42375
