3 0.3095703125 0.23750000000000002 0.318359375 0.47750000000000004
11 0.3095703125 0.1603125 0.2041015625 0.10312500000000001
17 0.230224609375 0.1184375 0.01318359375 0.010625
17 0.22509765625 0.1290625 0.0107421875 0.016875
15 0.30419921875 0.1903125 0.021484375 0.028125
14 0.3095703125 0.1478125 0.0087890625 0.041875
18 0.30419921875 0.4340625 0.0703125 0.030625
118 0.304443359375 0.33968750000000003 0.02294921875 0.026875
43 0.27490234375 0.4340625 0.0087890625 0.021875000000000002
81 0.283203125 0.43343750000000003 0.0087890625 0.023125
98 0.2958984375 0.433125 0.01171875 0.0225
73 0.306396484375 0.43375 0.00732421875 0.02125
73 0.333984375 0.435 0.009765625 0.0225
79 0.314697265625 0.4346875 0.00732421875 0.023125
79 0.32373046875 0.43625 0.0087890625 0.0225
1 0.899658203125 0.1846875 0.20068359375 0.30312500000000003
