142 0.4072265625 0.4340625 0.0185546875 0.024375
43 0.37451171875 0.4825 0.0087890625 0.02
81 0.384521484375 0.483125 0.00830078125 0.01875
94 0.39892578125 0.48281250000000003 0.0087890625 0.019375
76 0.4091796875 0.483125 0.0078125 0.01875
71 0.419677734375 0.484375 0.00439453125 0.02125
80 0.4296875 0.483125 0.0078125 0.02
72 0.439697265625 0.48375 0.00927734375 0.02
18 0.4072265625 0.483125 0.0771484375 0.03
12 0.46923828125 0.1709375 0.0595703125 0.026875
12 0.365966796875 0.174375 0.06005859375 0.02375
17 0.326171875 0.168125 0.009765625 0.01125
17 0.322509765625 0.180625 0.01416015625 0.01125
17 0.318359375 0.1925 0.01171875 0.00875
11 0.413818359375 0.226875 0.24365234375 0.16375
2 0.415283203125 0.2925 0.34814453125 0.5025000000000001
