52 0.4013671875 0.2528125 0.3095703125 0.421875
54 0.39990234375 0.1871875 0.21484375 0.12562500000000001
59 0.31884765625 0.15937500000000002 0.0126953125 0.0125
59 0.333984375 0.1584375 0.017578125 0.014375
71 0.404296875 0.18156250000000002 0.0205078125 0.030625
74 0.4111328125 0.208125 0.03125 0.015
0 0.40185546875 0.4084375 0.07421875 0.029375000000000002
55 0.37353515625 0.40875 0.009765625 0.02125
10 0.38232421875 0.41000000000000003 0.0068359375 0.02125
10 0.394775390625 0.409375 0.00830078125 0.02
5 0.40380859375 0.4103125 0.0078125 0.021875000000000002
28 0.413330078125 0.4096875 0.00830078125 0.019375
15 0.421875 0.4103125 0.0078125 0.021875000000000002
15 0.43017578125 0.4103125 0.0068359375 0.020625
113 0.4013671875 0.3653125 0.0263671875 0.025625000000000002