53 0.51416015625 0.240625 0.33984375 0.47375
54 0.514892578125 0.16125 0.23681640625 0.135
59 0.424560546875 0.1171875 0.01708984375 0.014375
59 0.44091796875 0.11812500000000001 0.013671875 0.01125
0 0.525634765625 0.41531250000000003 0.07373046875 0.031875
55 0.494873046875 0.41625 0.01220703125 0.0325
10 0.50439453125 0.4146875 0.009765625 0.028125
20 0.51611328125 0.41375 0.009765625 0.03
20 0.525634765625 0.414375 0.00830078125 0.02875
7 0.537841796875 0.4128125 0.00830078125 0.025625000000000002
16 0.546630859375 0.4128125 0.00927734375 0.025625000000000002
7 0.555419921875 0.4140625 0.00830078125 0.026875
93 0.52392578125 0.3425 0.03125 0.02875