2 0.740234375 0.2575 0.3515625 0.5075000000000001
113 0.762451171875 0.37593750000000004 0.02197265625 0.024375
18 0.763427734375 0.4546875 0.07470703125 0.024375
11 0.749755859375 0.1840625 0.24267578125 0.133125
17 0.6455078125 0.16468750000000001 0.0166015625 0.011875
17 0.647216796875 0.15 0.01708984375 0.0125
17 0.650146484375 0.135625 0.01806640625 0.01375
43 0.732666015625 0.4546875 0.00927734375 0.021875000000000002
81 0.742431640625 0.4553125 0.00927734375 0.021875000000000002
72 0.756591796875 0.4553125 0.01025390625 0.021875000000000002
71 0.765625 0.455 0.0078125 0.02125
82 0.776123046875 0.4546875 0.01025390625 0.021875000000000002
72 0.78662109375 0.4553125 0.0107421875 0.021875000000000002
79 0.79638671875 0.4553125 0.0087890625 0.021875000000000002
