69 0.425537109375 0.315625 0.34912109375 0.57875
54 0.41796875 0.2503125 0.25 0.166875
59 0.323974609375 0.19375 0.01220703125 0.01125
59 0.341552734375 0.1921875 0.02099609375 0.014375
59 0.322998046875 0.2084375 0.01416015625 0.015625
59 0.340576171875 0.2103125 0.01611328125 0.019375
74 0.406982421875 0.285625 0.01123046875 0.0325
74 0.425537109375 0.2890625 0.02197265625 0.036875
0 0.411865234375 0.5221875 0.08251953125 0.036875
55 0.377197265625 0.5231250000000001 0.01318359375 0.0325
10 0.388671875 0.5259375000000001 0.009765625 0.038125
11 0.403076171875 0.52375 0.00732421875 0.03625
6 0.4111328125 0.5225 0.0087890625 0.03375
40 0.4228515625 0.524375 0.0078125 0.035
34 0.433837890625 0.5221875 0.01025390625 0.036875
7 0.444091796875 0.5215625 0.01318359375 0.035625000000000004
102 0.411376953125 0.4709375 0.03955078125 0.040625