1 0.47265625 0.27625 0.28515625 0.41000000000000003
11 0.4677734375 0.2 0.2275390625 0.115
17 0.391357421875 0.155625 0.01513671875 0.01375
17 0.385986328125 0.1709375 0.01220703125 0.011875
124 0.4638671875 0.3990625 0.01953125 0.019375
14 0.470947265625 0.2053125 0.01513671875 0.076875
18 0.46337890625 0.445 0.076171875 0.03375
43 0.431640625 0.4434375 0.0107421875 0.028125
81 0.441162109375 0.4440625 0.00830078125 0.026875
73 0.455810546875 0.4434375 0.01123046875 0.025625000000000002
75 0.4658203125 0.4434375 0.0087890625 0.025625000000000002
99 0.474365234375 0.4434375 0.01025390625 0.028125
106 0.485595703125 0.444375 0.01025390625 0.03
71 0.49462890625 0.44375000000000003 0.0078125 0.03125
