69 0.44626436781609197 0.4942233632862644 0.346551724137931 0.9730423620025673
54 0.45660919540229883 0.4364569961489088 0.25689655172413794 0.2849807445442875
59 0.3560344827586207 0.36392811296534017 0.017816091954022988 0.029525032092426184
59 0.3577586206896552 0.39730423620025673 0.01896551724137931 0.026957637997432605
59 0.37385057471264366 0.33825417201540436 0.01896551724137931 0.026957637997432605
59 0.37385057471264366 0.36585365853658536 0.022413793103448276 0.035943517329910135
74 0.4347701149425287 0.46148908857509624 0.020114942528735632 0.05776636713735558
0 0.45488505747126434 0.9390243902439024 0.08333333333333333 0.06033376123234916
55 0.417816091954023 0.9370988446726571 0.009195402298850575 0.05134788189987163
10 0.4295977011494253 0.9377406931964056 0.009770114942528735 0.05263157894736842
8 0.44482758620689655 0.9390243902439024 0.010344827586206896 0.050064184852374835
7 0.4560344827586207 0.938382541720154 0.009770114942528735 0.048780487804878044
35 0.46551724137931033 0.9364569961489088 0.010344827586206896 0.050064184852374835
8 0.47701149425287354 0.938382541720154 0.010344827586206896 0.048780487804878044
30 0.48879310344827587 0.9377406931964056 0.009770114942528735 0.04749679075738125
70 0.4557471264367816 0.6861360718870346 0.021839080459770115 0.03722721437740693