3 0.2314453125 0.22125 0.279296875 0.45
128 0.2177734375 0.315 0.0263671875 0.0225
18 0.217529296875 0.3965625 0.06982421875 0.030625
43 0.1884765625 0.39437500000000003 0.009765625 0.02375
81 0.197265625 0.395 0.0078125 0.0225
75 0.2099609375 0.39625 0.0068359375 0.0225
80 0.21875 0.395625 0.0087890625 0.02375
101 0.228515625 0.395625 0.0087890625 0.02375
73 0.23779296875 0.3971875 0.0078125 0.024375
88 0.24609375 0.3971875 0.0068359375 0.020625
11 0.230712890625 0.1696875 0.19091796875 0.130625
17 0.157470703125 0.1325 0.00927734375 0.0125
17 0.1728515625 0.11750000000000001 0.009765625 0.0125
