52 0.5078125 0.295 0.3857421875 0.54875
54 0.495849609375 0.200625 0.28564453125 0.1575
59 0.423828125 0.149375 0.015625 0.01875
71 0.49462890625 0.2065625 0.015625 0.074375
66 0.521240234375 0.2475 0.03466796875 0.03875
0 0.500244140625 0.4890625 0.09130859375 0.034375
55 0.462890625 0.4896875 0.0166015625 0.035625000000000004
10 0.47607421875 0.4890625 0.009765625 0.034375
5 0.492431640625 0.4890625 0.01318359375 0.034375
20 0.502685546875 0.4890625 0.01220703125 0.030625
4 0.513427734375 0.4875 0.00927734375 0.03125
32 0.524169921875 0.4890625 0.01220703125 0.034375
15 0.5380859375 0.4896875 0.015625 0.029375000000000002
72 0.49658203125 0.4371875 0.0458984375 0.041875