112 0.43994140625 0.3978125 0.029296875 0.025625000000000002
43 0.4072265625 0.481875 0.0087890625 0.02
81 0.417724609375 0.4815625 0.00830078125 0.019375
99 0.43212890625 0.4815625 0.0078125 0.019375
72 0.442626953125 0.4815625 0.00830078125 0.019375
79 0.453125 0.4809375 0.0068359375 0.019375
87 0.463623046875 0.4815625 0.00830078125 0.019375
79 0.47412109375 0.4809375 0.0078125 0.020625
18 0.440673828125 0.481875 0.07958984375 0.02875
17 0.336181640625 0.143125 0.01220703125 0.01125
17 0.335693359375 0.15687500000000001 0.01416015625 0.0125
17 0.335205078125 0.1684375 0.01416015625 0.008125
11 0.433837890625 0.185 0.26513671875 0.13
2 0.433349609375 0.27375 0.37255859375 0.54625
