17 0.09375 0.164375 0.0146484375 0.0175
11 0.18212890625 0.204375 0.248046875 0.125
43 0.13916015625 0.4834375 0.0126953125 0.029375000000000002
81 0.150634765625 0.4834375 0.01220703125 0.025625000000000002
80 0.166015625 0.4825 0.01171875 0.025
97 0.1787109375 0.4821875 0.01171875 0.026875
82 0.191162109375 0.4815625 0.01123046875 0.028125
71 0.2021484375 0.4809375 0.0107421875 0.029375000000000002
75 0.213134765625 0.48031250000000003 0.01318359375 0.028125
18 0.175048828125 0.4815625 0.09033203125 0.035625000000000004
2 0.18505859375 0.2753125 0.3603515625 0.504375
