2 0.4404296875 0.2975 0.310546875 0.5075000000000001
173 0.4443359375 0.425 0.0302734375 0.04125
11 0.4423828125 0.21281250000000002 0.2421875 0.121875
18 0.446533203125 0.48562500000000003 0.07568359375 0.0325
43 0.41455078125 0.48531250000000004 0.01171875 0.025625000000000002
81 0.42431640625 0.48531250000000004 0.009765625 0.025625000000000002
90 0.438720703125 0.485 0.00927734375 0.0225
91 0.468994140625 0.4859375 0.01025390625 0.026875
71 0.448486328125 0.48531250000000004 0.00830078125 0.025625000000000002
79 0.4580078125 0.4846875 0.0107421875 0.024375
79 0.479248046875 0.485 0.00927734375 0.02625
17 0.35302734375 0.1703125 0.013671875 0.010625
17 0.366455078125 0.1703125 0.01123046875 0.013125
17 0.350830078125 0.1809375 0.01123046875 0.010625
17 0.34814453125 0.19187500000000002 0.0146484375 0.01125
