53 0.409423828125 0.319375 0.39501953125 0.54625
54 0.40478515625 0.248125 0.2646484375 0.15875
74 0.39453125 0.275625 0.029296875 0.043750000000000004
59 0.305908203125 0.200625 0.01611328125 0.02125
59 0.301513671875 0.2184375 0.01806640625 0.020625
0 0.397216796875 0.5271875 0.08740234375 0.035625000000000004
55 0.360107421875 0.5303125 0.01220703125 0.035625000000000004
10 0.372802734375 0.5253125 0.01318359375 0.034375
11 0.386962890625 0.5271875 0.01025390625 0.029375000000000002
3 0.3984375 0.5290625 0.0087890625 0.033125
3 0.4091796875 0.5315625 0.0107421875 0.039375
14 0.418701171875 0.5253125 0.01025390625 0.035625000000000004
7 0.4306640625 0.526875 0.013671875 0.03125
117 0.394775390625 0.464375 0.03271484375 0.03875