52 0.44482421875 0.20625000000000002 0.318359375 0.3925
59 0.38037109375 0.093125 0.01171875 0.01375
59 0.39794921875 0.094375 0.013671875 0.0125
54 0.44677734375 0.1375 0.2177734375 0.11750000000000001
0 0.4521484375 0.3509375 0.0703125 0.025625000000000002
55 0.423095703125 0.3525 0.01025390625 0.0225
10 0.432861328125 0.35375 0.00732421875 0.02625
21 0.444091796875 0.351875 0.00927734375 0.02375
15 0.453125 0.35281250000000003 0.0068359375 0.025625000000000002
36 0.4619140625 0.3521875 0.009765625 0.024375
5 0.470947265625 0.35281250000000003 0.00927734375 0.024375
15 0.480224609375 0.3525 0.00830078125 0.0225
93 0.449462890625 0.296875 0.03076171875 0.025