17 0.552001953125 0.1934375 0.01220703125 0.009375
17 0.567138671875 0.193125 0.01318359375 0.01125
17 0.549560546875 0.2071875 0.01220703125 0.010625
16 0.560791015625 0.268125 0.00341796875 0.00875
16 0.56689453125 0.2684375 0.00390625 0.008125
16 0.572998046875 0.2678125 0.00341796875 0.009375
16 0.578857421875 0.268125 0.00439453125 0.00875
16 0.58447265625 0.2671875 0.00390625 0.009375
16 0.59033203125 0.26625 0.00390625 0.0125
16 0.59521484375 0.2665625 0.0029296875 0.013125
16 0.60205078125 0.2671875 0.00390625 0.010625
16 0.609130859375 0.26687500000000003 0.00634765625 0.01125
11 0.634765625 0.2365625 0.2158203125 0.10312500000000001
111 0.6396484375 0.411875 0.0244140625 0.03
43 0.60986328125 0.4584375 0.0087890625 0.020625
81 0.619384765625 0.4578125 0.00830078125 0.021875000000000002
106 0.63232421875 0.4575 0.0107421875 0.02125
92 0.642578125 0.4571875 0.009765625 0.020625
75 0.653076171875 0.4571875 0.01123046875 0.020625
71 0.66162109375 0.4575 0.0087890625 0.02125
74 0.671142578125 0.4578125 0.01123046875 0.025625000000000002
18 0.640380859375 0.4575 0.07373046875 0.02875
1 0.633544921875 0.3021875 0.30224609375 0.400625
