53 0.28271484375 0.299375 0.3662109375 0.55125
54 0.286865234375 0.2359375 0.26416015625 0.148125
59 0.1884765625 0.1875 0.0185546875 0.0125
59 0.185791015625 0.2015625 0.01904296875 0.013125
59 0.20361328125 0.1871875 0.013671875 0.014375
59 0.220703125 0.1884375 0.017578125 0.018125
59 0.201904296875 0.201875 0.01904296875 0.01625
0 0.294189453125 0.5159375 0.08056640625 0.033125
55 0.260009765625 0.5175 0.01220703125 0.03125
10 0.271240234375 0.5181250000000001 0.01025390625 0.0325
9 0.283935546875 0.515 0.01123046875 0.03
32 0.294677734375 0.5153125000000001 0.00927734375 0.033125
5 0.304931640625 0.5153125000000001 0.00927734375 0.031875
5 0.315673828125 0.5165625 0.01220703125 0.031875
7 0.326416015625 0.5153125000000001 0.01025390625 0.030625
94 0.291748046875 0.445 0.03369140625 0.0225