7 0.20361328125 0.5675 0.1455078125 0.48625
2 0.021240234375 0.095625 0.04248046875 0.19125
17 0.61572265625 0.176875 0.0126953125 0.01
17 0.63134765625 0.1771875 0.0146484375 0.013125
17 0.611328125 0.1921875 0.013671875 0.011875
15 0.696044921875 0.2534375 0.02490234375 0.011875
11 0.702880859375 0.228125 0.24560546875 0.14250000000000002
197 0.71044921875 0.42375 0.01953125 0.025
43 0.677978515625 0.469375 0.00927734375 0.02
81 0.688232421875 0.470625 0.00927734375 0.0225
82 0.712158203125 0.46968750000000004 0.00830078125 0.023125
80 0.742431640625 0.469375 0.00830078125 0.02
79 0.73291015625 0.4690625 0.0087890625 0.019375
76 0.722412109375 0.47000000000000003 0.00830078125 0.02125
101 0.701904296875 0.469375 0.00927734375 0.0225
18 0.710693359375 0.469375 0.07861328125 0.0325
1 0.69580078125 0.268125 0.3173828125 0.52625
