52 0.48095703125 0.241875 0.337890625 0.46125
54 0.48193359375 0.1740625 0.2412109375 0.115625
59 0.39453125 0.13343750000000001 0.015625 0.010625
59 0.392578125 0.146875 0.0146484375 0.01125
0 0.492919921875 0.414375 0.07470703125 0.0275
55 0.462158203125 0.4159375 0.01220703125 0.029375000000000002
10 0.470458984375 0.414375 0.00830078125 0.03
26 0.484130859375 0.4159375 0.00634765625 0.026875
3 0.494140625 0.41375 0.009765625 0.025
5 0.503662109375 0.4159375 0.00927734375 0.029375000000000002
6 0.513427734375 0.4146875 0.00830078125 0.026875
10 0.523193359375 0.4134375 0.00830078125 0.025625000000000002
80 0.4912109375 0.3384375 0.013671875 0.016875