17 0.379638671875 0.116875 0.01123046875 0.00625
17 0.37939453125 0.12687500000000002 0.01171875 0.00875
17 0.37890625 0.13625 0.01171875 0.0075
17 0.376708984375 0.1434375 0.01123046875 0.006875
17 0.377197265625 0.15625 0.01025390625 0.0125
12 0.41162109375 0.12 0.052734375 0.025
16 0.459228515625 0.1728125 0.02392578125 0.024375
16 0.45556640625 0.19 0.0126953125 0.01
11 0.4658203125 0.1475 0.1982421875 0.0925
114 0.468994140625 0.3321875 0.02197265625 0.019375
43 0.442138671875 0.3834375 0.01025390625 0.023125
81 0.45068359375 0.3834375 0.0087890625 0.023125
80 0.462646484375 0.381875 0.01025390625 0.02125
90 0.4716796875 0.3815625 0.0087890625 0.020625
79 0.48046875 0.38125000000000003 0.0087890625 0.02
76 0.48974609375 0.3809375 0.009765625 0.021875000000000002
73 0.500244140625 0.3821875 0.01025390625 0.024375
18 0.47119140625 0.3821875 0.0703125 0.026875
1 0.460205078125 0.213125 0.30419921875 0.38375000000000004
