53 0.366455078125 0.288125 0.32861328125 0.50125
54 0.3603515625 0.2225 0.2451171875 0.13875
59 0.282958984375 0.1859375 0.02001953125 0.018125
59 0.3017578125 0.18375 0.013671875 0.01125
59 0.2763671875 0.2034375 0.015625 0.014375
59 0.292236328125 0.2021875 0.01611328125 0.016875
0 0.352783203125 0.4996875 0.08154296875 0.033125
55 0.31884765625 0.4990625 0.0185546875 0.030625
10 0.330810546875 0.5009375 0.00830078125 0.031875
9 0.34521484375 0.5 0.013671875 0.03
39 0.35595703125 0.499375 0.0087890625 0.03
5 0.365478515625 0.498125 0.01025390625 0.03
26 0.375244140625 0.5 0.00537109375 0.04
16 0.385986328125 0.5 0.01220703125 0.03125
70 0.353271484375 0.4103125 0.02880859375 0.024375