147 0.400390625 0.4253125 0.0302734375 0.018125
43 0.368896484375 0.4946875 0.00830078125 0.019375
81 0.37939453125 0.4953125 0.0078125 0.019375
73 0.3935546875 0.4953125 0.0068359375 0.019375
71 0.403564453125 0.4946875 0.00341796875 0.020625
106 0.4140625 0.4946875 0.0087890625 0.020625
78 0.424072265625 0.494375 0.00732421875 0.02
100 0.43408203125 0.4946875 0.0087890625 0.020625
18 0.4013671875 0.495 0.080078125 0.03125
17 0.3125 0.1853125 0.01171875 0.010625
16 0.302734375 0.258125 0.0244140625 0.015
11 0.3984375 0.2221875 0.2490234375 0.128125
1 0.399169921875 0.296875 0.34716796875 0.47125
