14 0.74853515625 0.1728125 0.0166015625 0.039375
12 0.80224609375 0.1409375 0.064453125 0.023125
11 0.75244140625 0.185625 0.263671875 0.1375
43 0.728759765625 0.480625 0.00927734375 0.02375
81 0.74072265625 0.4825 0.009765625 0.02375
91 0.755859375 0.480625 0.009765625 0.0225
76 0.7783203125 0.48 0.0087890625 0.0225
79 0.791259765625 0.4790625 0.01123046875 0.020625
79 0.802001953125 0.47875 0.00830078125 0.02
18 0.765625 0.47750000000000004 0.0888671875 0.03
2 0.74755859375 0.27 0.3720703125 0.54
