2 0.020263671875 0.09406250000000001 0.04052734375 0.18812500000000001
7 0.317138671875 0.451875 0.15478515625 0.42125
17 0.8291015625 0.1471875 0.01171875 0.011875
17 0.82861328125 0.1634375 0.0146484375 0.014375
17 0.828125 0.180625 0.013671875 0.01375
17 0.826171875 0.1953125 0.0146484375 0.013125
17 0.846435546875 0.14875 0.01708984375 0.0125
17 0.845703125 0.161875 0.015625 0.01375
17 0.84326171875 0.1746875 0.015625 0.013125
15 0.994140625 0.2275 0.0107421875 0.02375
11 0.90625 0.2 0.1865234375 0.14125000000000001
127 0.952880859375 0.39437500000000003 0.03369140625 0.03625
43 0.922119140625 0.443125 0.00830078125 0.0225
81 0.931884765625 0.4434375 0.00830078125 0.021875000000000002
98 0.9453125 0.4425 0.0087890625 0.02125
79 0.955810546875 0.4425 0.00927734375 0.02
76 0.975341796875 0.441875 0.00830078125 0.02
76 0.9853515625 0.4421875 0.0087890625 0.019375
104 0.9658203125 0.441875 0.0087890625 0.02
18 0.95361328125 0.4434375 0.0771484375 0.030625
2 0.870361328125 0.2509375 0.25732421875 0.483125
