17 0.445068359375 0.085625 0.01416015625 0.0075
17 0.44482421875 0.095 0.013671875 0.01
17 0.441162109375 0.105625 0.01513671875 0.00875
12 0.5693359375 0.085625 0.0576171875 0.01375
14 0.519775390625 0.1246875 0.01220703125 0.041875
15 0.527587890625 0.15875 0.02392578125 0.03
11 0.524658203125 0.1284375 0.21826171875 0.12687500000000002
151 0.54443359375 0.2965625 0.0380859375 0.011875
43 0.51513671875 0.35875 0.0087890625 0.02125
81 0.5244140625 0.358125 0.0087890625 0.02
84 0.553955078125 0.3559375 0.00830078125 0.019375
78 0.5361328125 0.358125 0.0087890625 0.02
77 0.545166015625 0.356875 0.00830078125 0.01875
76 0.572021484375 0.3565625 0.00732421875 0.020625
98 0.563232421875 0.3571875 0.00732421875 0.019375
18 0.543212890625 0.3565625 0.07275390625 0.029375000000000002
2 0.5234375 0.2078125 0.3203125 0.415625
