52 0.5322265625 0.2490625 0.3720703125 0.503125
54 0.534912109375 0.166875 0.27294921875 0.145
59 0.4296875 0.13 0.0263671875 0.01875
59 0.428466796875 0.1471875 0.02490234375 0.011875
59 0.424072265625 0.1621875 0.02490234375 0.011875
71 0.533935546875 0.155625 0.02294921875 0.06875
74 0.520751953125 0.1946875 0.01708984375 0.020625
0 0.536865234375 0.458125 0.08837890625 0.03125
55 0.499267578125 0.460625 0.01220703125 0.03
10 0.51123046875 0.45937500000000003 0.01171875 0.03125
20 0.527099609375 0.46 0.00927734375 0.02625
8 0.53759765625 0.4596875 0.0107421875 0.028125
35 0.548828125 0.4609375 0.01171875 0.028125
20 0.560546875 0.4596875 0.01171875 0.028125
15 0.573486328125 0.45937500000000003 0.01416015625 0.02625
90 0.535888671875 0.4040625 0.02880859375 0.034375
51 0.170166015625 0.08375 0.11767578125 0.155