17 0.35498046875 0.07875 0.015625 0.01125
17 0.373291015625 0.0778125 0.01611328125 0.013125
17 0.392578125 0.07875 0.017578125 0.01125
12 0.391357421875 0.088125 0.07666015625 0.02875
12 0.526123046875 0.084375 0.07666015625 0.02375
14 0.46044921875 0.1384375 0.0107421875 0.069375
11 0.46826171875 0.1340625 0.2646484375 0.129375
124 0.4794921875 0.3665625 0.037109375 0.034375
43 0.445068359375 0.4453125 0.01220703125 0.026875
81 0.4560546875 0.44625000000000004 0.0107421875 0.02375
72 0.47265625 0.445625 0.0087890625 0.025
79 0.48291015625 0.445625 0.009765625 0.025
86 0.49462890625 0.4459375 0.009765625 0.023125
102 0.5068359375 0.444375 0.0107421875 0.02375
76 0.51953125 0.445 0.009765625 0.025
18 0.48193359375 0.4453125 0.087890625 0.034375
2 0.46240234375 0.2515625 0.392578125 0.509375
