17 0.69091796875 0.2378125 0.013671875 0.015625
17 0.690673828125 0.25125000000000003 0.01513671875 0.0125
11 0.78662109375 0.26156250000000003 0.2353515625 0.12687500000000002
125 0.818359375 0.435 0.033203125 0.0375
43 0.791015625 0.4903125 0.009765625 0.020625
81 0.800048828125 0.49062500000000003 0.00830078125 0.01875
86 0.832763671875 0.4884375 0.00732421875 0.019375
77 0.842529296875 0.4875 0.00634765625 0.02
77 0.852783203125 0.4871875 0.00830078125 0.020625
73 0.8232421875 0.48875 0.0087890625 0.02125
104 0.814208984375 0.489375 0.00927734375 0.02125
18 0.82080078125 0.489375 0.078125 0.03375
1 0.77685546875 0.33187500000000003 0.3310546875 0.425
