17 0.488037109375 0.1040625 0.01416015625 0.011875
17 0.5068359375 0.1009375 0.0146484375 0.013125
14 0.596923828125 0.1615625 0.01611328125 0.054375
12 0.66064453125 0.1015625 0.072265625 0.025625000000000002
16 0.537841796875 0.2028125 0.04345703125 0.018125
171 0.60107421875 0.4103125 0.0185546875 0.023125
43 0.566162109375 0.4921875 0.00927734375 0.024375
81 0.578369140625 0.4921875 0.00927734375 0.025625000000000002
76 0.59375 0.49125 0.0107421875 0.02375
84 0.605224609375 0.4915625 0.01220703125 0.023125
76 0.617431640625 0.49062500000000003 0.01123046875 0.0225
101 0.62939453125 0.49062500000000003 0.0107421875 0.0225
78 0.640380859375 0.491875 0.01025390625 0.025
78 0.601806640625 0.49062500000000003 0.08740234375 0.0325
2 0.5986328125 0.2696875 0.4091796875 0.541875
