111 0.4580078125 0.418125 0.0263671875 0.035
43 0.421875 0.4834375 0.0087890625 0.021875000000000002
81 0.433837890625 0.48281250000000003 0.01025390625 0.023125
83 0.449951171875 0.4834375 0.00927734375 0.024375
84 0.461181640625 0.483125 0.01025390625 0.02375
75 0.47314453125 0.4825 0.0087890625 0.0225
76 0.48486328125 0.4825 0.0087890625 0.0225
79 0.49658203125 0.4821875 0.009765625 0.024375
18 0.458740234375 0.4840625 0.08935546875 0.034375
14 0.46142578125 0.1790625 0.0078125 0.056875
17 0.362060546875 0.1165625 0.01025390625 0.008125
17 0.372314453125 0.1190625 0.01513671875 0.011875
17 0.36279296875 0.1315625 0.013671875 0.011875
11 0.45849609375 0.1890625 0.267578125 0.168125
2 0.463134765625 0.2678125 0.37060546875 0.540625
