17 0.719970703125 0.203125 0.01318359375 0.01125
17 0.733154296875 0.2034375 0.01318359375 0.011875
17 0.74658203125 0.203125 0.013671875 0.0125
17 0.707763671875 0.2040625 0.01123046875 0.013125
17 0.704345703125 0.21625 0.01416015625 0.01125
11 0.7900390625 0.250625 0.236328125 0.12375
125 0.802978515625 0.4246875 0.03271484375 0.035625000000000004
43 0.773681640625 0.47781250000000003 0.00927734375 0.019375
81 0.783447265625 0.4784375 0.00927734375 0.020625
86 0.8154296875 0.47875 0.0087890625 0.02
80 0.8349609375 0.4790625 0.0068359375 0.019375
104 0.796875 0.4784375 0.0087890625 0.020625
72 0.806640625 0.4790625 0.0087890625 0.020625
78 0.825439453125 0.47875 0.00732421875 0.02
18 0.804931640625 0.4771875 0.07763671875 0.029375000000000002
1 0.786865234375 0.289375 0.31689453125 0.47500000000000003
