53 0.3698949824970828 0.2669270833333333 0.4772462077012835 0.5325520833333333
54 0.367269544924154 0.1357421875 0.3483080513418903 0.177734375
59 0.24795799299883312 0.07096354166666666 0.025670945157526253 0.018229166666666664
59 0.2718786464410735 0.07161458333333333 0.02217036172695449 0.01171875
73 0.44836639439906645 0.08430989583333333 0.0997666277712952 0.047526041666666664
0 0.3684364060676779 0.49576822916666663 0.10793465577596265 0.03841145833333333
55 0.32205367561260206 0.4973958333333333 0.01633605600933489 0.0390625
10 0.338389731621937 0.4954427083333333 0.011668611435239205 0.03255208333333333
35 0.3561843640606768 0.4951171875 0.013418903150525087 0.033203125
8 0.36931155192532084 0.49381510416666663 0.014002333722287047 0.033203125
6 0.3844807467911318 0.49576822916666663 0.011668611435239205 0.033203125
13 0.39702450408401396 0.49576822916666663 0.011085180863477245 0.03450520833333333
8 0.41219369894982494 0.494140625 0.01575262543757293 0.029947916666666664
76 0.36493582263710617 0.392578125 0.047257876312718786 0.03645833333333333