78 0.69677734375 0.2690625 0.5234375 0.535625
54 0.728759765625 0.1903125 0.34130859375 0.195625
59 0.58935546875 0.1246875 0.01171875 0.015625
59 0.59228515625 0.145 0.0205078125 0.02125
59 0.609375 0.1215625 0.015625 0.015625
59 0.611083984375 0.1396875 0.01416015625 0.016875
66 0.801025390625 0.24125 0.02783203125 0.045
0 0.7333984375 0.464375 0.0810546875 0.03125
55 0.697265625 0.4659375 0.0087890625 0.030625
10 0.70947265625 0.4659375 0.0107421875 0.030625
12 0.721923828125 0.4659375 0.01220703125 0.028125
40 0.732177734375 0.4659375 0.00830078125 0.030625
15 0.741943359375 0.4659375 0.01123046875 0.030625
15 0.751708984375 0.4659375 0.00830078125 0.028125
8 0.762451171875 0.4653125 0.01318359375 0.029375000000000002
60 0.731689453125 0.353125 0.07763671875 0.03375