129 0.52880859375 0.431875 0.0185546875 0.02625
43 0.488525390625 0.4965625 0.01025390625 0.023125
81 0.5009765625 0.4971875 0.0087890625 0.021875000000000002
84 0.51904296875 0.4971875 0.009765625 0.021875000000000002
72 0.52978515625 0.4965625 0.0087890625 0.023125
76 0.53955078125 0.4965625 0.009765625 0.020625
79 0.55029296875 0.49625 0.0087890625 0.02375
75 0.5615234375 0.4953125 0.009765625 0.021875000000000002
75 0.572265625 0.4946875 0.0087890625 0.023125
18 0.52978515625 0.494375 0.0966796875 0.035
17 0.4091796875 0.1215625 0.009765625 0.008125
17 0.414794921875 0.1325 0.01611328125 0.0125
11 0.528076171875 0.1575 0.30908203125 0.18625
1 0.52734375 0.2703125 0.4248046875 0.540625
