17 0.259765625 0.2553125 0.015625 0.015625
15 0.260009765625 0.3353125 0.03564453125 0.016875
15 0.30322265625 0.3384375 0.05078125 0.014375
11 0.354736328125 0.2909375 0.26708984375 0.134375
115 0.3466796875 0.5159375 0.0537109375 0.025625000000000002
43 0.312744140625 0.566875 0.00927734375 0.0225
81 0.323486328125 0.5675 0.00927734375 0.0225
99 0.338134765625 0.568125 0.00927734375 0.02125
87 0.348876953125 0.568125 0.01025390625 0.0225
80 0.380859375 0.568125 0.009765625 0.0225
75 0.359375 0.5675 0.0087890625 0.0225
76 0.369873046875 0.5678125 0.00927734375 0.020625
18 0.346923828125 0.5684375 0.08154296875 0.031875
2 0.358154296875 0.3740625 0.35498046875 0.510625
