1 0.0771484375 0.5 0.154296875 0.5425
1 0.564453125 0.29 0.3359375 0.4275
181 0.577392578125 0.3821875 0.02392578125 0.016875
17 0.47412109375 0.1946875 0.0146484375 0.013125
17 0.4765625 0.1821875 0.015625 0.010625
17 0.477294921875 0.1709375 0.01220703125 0.011875
15 0.561767578125 0.2503125 0.03466796875 0.020625
14 0.560302734375 0.2040625 0.01220703125 0.064375
18 0.577880859375 0.4559375 0.07568359375 0.028125
43 0.546630859375 0.4546875 0.01025390625 0.025625000000000002
81 0.555419921875 0.4528125 0.00927734375 0.026875
78 0.569580078125 0.4534375 0.00830078125 0.025625000000000002
79 0.57861328125 0.4546875 0.0078125 0.023125
88 0.588623046875 0.45406250000000004 0.01025390625 0.021875000000000002
80 0.59912109375 0.45406250000000004 0.0107421875 0.021875000000000002
71 0.608642578125 0.45406250000000004 0.00830078125 0.024375
