1 0.6318359375 0.3 0.376953125 0.5325
11 0.62060546875 0.1975 0.2607421875 0.135
17 0.518310546875 0.16 0.01611328125 0.01375
17 0.51708984375 0.174375 0.013671875 0.015
115 0.640869140625 0.466875 0.05712890625 0.0325
18 0.640869140625 0.516875 0.08935546875 0.0325
43 0.603271484375 0.5165625 0.01220703125 0.026875
81 0.616455078125 0.5178125 0.01611328125 0.029375000000000002
83 0.631103515625 0.5165625 0.01318359375 0.026875
106 0.6435546875 0.5159375 0.01171875 0.028125
80 0.654541015625 0.5146875 0.01220703125 0.025625000000000002
80 0.666748046875 0.5140625 0.01025390625 0.026875
72 0.678466796875 0.514375 0.01318359375 0.03125
