2 0.2001953125 0.43375 0.146484375 0.495
14 0.81298828125 0.0334375 0.0166015625 0.063125
11 0.8134765625 0.0478125 0.2470703125 0.096875
111 0.83984375 0.2409375 0.02734375 0.034375
43 0.8076171875 0.29625 0.0107421875 0.02375
81 0.81787109375 0.295 0.009765625 0.02375
80 0.831787109375 0.295625 0.01318359375 0.0275
80 0.852294921875 0.2940625 0.01025390625 0.024375
80 0.86328125 0.294375 0.01171875 0.025
73 0.843017578125 0.295 0.01025390625 0.02625
76 0.874267578125 0.294375 0.01025390625 0.0275
18 0.840576171875 0.2940625 0.08056640625 0.028125
2 0.81298828125 0.17875 0.361328125 0.34375
