8 0.153564453125 0.4809375 0.17724609375 0.384375
17 0.79345703125 0.13468750000000002 0.009765625 0.006875
17 0.80615234375 0.135 0.0146484375 0.01125
17 0.796630859375 0.1471875 0.01123046875 0.014375
17 0.81103515625 0.1478125 0.01171875 0.013125
17 0.796630859375 0.1603125 0.01123046875 0.013125
14 0.92236328125 0.1715625 0.009765625 0.069375
15 0.92626953125 0.21937500000000001 0.037109375 0.01625
15 0.981689453125 0.234375 0.03564453125 0.02375
11 0.8896484375 0.1784375 0.2197265625 0.181875
207 0.9482421875 0.3928125 0.0419921875 0.038125
43 0.915283203125 0.4940625 0.01025390625 0.023125
81 0.92431640625 0.495 0.0087890625 0.02
72 0.93798828125 0.495 0.009765625 0.02
76 0.947998046875 0.49375 0.00732421875 0.0175
79 0.9775390625 0.494375 0.0068359375 0.01875
90 0.95849609375 0.4946875 0.0107421875 0.018125
100 0.968994140625 0.4953125 0.00830078125 0.023125
18 0.9462890625 0.4953125 0.076171875 0.029375000000000002
3 0.83935546875 0.2690625 0.318359375 0.538125
