17 0.41650390625 0.0746875 0.0166015625 0.013125
14 0.519775390625 0.1209375 0.01220703125 0.076875
11 0.51611328125 0.1296875 0.30078125 0.166875
117 0.499267578125 0.39375 0.03857421875 0.051250000000000004
43 0.464599609375 0.4884375 0.01025390625 0.023125
81 0.476318359375 0.48875 0.01123046875 0.0225
80 0.537109375 0.4896875 0.009765625 0.023125
73 0.514892578125 0.4909375 0.01025390625 0.023125
75 0.525634765625 0.489375 0.01025390625 0.02375
93 0.492431640625 0.489375 0.01123046875 0.02375
105 0.50341796875 0.4890625 0.009765625 0.023125
18 0.50048828125 0.48875 0.0849609375 0.02875
1 0.520263671875 0.2653125 0.40576171875 0.530625
