52 0.287841796875 0.333125 0.37841796875 0.5125
54 0.2705078125 0.264375 0.259765625 0.14250000000000002
0 0.24365234375 0.540625 0.08203125 0.0325
55 0.21142578125 0.5415625000000001 0.0107421875 0.033125
10 0.22119140625 0.54125 0.0107421875 0.035
15 0.2353515625 0.5415625000000001 0.009765625 0.038125
35 0.24609375 0.5403125 0.009765625 0.036875
4 0.25537109375 0.5396875 0.0087890625 0.035625000000000004
11 0.266845703125 0.54125 0.00927734375 0.035
7 0.276611328125 0.5403125 0.01123046875 0.030625
101 0.244384765625 0.48031250000000003 0.03759765625 0.030625