17 0.019775390625 0.16375 0.01708984375 0.01625
17 0.0380859375 0.1634375 0.017578125 0.013125
14 0.11865234375 0.21 0.013671875 0.10125
15 0.084716796875 0.25125000000000003 0.02099609375 0.03375
16 0.113525390625 0.26875 0.03857421875 0.02375
11 0.135498046875 0.2275 0.27099609375 0.1825
124 0.088134765625 0.5015625 0.03759765625 0.035625000000000004
43 0.052490234375 0.5775 0.01220703125 0.02625
81 0.064697265625 0.5778125000000001 0.01025390625 0.024375
72 0.08203125 0.5784375 0.01171875 0.025625000000000002
80 0.0947265625 0.578125 0.009765625 0.025
80 0.13134765625 0.5778125000000001 0.0107421875 0.023125
88 0.1064453125 0.576875 0.013671875 0.02625
88 0.119384765625 0.576875 0.01123046875 0.025
18 0.091552734375 0.576875 0.10009765625 0.04
2 0.169677734375 0.3140625 0.33935546875 0.628125
