7 0.142333984375 0.05 0.07470703125 0.1
8 0.33642578125 0.12625 0.134765625 0.2525
17 0.559814453125 0.1228125 0.01611328125 0.013125
17 0.576416015625 0.11750000000000001 0.01513671875 0.01375
17 0.556640625 0.139375 0.015625 0.015
17 0.5556640625 0.1575 0.015625 0.01375
14 0.663330078125 0.17250000000000001 0.02685546875 0.08750000000000001
16 0.584228515625 0.24375 0.05322265625 0.01625
16 0.75244140625 0.24125 0.0537109375 0.01125
11 0.66357421875 0.18125 0.279296875 0.16625
113 0.667236328125 0.42312500000000003 0.02978515625 0.03
43 0.6318359375 0.489375 0.0107421875 0.0225
81 0.643310546875 0.4890625 0.01025390625 0.021875000000000002
102 0.659912109375 0.48875 0.00927734375 0.0225
79 0.671142578125 0.48875 0.01025390625 0.02125
77 0.682373046875 0.4884375 0.01025390625 0.024375
78 0.6943359375 0.4890625 0.0107421875 0.024375
76 0.706298828125 0.4884375 0.01025390625 0.023125
18 0.6689453125 0.4884375 0.09375 0.036875
2 0.663818359375 0.2859375 0.39990234375 0.571875
