53 0.527587890625 0.2396875 0.35791015625 0.491875
54 0.529052734375 0.1609375 0.24365234375 0.140625
59 0.455078125 0.1125 0.015625 0.0125
59 0.441162109375 0.125 0.01220703125 0.0125
66 0.443359375 0.18875 0.041015625 0.0325
74 0.505615234375 0.204375 0.04248046875 0.02625
0 0.53173828125 0.4065625 0.072265625 0.029375000000000002
55 0.49951171875 0.40718750000000004 0.0107421875 0.030625
10 0.5087890625 0.4078125 0.009765625 0.029375000000000002
26 0.52294921875 0.40468750000000003 0.009765625 0.029375000000000002
33 0.531494140625 0.40468750000000003 0.00732421875 0.029375000000000002
33 0.54248046875 0.40468750000000003 0.009765625 0.023125
26 0.55078125 0.405625 0.0048828125 0.025
16 0.56005859375 0.4034375 0.0107421875 0.023125
84 0.531005859375 0.3425 0.04736328125 0.01875