54 0.6817168338907469 0.207090788601723 0.30657748049052397 0.15308151093439365
59 0.576644370122631 0.1620278330019881 0.02508361204013378 0.012591119946984758
59 0.6025641025641025 0.16003976143141152 0.023411371237458192 0.017892644135188866
66 0.5702341137123745 0.23856858846918488 0.045707915273132664 0.0583167660702452
0 0.6900780379041248 0.538104705102717 0.10590858416945373 0.03445990722332671
55 0.6499442586399108 0.5390987408880054 0.013377926421404682 0.033797216699801194
10 0.6644370122630993 0.5390987408880054 0.011148272017837236 0.032471835652750164
26 0.6825529542920847 0.5407554671968191 0.00947603121516165 0.03445990722332671
26 0.6950947603121516 0.5387673956262425 0.007803790412486064 0.030483764082173626
4 0.7070791527313266 0.5394300861497681 0.01282051282051282 0.03711066931742876
34 0.721850613154961 0.5404241219350563 0.011148272017837236 0.03644797879390325
6 0.7366220735785953 0.538104705102717 0.01282051282051282 0.03313452617627568
64 0.6911928651059086 0.4731610337972167 0.03567447045707915 0.03445990722332671
52 0.685340022296544 0.29721669980119286 0.43088071348940915 0.5705765407554672