17 0.276611328125 0.1921875 0.01220703125 0.009375
17 0.289794921875 0.1840625 0.01220703125 0.011875
12 0.398681640625 0.186875 0.05517578125 0.0175
11 0.35498046875 0.22 0.2265625 0.09875
125 0.36083984375 0.383125 0.0302734375 0.035
43 0.332763671875 0.433125 0.00830078125 0.02125
81 0.34033203125 0.4340625 0.0087890625 0.019375
104 0.3544921875 0.43375 0.0107421875 0.02
75 0.363525390625 0.4340625 0.00732421875 0.018125
84 0.372802734375 0.433125 0.00830078125 0.0175
75 0.3818359375 0.433125 0.009765625 0.02
76 0.39208984375 0.43343750000000003 0.009765625 0.020625
18 0.36083984375 0.4328125 0.0703125 0.020625
1 0.35498046875 0.2846875 0.3046875 0.375625
