53 0.6484375 0.28875 0.359375 0.505
52 0.941650390625 0.160625 0.11474609375 0.30875
54 0.655517578125 0.22843750000000002 0.25537109375 0.144375
59 0.562744140625 0.1759375 0.02490234375 0.013125
59 0.56298828125 0.1896875 0.0234375 0.009375
59 0.561767578125 0.2009375 0.02294921875 0.009375
0 0.666259765625 0.4740625 0.08056640625 0.038125
54 0.967041015625 0.0828125 0.06005859375 0.11812500000000001
55 0.631103515625 0.47500000000000003 0.01416015625 0.03625
10 0.642578125 0.4759375 0.0078125 0.035625000000000004
5 0.657470703125 0.4771875 0.00634765625 0.031875
14 0.665771484375 0.47500000000000003 0.00927734375 0.0275
42 0.67626953125 0.47625 0.009765625 0.0325
32 0.685546875 0.4759375 0.0078125 0.029375000000000002
5 0.697998046875 0.4759375 0.01025390625 0.025625000000000002
64 0.662841796875 0.4084375 0.03271484375 0.028125