7 0.0810546875 0.29375 0.142578125 0.435
1 0.6025390625 0.2525 0.345703125 0.4975
11 0.59765625 0.1684375 0.2470703125 0.141875
17 0.495361328125 0.1428125 0.01318359375 0.015625
17 0.492919921875 0.1584375 0.01513671875 0.015625
14 0.59765625 0.168125 0.0166015625 0.0825
159 0.602294921875 0.405 0.02294921875 0.03125
18 0.603759765625 0.4640625 0.08349609375 0.028125
43 0.568603515625 0.4665625 0.01025390625 0.025625000000000002
81 0.580078125 0.46468750000000003 0.0107421875 0.026875
105 0.595458984375 0.4640625 0.00927734375 0.025625000000000002
80 0.60595703125 0.4634375 0.01171875 0.026875
73 0.617431640625 0.46468750000000003 0.01123046875 0.026875
102 0.62890625 0.4634375 0.009765625 0.024375
80 0.639404296875 0.46218750000000003 0.01123046875 0.026875
