8 0.2451171875 0.3775 0.146484375 0.40750000000000003
1 0.671875 0.1975 0.30859375 0.3925
179 0.677978515625 0.259375 0.01611328125 0.0175
18 0.677978515625 0.3259375 0.06982421875 0.030625
43 0.6494140625 0.3259375 0.0107421875 0.025625000000000002
81 0.658935546875 0.32656250000000003 0.00732421875 0.021875000000000002
94 0.67138671875 0.32656250000000003 0.009765625 0.025625000000000002
77 0.680419921875 0.32625 0.00830078125 0.025
77 0.689208984375 0.3259375 0.00830078125 0.023125
77 0.708251953125 0.3253125 0.00830078125 0.023125
84 0.69873046875 0.325625 0.0087890625 0.02375
11 0.6728515625 0.106875 0.2109375 0.10375000000000001
17 0.5888671875 0.0678125 0.01171875 0.009375
17 0.60302734375 0.0671875 0.013671875 0.009375
17 0.601806640625 0.079375 0.01220703125 0.01
17 0.586669921875 0.07843750000000001 0.01123046875 0.010625
17 0.599609375 0.0909375 0.0107421875 0.009375
17 0.584228515625 0.0903125 0.01025390625 0.010625
17 0.582763671875 0.1046875 0.01318359375 0.010625
17 0.598876953125 0.10250000000000001 0.01318359375 0.01
