43 0.4841642228739003 0.42172824045084534 0.00997067448680352 0.02066374452097683
81 0.4961876832844575 0.42172824045084534 0.0093841642228739 0.02066374452097683
98 0.5129032258064516 0.42204132748904194 0.00879765395894428 0.020037570444583593
43 0.5243401759530791 0.42204132748904194 0.0093841642228739 0.020037570444583593
77 0.5363636363636364 0.42204132748904194 0.00997067448680352 0.020037570444583593
74 0.547800586510264 0.42204132748904194 0.010557184750733138 0.020037570444583593
72 0.5604105571847507 0.42204132748904194 0.00997067448680352 0.020037570444583593
18 0.5222873900293256 0.42172824045084534 0.08856304985337243 0.028177833437695678
15 0.7483870967741936 0.20068879148403254 0.02932551319648094 0.03944896681277395
17 0.29266862170087976 0.005009392611145898 0.015249266862170088 0.008766437069505322
17 0.3096774193548387 0.004070131496556042 0.011730205278592375 0.0068879148403256105
17 0.27331378299120235 0.004070131496556042 0.011730205278592375 0.0068879148403256105
11 0.5196480938416422 0.13055729492798998 0.5255131964809384 0.2623669380087664
