17 0.21240234375 0.20375000000000001 0.015625 0.01375
17 0.209228515625 0.2171875 0.01318359375 0.011875
17 0.207763671875 0.2328125 0.01708984375 0.014375
17 0.203369140625 0.24875 0.01611328125 0.01625
11 0.297119140625 0.2446875 0.25146484375 0.124375
14 0.30029296875 0.22875 0.013671875 0.0625
115 0.29443359375 0.4665625 0.052734375 0.028125
43 0.263671875 0.5034375 0.009765625 0.021875000000000002
81 0.2734375 0.503125 0.009765625 0.02125
78 0.28759765625 0.5034375 0.0087890625 0.021875000000000002
76 0.328369140625 0.501875 0.00830078125 0.02125
80 0.297607421875 0.5025000000000001 0.00927734375 0.02375
92 0.307373046875 0.5028125 0.01025390625 0.021875000000000002
87 0.318359375 0.501875 0.009765625 0.0225
18 0.296142578125 0.503125 0.08154296875 0.03125
1 0.302490234375 0.3296875 0.34619140625 0.494375
