1 0.6474609375 0.28625 0.333984375 0.505
125 0.6533203125 0.41375 0.03515625 0.051250000000000004
18 0.654296875 0.4821875 0.087890625 0.033125
11 0.6435546875 0.194375 0.25 0.125
17 0.541748046875 0.1678125 0.01220703125 0.013125
17 0.537353515625 0.1821875 0.01318359375 0.013125
17 0.533447265625 0.195 0.01123046875 0.015
43 0.618408203125 0.4834375 0.01220703125 0.028125
81 0.629638671875 0.4840625 0.01220703125 0.024375
104 0.64453125 0.4834375 0.01171875 0.028125
78 0.656005859375 0.4815625 0.01123046875 0.024375
84 0.667724609375 0.4821875 0.01025390625 0.025625000000000002
72 0.679443359375 0.4815625 0.01318359375 0.026875
80 0.6904296875 0.4815625 0.0087890625 0.026875
