142 0.257080078125 0.368125 0.01416015625 0.0175
43 0.2294921875 0.4628125 0.0078125 0.016875
81 0.239013671875 0.4628125 0.00634765625 0.016875
78 0.252197265625 0.46375 0.00732421875 0.01625
75 0.261474609375 0.4634375 0.00830078125 0.016875
96 0.270263671875 0.46375 0.00732421875 0.01625
91 0.27978515625 0.463125 0.0078125 0.0175
72 0.2890625 0.46375 0.0078125 0.01625
18 0.259033203125 0.4634375 0.07177734375 0.025625000000000002
14 0.269775390625 0.15937500000000002 0.00732421875 0.04875
17 0.189453125 0.124375 0.009765625 0.01
17 0.203857421875 0.1234375 0.01220703125 0.009375
11 0.265380859375 0.1840625 0.23876953125 0.154375
3 0.271728515625 0.2415625 0.31005859375 0.483125
