53 0.5199771689497716 0.2903629536921152 0.4155251141552511 0.4956195244055069
54 0.5174086757990868 0.22215269086357947 0.2848173515981735 0.1376720901126408
59 0.41324200913242004 0.172090112640801 0.017123287671232876 0.02127659574468085
59 0.43635844748858443 0.17521902377972465 0.021118721461187213 0.02127659574468085
0 0.5293949771689498 0.4493116395494368 0.09417808219178081 0.03254067584480601
55 0.4871575342465753 0.4455569461827284 0.015410958904109588 0.03379224030037547
10 0.5 0.45087609511889865 0.012557077625570776 0.03566958698372966
31 0.5182648401826484 0.447747183979975 0.012557077625570776 0.029411764705882353
28 0.5302511415525114 0.44868585732165206 0.01141552511415525 0.03128911138923655
26 0.5428082191780822 0.44806007509386736 0.0136986301369863 0.0262828535669587
11 0.5533675799086758 0.4502503128911139 0.009703196347031963 0.028160200250312892
11 0.5653538812785388 0.4502503128911139 0.014269406392694063 0.024405506883604506
63 0.5302511415525114 0.4014392991239049 0.04794520547945205 0.048185231539424285