17 0.306640625 0.11156250000000001 0.009765625 0.010625
17 0.316650390625 0.106875 0.00830078125 0.00875
17 0.330078125 0.1028125 0.01171875 0.014375
17 0.34423828125 0.1040625 0.013671875 0.016875
17 0.318359375 0.12125 0.013671875 0.015
17 0.313720703125 0.1375 0.01513671875 0.01625
17 0.32958984375 0.13343750000000001 0.013671875 0.009375
17 0.343505859375 0.1315625 0.01611328125 0.016875
15 0.40625 0.2059375 0.0322265625 0.015625
16 0.325927734375 0.203125 0.04833984375 0.01625
16 0.45556640625 0.206875 0.025390625 0.01125
11 0.428466796875 0.1740625 0.29931640625 0.179375
122 0.432373046875 0.4184375 0.03662109375 0.019375
43 0.400146484375 0.47250000000000003 0.00927734375 0.0225
81 0.41064453125 0.4728125 0.0087890625 0.021875000000000002
97 0.423828125 0.473125 0.009765625 0.02
85 0.434814453125 0.47250000000000003 0.00927734375 0.02
80 0.455078125 0.47250000000000003 0.009765625 0.01875
79 0.444580078125 0.47250000000000003 0.00830078125 0.02
78 0.464599609375 0.4728125 0.00830078125 0.018125
18 0.4326171875 0.473125 0.0791015625 0.03
3 0.4287109375 0.264375 0.3984375 0.52875
