43 0.642333984375 0.043750000000000004 0.00634765625 0.01375
81 0.64892578125 0.043437500000000004 0.0068359375 0.015625
85 0.66455078125 0.043437500000000004 0.0068359375 0.015625
92 0.671630859375 0.0446875 0.00732421875 0.015625
78 0.658203125 0.043750000000000004 0.0078125 0.01625
78 0.684326171875 0.0440625 0.00537109375 0.015625
73 0.67822265625 0.043750000000000004 0.005859375 0.01625
18 0.663330078125 0.043125000000000004 0.05029296875 0.02
3 0.658203125 0.0428125 0.1845703125 0.085625
2 0.974365234375 0.73875 0.04736328125 0.40375
17 0.36962890625 0.1459375 0.0146484375 0.013125
17 0.369384765625 0.1596875 0.01611328125 0.013125
15 0.42578125 0.24531250000000002 0.0322265625 0.016875
15 0.456787109375 0.243125 0.02392578125 0.0175
11 0.4521484375 0.1975 0.224609375 0.1575
128 0.4560546875 0.3575 0.0283203125 0.01875
43 0.4267578125 0.4421875 0.009765625 0.019375
81 0.436279296875 0.443125 0.00830078125 0.01875
81 0.467041015625 0.4421875 0.00830078125 0.019375
84 0.476318359375 0.4421875 0.00830078125 0.019375
73 0.449462890625 0.4425 0.00830078125 0.01875
74 0.45849609375 0.4428125 0.0087890625 0.020625
77 0.485595703125 0.4421875 0.00732421875 0.019375
18 0.456787109375 0.4425 0.07275390625 0.0275
3 0.450439453125 0.246875 0.30419921875 0.49375
