113 0.5423309510720176 0.4126335637963545 0.024738867509620673 0.023255813953488372
43 0.5068719076415613 0.4626021370207417 0.008796041781198461 0.018856065367693277
81 0.5186915887850467 0.4629164047768699 0.009345794392523366 0.020741671904462602
82 0.5343595382078065 0.4632306725329981 0.008796041781198461 0.018856065367693277
79 0.5453545904343046 0.4632306725329981 0.008796041781198461 0.018856065367693277
88 0.5568993952721276 0.4629164047768699 0.008796041781198461 0.01948460087994972
77 0.568719076415613 0.46228786926461346 0.008246289169873557 0.01948460087994972
75 0.5794392523364487 0.4629164047768699 0.008796041781198461 0.01948460087994972
18 0.5439802089059923 0.46228786926461346 0.08851017042330951 0.03331238214959145
14 0.5494777350192414 0.19861722187303582 0.013743815283122596 0.057825267127592714
17 0.44282572842221 0.180389692017599 0.012644310060472787 0.011313639220615965
17 0.44200109950522265 0.1923318667504714 0.010995052226498075 0.01005656819610308
11 0.5434304562946675 0.22344437460716532 0.26992853216052776 0.15021998742928977
2 0.5439802089059923 0.286926461345066 0.37768004398020893 0.42803268384663734
