17 0.366943359375 0.1121875 0.01611328125 0.018125
17 0.3828125 0.1159375 0.013671875 0.019375
11 0.481689453125 0.17625 0.31005859375 0.15375
215 0.474853515625 0.4090625 0.05517578125 0.018125
43 0.439697265625 0.508125 0.01123046875 0.02625
81 0.45068359375 0.509375 0.0087890625 0.02625
75 0.46484375 0.508125 0.0107421875 0.02625
73 0.474365234375 0.50875 0.01025390625 0.0275
76 0.484619140625 0.509375 0.01025390625 0.02625
72 0.506591796875 0.51 0.01025390625 0.025
83 0.495361328125 0.5084375 0.01123046875 0.026875
18 0.472900390625 0.5075000000000001 0.07958984375 0.0325
6 0.478759765625 0.276875 0.41650390625 0.55875
3 0.064208984375 0.39 0.12841796875 0.5775
