117 0.493896484375 0.355625 0.01318359375 0.025
43 0.463623046875 0.46875 0.00732421875 0.01875
81 0.473388671875 0.469375 0.00830078125 0.02
96 0.487548828125 0.469375 0.00830078125 0.02
73 0.49755859375 0.469375 0.0078125 0.01875
94 0.50732421875 0.4690625 0.0087890625 0.019375
76 0.517333984375 0.4684375 0.00732421875 0.019375
76 0.52734375 0.46718750000000003 0.0078125 0.019375
18 0.495361328125 0.46875 0.07666015625 0.03
14 0.483154296875 0.1934375 0.00537109375 0.041875
17 0.414306640625 0.1440625 0.01318359375 0.009375
17 0.400390625 0.1478125 0.009765625 0.009375
17 0.390380859375 0.15375 0.01025390625 0.00875
11 0.48291015625 0.1896875 0.2529296875 0.124375
1 0.48388671875 0.26937500000000003 0.34375 0.46875
