17 0.459228515625 0.079375 0.01123046875 0.01375
17 0.458740234375 0.09468750000000001 0.01025390625 0.009375
17 0.48681640625 0.0675 0.015625 0.01375
17 0.492431640625 0.0828125 0.01611328125 0.015625
17 0.5185546875 0.0765625 0.0185546875 0.018125
15 0.54541015625 0.1921875 0.04296875 0.023125
16 0.6181640625 0.203125 0.0517578125 0.01875
16 0.498046875 0.2025 0.0556640625 0.0325
16 0.56787109375 0.2046875 0.04296875 0.023125
11 0.613037109375 0.128125 0.35009765625 0.22375
207 0.61279296875 0.393125 0.0498046875 0.04125
43 0.579833984375 0.5125 0.01025390625 0.0225
81 0.59033203125 0.5115625 0.0107421875 0.023125
75 0.607421875 0.5115625 0.009765625 0.023125
73 0.618408203125 0.5121875 0.01025390625 0.024375
79 0.640625 0.5125 0.0107421875 0.025
97 0.630126953125 0.511875 0.01025390625 0.025
93 0.652587890625 0.513125 0.01123046875 0.02625
6 0.61572265625 0.2753125 0.474609375 0.550625
18 0.616943359375 0.5109375 0.09033203125 0.038125
