3 0.546875 0.24 0.3125 0.47750000000000004
128 0.546875 0.354375 0.0302734375 0.0225
18 0.54638671875 0.405625 0.0830078125 0.0325
11 0.54638671875 0.128125 0.2353515625 0.1525
17 0.442626953125 0.07125000000000001 0.01318359375 0.0125
17 0.44091796875 0.08625000000000001 0.0166015625 0.01125
17 0.457275390625 0.0825 0.01416015625 0.015
17 0.458251953125 0.069375 0.01416015625 0.01125
14 0.546142578125 0.116875 0.01416015625 0.07875
43 0.51171875 0.4040625 0.0107421875 0.026875
81 0.523193359375 0.405625 0.01220703125 0.02625
86 0.536865234375 0.405625 0.01123046875 0.03
100 0.572509765625 0.40625 0.01220703125 0.025
73 0.549072265625 0.405 0.01318359375 0.025
76 0.560791015625 0.405 0.01318359375 0.0225
79 0.58349609375 0.404375 0.009765625 0.02375
