17 0.357177734375 0.10968750000000001 0.01318359375 0.009375
17 0.37060546875 0.1084375 0.01171875 0.010625
11 0.4384765625 0.1571875 0.2216796875 0.131875
149 0.44580078125 0.3171875 0.0166015625 0.021875000000000002
43 0.418701171875 0.3740625 0.00830078125 0.020625
81 0.427734375 0.3753125 0.0078125 0.020625
83 0.4404296875 0.3740625 0.009765625 0.018125
72 0.449951171875 0.3746875 0.00830078125 0.019375
73 0.45849609375 0.3740625 0.0087890625 0.020625
77 0.476806640625 0.373125 0.00732421875 0.0175
88 0.4677734375 0.374375 0.0078125 0.02
18 0.448486328125 0.37375 0.07177734375 0.02875
1 0.43505859375 0.229375 0.31640625 0.405
17 0.857421875 0.2371875 0.015625 0.013125
17 0.855224609375 0.249375 0.01513671875 0.01375
17 0.854248046875 0.26156250000000003 0.01220703125 0.011875
14 0.946044921875 0.2628125 0.00927734375 0.044375
16 0.960205078125 0.296875 0.01708984375 0.02875
11 0.916259765625 0.276875 0.16552734375 0.13125
117 0.994384765625 0.44375000000000003 0.01025390625 0.01875
43 0.966064453125 0.5593750000000001 0.00927734375 0.02125
81 0.975830078125 0.560625 0.01025390625 0.0225
82 0.990478515625 0.560625 0.00927734375 0.02125
18 0.97802734375 0.56125 0.0419921875 0.0375
1 0.877197265625 0.3540625 0.24267578125 0.500625
