52 0.564453125 0.2915625 0.3857421875 0.468125
54 0.561767578125 0.1940625 0.25732421875 0.136875
59 0.470458984375 0.1834375 0.01904296875 0.013125
59 0.46728515625 0.196875 0.01953125 0.00875
59 0.468505859375 0.2146875 0.03173828125 0.014375
0 0.57763671875 0.4640625 0.08203125 0.041875
55 0.545166015625 0.4640625 0.01318359375 0.040625
10 0.555419921875 0.4665625 0.01123046875 0.041875
8 0.56884765625 0.46 0.0107421875 0.03625
4 0.577880859375 0.4625 0.00537109375 0.0425
32 0.58984375 0.4625 0.0068359375 0.03875
5 0.598388671875 0.46375 0.00830078125 0.0425
15 0.610595703125 0.4634375 0.01806640625 0.039375
64 0.57666015625 0.4190625 0.0380859375 0.035625000000000004