69 0.4150390625 0.29 0.34765625 0.57625
54 0.41064453125 0.24781250000000002 0.251953125 0.183125
59 0.321044921875 0.1921875 0.01611328125 0.016875
59 0.33642578125 0.196875 0.013671875 0.01625
59 0.35400390625 0.185625 0.0205078125 0.015
59 0.35302734375 0.201875 0.0126953125 0.0175
59 0.31689453125 0.2090625 0.01953125 0.014375
59 0.333740234375 0.208125 0.02490234375 0.01875
66 0.388671875 0.29531250000000003 0.04296875 0.036875
66 0.42138671875 0.29875 0.0322265625 0.03
0 0.4052734375 0.524375 0.0791015625 0.03
55 0.371337890625 0.5275 0.01123046875 0.02875
10 0.384033203125 0.5259375000000001 0.01318359375 0.031875
9 0.39501953125 0.52375 0.01171875 0.03625
7 0.406494140625 0.5246875 0.00830078125 0.031875
11 0.4169921875 0.525625 0.0126953125 0.0325
17 0.427001953125 0.52375 0.00830078125 0.03125
20 0.435791015625 0.5225 0.01123046875 0.03
77 0.407470703125 0.42812500000000003 0.04541015625 0.03