43 0.3056640625 0.5903125 0.0087890625 0.018125
81 0.3154296875 0.5903125 0.0078125 0.021875000000000002
75 0.331298828125 0.59125 0.00927734375 0.02125
71 0.341064453125 0.5903125 0.00439453125 0.020625
98 0.35205078125 0.59125 0.009765625 0.02
73 0.363037109375 0.59125 0.00927734375 0.02
78 0.373291015625 0.591875 0.00830078125 0.02
150 0.33935546875 0.5409375 0.0341796875 0.021875000000000002
17 0.274169921875 0.2665625 0.01416015625 0.014375
17 0.267578125 0.28125 0.017578125 0.01375
15 0.3642578125 0.3621875 0.03515625 0.019375
11 0.353759765625 0.32125 0.26806640625 0.145
1 0.3623046875 0.400625 0.3564453125 0.47250000000000003
