17 0.326171875 0.0709375 0.0146484375 0.010625
17 0.32373046875 0.085 0.0146484375 0.01
12 0.49560546875 0.065 0.068359375 0.0175
11 0.4248046875 0.1384375 0.2822265625 0.173125
149 0.423095703125 0.38125000000000003 0.02197265625 0.035
43 0.38818359375 0.4353125 0.0126953125 0.026875
81 0.3994140625 0.43593750000000003 0.0107421875 0.025625000000000002
72 0.41552734375 0.43593750000000003 0.0126953125 0.028125
80 0.427734375 0.4365625 0.0126953125 0.029375000000000002
105 0.43798828125 0.4353125 0.009765625 0.029375000000000002
75 0.449951171875 0.43593750000000003 0.01220703125 0.030625
91 0.46142578125 0.43593750000000003 0.0126953125 0.033125
18 0.42431640625 0.435625 0.0888671875 0.03625
2 0.428466796875 0.2459375 0.39892578125 0.49312500000000004
