12 0.469482421875 0.1078125 0.07763671875 0.035625000000000004
12 0.612060546875 0.10625 0.07958984375 0.0325
15 0.544921875 0.19187500000000002 0.0439453125 0.02125
11 0.542236328125 0.1521875 0.29150390625 0.149375
113 0.54931640625 0.395625 0.02734375 0.0275
43 0.51123046875 0.48125 0.0107421875 0.0275
81 0.522216796875 0.48 0.01123046875 0.025
77 0.538818359375 0.48 0.01025390625 0.025
83 0.55126953125 0.48 0.0107421875 0.025
76 0.5625 0.47875 0.0107421875 0.025
105 0.57421875 0.48031250000000003 0.0107421875 0.024375
18 0.548828125 0.4796875 0.08984375 0.035625000000000004
2 0.54150390625 0.2715625 0.4248046875 0.544375
