17 0.41943359375 0.07875 0.013671875 0.01375
17 0.434326171875 0.076875 0.01416015625 0.0125
17 0.418212890625 0.090625 0.01220703125 0.0125
17 0.43212890625 0.090625 0.0126953125 0.0125
14 0.49267578125 0.1053125 0.009765625 0.063125
11 0.4970703125 0.128125 0.21484375 0.15125
128 0.499267578125 0.2834375 0.02685546875 0.018125
43 0.47216796875 0.36562500000000003 0.0087890625 0.02
81 0.48193359375 0.3665625 0.0087890625 0.019375
85 0.49365234375 0.36625 0.0087890625 0.02
75 0.502685546875 0.3659375 0.00830078125 0.020625
71 0.520751953125 0.3646875 0.00439453125 0.019375
78 0.529296875 0.3653125 0.0078125 0.019375
105 0.511962890625 0.3653125 0.00830078125 0.019375
18 0.500732421875 0.3659375 0.06982421875 0.026875
3 0.495361328125 0.209375 0.29150390625 0.41875
