17 0.609130859375 0.1784375 0.01513671875 0.011875
17 0.608642578125 0.1896875 0.01513671875 0.009375
11 0.689697265625 0.22062500000000002 0.20556640625 0.105
197 0.69873046875 0.4096875 0.021484375 0.024375
43 0.6689453125 0.46 0.0078125 0.02125
81 0.677734375 0.46187500000000004 0.0068359375 0.02125
79 0.691650390625 0.4603125 0.00830078125 0.019375
83 0.700927734375 0.4609375 0.00927734375 0.020625
77 0.71044921875 0.4609375 0.0087890625 0.020625
102 0.719482421875 0.46 0.00927734375 0.02
18 0.698974609375 0.458125 0.07470703125 0.02375
1 0.689697265625 0.299375 0.32568359375 0.41000000000000003
