7 0.293701171875 0.1884375 0.11767578125 0.316875
111 0.618408203125 0.371875 0.02294921875 0.02875
43 0.587158203125 0.4121875 0.00732421875 0.019375
81 0.59619140625 0.4115625 0.0078125 0.019375
90 0.6103515625 0.4115625 0.0078125 0.019375
74 0.619140625 0.411875 0.0078125 0.02
71 0.62841796875 0.4115625 0.00390625 0.019375
77 0.6376953125 0.41125 0.0068359375 0.01875
78 0.64697265625 0.41125 0.0078125 0.01875
16 0.6015625 0.2109375 0.0166015625 0.038125
14 0.60986328125 0.1928125 0.0078125 0.051875000000000004
17 0.531982421875 0.1534375 0.01416015625 0.010625
17 0.550537109375 0.150625 0.01513671875 0.0075
17 0.529052734375 0.165 0.01318359375 0.01
17 0.547119140625 0.163125 0.01416015625 0.00875
17 0.52734375 0.1765625 0.0126953125 0.009375
11 0.612548828125 0.19718750000000002 0.21337890625 0.10312500000000001
1 0.60986328125 0.260625 0.294921875 0.39375
