52 0.462646484375 0.27718750000000003 0.40869140625 0.533125
54 0.461181640625 0.18 0.27197265625 0.15125
0 0.46630859375 0.4940625 0.0947265625 0.039375
55 0.42822265625 0.491875 0.0146484375 0.03125
10 0.4404296875 0.4940625 0.0126953125 0.031875
16 0.458740234375 0.4953125 0.01123046875 0.028125
16 0.4697265625 0.49343750000000003 0.009765625 0.028125
16 0.482421875 0.4953125 0.0087890625 0.028125
15 0.490966796875 0.495 0.00927734375 0.03375
20 0.503173828125 0.4946875 0.01123046875 0.026875
103 0.467529296875 0.4225 0.04443359375 0.03125
71 0.46923828125 0.1825 0.0234375 0.06375