52 0.63916015625 0.2225 0.337890625 0.40750000000000003
54 0.651611328125 0.1546875 0.22607421875 0.108125
59 0.563232421875 0.12562500000000001 0.01611328125 0.01
59 0.56103515625 0.136875 0.0146484375 0.0125
66 0.568115234375 0.18375 0.03271484375 0.025
66 0.73388671875 0.1765625 0.021484375 0.030625
0 0.673583984375 0.37 0.07275390625 0.0325
55 0.644287109375 0.37125 0.01416015625 0.03
10 0.6552734375 0.3728125 0.009765625 0.029375000000000002
14 0.666259765625 0.3703125 0.01220703125 0.028125
26 0.67578125 0.37125 0.0068359375 0.0325
19 0.68505859375 0.37125 0.009765625 0.0325
18 0.69482421875 0.37125 0.0078125 0.03
14 0.703125 0.36843750000000003 0.0107421875 0.024375
72 0.67236328125 0.324375 0.0263671875 0.03375