2 0.9814453125 0.344375 0.0361328125 0.19125
11 0.04736328125 0.05375 0.0947265625 0.1075
2 0.080322265625 0.1446875 0.16064453125 0.289375
17 0.362548828125 0.1384375 0.01318359375 0.010625
17 0.3564453125 0.14875 0.013671875 0.01125
15 0.4111328125 0.209375 0.021484375 0.01875
16 0.390625 0.208125 0.01953125 0.0225
11 0.43505859375 0.183125 0.208984375 0.1125
179 0.439697265625 0.3259375 0.01611328125 0.016875
43 0.411865234375 0.390625 0.00830078125 0.02
81 0.420654296875 0.390625 0.00927734375 0.01875
75 0.4326171875 0.3903125 0.0078125 0.019375
75 0.44189453125 0.390625 0.0087890625 0.01875
79 0.4599609375 0.390625 0.0078125 0.0175
85 0.45068359375 0.3909375 0.0087890625 0.018125
91 0.468505859375 0.390625 0.00830078125 0.01875
18 0.43994140625 0.39 0.072265625 0.03125
1 0.436767578125 0.2234375 0.28955078125 0.42812500000000003
