17 0.415771484375 0.09406250000000001 0.01806640625 0.011875
17 0.43115234375 0.095 0.013671875 0.01125
17 0.412841796875 0.1071875 0.01416015625 0.011875
17 0.430419921875 0.106875 0.01416015625 0.01
17 0.410400390625 0.12 0.01513671875 0.01375
11 0.51318359375 0.1465625 0.25390625 0.133125
117 0.522705078125 0.3621875 0.03369140625 0.043125000000000004
43 0.491943359375 0.435625 0.00830078125 0.0225
81 0.50146484375 0.4378125 0.0087890625 0.021875000000000002
79 0.51611328125 0.436875 0.0078125 0.02125
79 0.54541015625 0.4371875 0.0087890625 0.020625
79 0.5556640625 0.4353125 0.0078125 0.020625
92 0.5263671875 0.4371875 0.009765625 0.023125
105 0.535888671875 0.4365625 0.00732421875 0.020625
18 0.523193359375 0.43625 0.07861328125 0.035
2 0.509033203125 0.2509375 0.35693359375 0.501875
