11 0.584228515625 0.180625 0.29638671875 0.1575
215 0.585693359375 0.3990625 0.06591796875 0.019375
43 0.554443359375 0.4503125 0.01025390625 0.023125
81 0.564697265625 0.4503125 0.00830078125 0.024375
72 0.57763671875 0.45156250000000003 0.0107421875 0.025625000000000002
96 0.587646484375 0.451875 0.00927734375 0.02625
79 0.59716796875 0.4509375 0.009765625 0.024375
87 0.607177734375 0.45125 0.01123046875 0.02625
72 0.617919921875 0.450625 0.00830078125 0.025
18 0.5859375 0.4503125 0.0771484375 0.029375000000000002
6 0.579345703125 0.2728125 0.40087890625 0.529375
