52 0.772216796875 0.2975 0.37353515625 0.47125
54 0.763671875 0.2215625 0.2548828125 0.148125
59 0.67431640625 0.1715625 0.0205078125 0.019375
0 0.77001953125 0.4825 0.0810546875 0.03375
46 0.736083984375 0.483125 0.01318359375 0.03375
10 0.746826171875 0.483125 0.01025390625 0.0375
5 0.76025390625 0.4821875 0.01171875 0.034375
5 0.770263671875 0.481875 0.01123046875 0.0375
2 0.7802734375 0.481875 0.009765625 0.035
7 0.791015625 0.48125 0.0107421875 0.03125
2 0.802734375 0.4809375 0.0126953125 0.030625
86 0.767333984375 0.4084375 0.02587890625 0.015625