142 0.526611328125 0.171875 0.02392578125 0.03125
43 0.50048828125 0.2184375 0.0068359375 0.016875
81 0.50830078125 0.2184375 0.0068359375 0.016875
99 0.52001953125 0.2184375 0.0068359375 0.016875
73 0.528564453125 0.218125 0.00634765625 0.01625
94 0.537109375 0.218125 0.0068359375 0.01625
78 0.545166015625 0.2175 0.00634765625 0.01625
71 0.5537109375 0.2184375 0.0029296875 0.018125
18 0.52685546875 0.2178125 0.064453125 0.025625000000000002
15 0.5234375 0.0471875 0.0283203125 0.020625
11 0.52783203125 0.03625 0.2080078125 0.0725
2 0.5302734375 0.13625 0.2939453125 0.2725
113 0.146484375 0.7409375 0.029296875 0.028125
43 0.108154296875 0.790625 0.01025390625 0.02375
81 0.120849609375 0.7903125 0.01025390625 0.024375
98 0.13818359375 0.7896875 0.0107421875 0.023125
77 0.14990234375 0.7890625 0.009765625 0.024375
90 0.1630859375 0.7887500000000001 0.009765625 0.02375
72 0.175537109375 0.7890625 0.01025390625 0.024375
80 0.18798828125 0.7878125 0.009765625 0.021875000000000002
18 0.14794921875 0.7890625 0.095703125 0.035625000000000004
14 0.15771484375 0.4796875 0.0263671875 0.033125
17 0.048095703125 0.4290625 0.01611328125 0.013125
17 0.04248046875 0.44656250000000003 0.017578125 0.014375
11 0.151123046875 0.49625 0.28955078125 0.18125
2 0.177001953125 0.571875 0.35498046875 0.59375
