69 0.354736328125 0.2425 0.34326171875 0.4825
54 0.3505859375 0.1753125 0.22265625 0.139375
59 0.267822265625 0.1296875 0.01904296875 0.014375
59 0.26513671875 0.144375 0.0224609375 0.01125
71 0.348876953125 0.169375 0.01513671875 0.07875
0 0.35546875 0.4171875 0.07421875 0.028125
55 0.32470703125 0.41781250000000003 0.01171875 0.024375
10 0.335205078125 0.41875 0.00927734375 0.02375
6 0.347900390625 0.4175 0.00927734375 0.02125
8 0.357177734375 0.416875 0.00927734375 0.0225
37 0.365478515625 0.4184375 0.00830078125 0.024375
34 0.374755859375 0.41875 0.01025390625 0.02375
20 0.384765625 0.4209375 0.009765625 0.023125
58 0.35400390625 0.3590625 0.03515625 0.031875