12 0.656494140625 0.11093750000000001 0.05517578125 0.021875000000000002
12 0.761962890625 0.109375 0.05615234375 0.02125
15 0.66845703125 0.181875 0.0234375 0.0225
11 0.717041015625 0.146875 0.22314453125 0.10375000000000001
43 0.706298828125 0.39187500000000003 0.01025390625 0.0225
81 0.71484375 0.39156250000000004 0.0087890625 0.023125
78 0.728271484375 0.3928125 0.00830078125 0.025625000000000002
76 0.737548828125 0.390625 0.01025390625 0.0225
104 0.747314453125 0.390625 0.01123046875 0.025
77 0.756103515625 0.39 0.00927734375 0.02125
84 0.766845703125 0.39 0.01025390625 0.02625
18 0.73583984375 0.3909375 0.07421875 0.030625
2 0.712890625 0.2303125 0.328125 0.450625
