76 0.36865234375 0.31625000000000003 0.3359375 0.445
54 0.3671875 0.2409375 0.251953125 0.143125
59 0.28662109375 0.195625 0.021484375 0.0125
59 0.28125 0.21156250000000001 0.0166015625 0.016875
59 0.302001953125 0.21125 0.02001953125 0.01375
59 0.27978515625 0.2265625 0.0205078125 0.011875
66 0.367919921875 0.27968750000000003 0.03662109375 0.019375
74 0.409423828125 0.2840625 0.01806640625 0.014375
0 0.372802734375 0.504375 0.07763671875 0.0275
55 0.339599609375 0.5053125 0.01025390625 0.026875
10 0.351318359375 0.5059375 0.01123046875 0.026875
6 0.364013671875 0.504375 0.00927734375 0.02625
2 0.37451171875 0.5053125 0.0087890625 0.025625000000000002
8 0.384765625 0.5034375 0.0126953125 0.023125
9 0.39599609375 0.505625 0.009765625 0.0275
15 0.406005859375 0.5034375 0.01318359375 0.023125
75 0.373046875 0.446875 0.02734375 0.0225