52 0.480712890625 0.2725 0.36669921875 0.52875
54 0.488037109375 0.1965625 0.27880859375 0.155625
59 0.37744140625 0.1621875 0.0224609375 0.020625
59 0.39990234375 0.1578125 0.0224609375 0.016875
66 0.38232421875 0.2365625 0.0478515625 0.030625
0 0.482421875 0.4846875 0.0947265625 0.043125000000000004
55 0.44384765625 0.4890625 0.0146484375 0.043125000000000004
10 0.456787109375 0.48875 0.01123046875 0.035
6 0.47509765625 0.4896875 0.009765625 0.036875
6 0.486328125 0.48781250000000004 0.009765625 0.036875
4 0.49755859375 0.486875 0.0068359375 0.03875
4 0.509521484375 0.486875 0.01416015625 0.02625
8 0.521728515625 0.48875 0.01611328125 0.035
64 0.485595703125 0.4284375 0.03076171875 0.036875