3 0.728515625 0.2475 0.3046875 0.4975
11 0.731689453125 0.1921875 0.20751953125 0.11937500000000001
17 0.64453125 0.198125 0.009765625 0.0125
17 0.647705078125 0.184375 0.01513671875 0.0125
17 0.6484375 0.17 0.01171875 0.01375
17 0.6513671875 0.1571875 0.0107421875 0.010625
17 0.666748046875 0.15625 0.01318359375 0.01375
14 0.72998046875 0.1865625 0.0107421875 0.046875
18 0.73583984375 0.45 0.0703125 0.02625
142 0.736328125 0.324375 0.0166015625 0.02125
43 0.707763671875 0.449375 0.00927734375 0.025
81 0.716552734375 0.4496875 0.00830078125 0.024375
78 0.72900390625 0.4503125 0.009765625 0.023125
85 0.73828125 0.449375 0.009765625 0.02375
92 0.74755859375 0.45 0.0087890625 0.0225
73 0.75634765625 0.44906250000000003 0.0087890625 0.020625
78 0.76611328125 0.44906250000000003 0.0087890625 0.020625
3 0.487060546875 0.7346875 0.38330078125 0.45437500000000003
17 0.357421875 0.8871875 0.017578125 0.018125
17 0.35498046875 0.9121875 0.01953125 0.018125
17 0.3798828125 0.8725 0.01953125 0.01625
