53 0.6240579710144928 0.28046482412060303 0.40289855072463765 0.45791457286432163
54 0.623768115942029 0.21545226130653267 0.2771014492753623 0.13693467336683418
59 0.5165217391304348 0.1934673366834171 0.025507246376811593 0.011306532663316583
59 0.5147826086956522 0.20948492462311558 0.02434782608695652 0.014447236180904523
0 0.6278260869565218 0.47141959798994976 0.0927536231884058 0.03077889447236181
55 0.5892753623188406 0.47204773869346733 0.01217391304347826 0.029522613065326633
10 0.6023188405797101 0.4729899497487437 0.016231884057971015 0.02763819095477387
36 0.618840579710145 0.47330402010050254 0.01217391304347826 0.029522613065326633
6 0.6313043478260869 0.4726758793969849 0.013913043478260868 0.02701005025125628
9 0.643768115942029 0.4729899497487437 0.011014492753623189 0.031407035175879394
26 0.6539130434782608 0.4723618090452261 0.00927536231884058 0.031407035175879394
26 0.6660869565217391 0.47141959798994976 0.012753623188405797 0.029522613065326633
64 0.6284057971014493 0.41928391959798994 0.03246376811594203 0.03077889447236181