17 0.331298828125 0.084375 0.01123046875 0.01
17 0.31982421875 0.1 0.013671875 0.0125
17 0.334716796875 0.09875 0.01318359375 0.01375
17 0.317138671875 0.1165625 0.01123046875 0.016875
17 0.333984375 0.11375 0.0146484375 0.01375
14 0.44482421875 0.1178125 0.021484375 0.07062500000000001
11 0.449951171875 0.144375 0.30419921875 0.15125
203 0.450927734375 0.258125 0.08154296875 0.025
43 0.4208984375 0.406875 0.0087890625 0.02125
81 0.4306640625 0.40718750000000004 0.0078125 0.020625
82 0.44384765625 0.406875 0.0087890625 0.02
72 0.4541015625 0.40718750000000004 0.0078125 0.020625
75 0.464111328125 0.4065625 0.00732421875 0.020625
96 0.472900390625 0.40718750000000004 0.00830078125 0.018125
75 0.48291015625 0.4065625 0.0107421875 0.019375
18 0.451904296875 0.40718750000000004 0.07470703125 0.029375000000000002
6 0.447021484375 0.2396875 0.42431640625 0.480625
