17 0.616455078125 0.205625 0.01416015625 0.0125
17 0.629638671875 0.2025 0.01220703125 0.01
17 0.62890625 0.2159375 0.0146484375 0.011875
17 0.614990234375 0.2165625 0.01220703125 0.009375
17 0.6201171875 0.2253125 0.013671875 0.010625
11 0.694580078125 0.250625 0.22802734375 0.1225
125 0.705078125 0.425 0.02734375 0.0375
43 0.674072265625 0.47375 0.00927734375 0.02
81 0.683349609375 0.4746875 0.00927734375 0.021875000000000002
86 0.725830078125 0.4734375 0.00927734375 0.020625
74 0.706787109375 0.474375 0.00830078125 0.02125
75 0.716796875 0.4734375 0.0078125 0.020625
79 0.7353515625 0.474375 0.0078125 0.02
99 0.69677734375 0.47500000000000003 0.0087890625 0.02125
18 0.7041015625 0.474375 0.0751953125 0.03
1 0.6923828125 0.325 0.3173828125 0.42
