52 0.4404296875 0.28750000000000003 0.3291015625 0.41375
54 0.445068359375 0.22 0.23583984375 0.12
59 0.36376953125 0.18031250000000001 0.0166015625 0.011875
59 0.36279296875 0.1953125 0.01953125 0.015625
59 0.380859375 0.1934375 0.0224609375 0.013125
0 0.460205078125 0.4428125 0.07763671875 0.033125
55 0.42822265625 0.44375000000000003 0.0107421875 0.02875
10 0.4375 0.44375000000000003 0.0078125 0.03
32 0.451171875 0.4428125 0.009765625 0.026875
11 0.4599609375 0.4415625 0.0068359375 0.029375000000000002
6 0.468994140625 0.4434375 0.00830078125 0.030625
21 0.47900390625 0.44375000000000003 0.009765625 0.0275
26 0.49072265625 0.4428125 0.0087890625 0.026875
72 0.45947265625 0.395625 0.0322265625 0.03625