112 0.201171875 0.32 0.0322265625 0.0275
2 0.218505859375 0.22625 0.34130859375 0.45125
18 0.20166015625 0.39625 0.068359375 0.02625
11 0.21875 0.1290625 0.2177734375 0.113125
17 0.13818359375 0.093125 0.013671875 0.01
17 0.134033203125 0.1053125 0.01025390625 0.011875
14 0.223388671875 0.1265625 0.01123046875 0.056875
43 0.1728515625 0.3971875 0.0087890625 0.020625
81 0.181396484375 0.3965625 0.00830078125 0.021875000000000002
71 0.194091796875 0.3965625 0.00732421875 0.021875000000000002
96 0.203125 0.3959375 0.0087890625 0.023125
98 0.212646484375 0.3953125 0.00830078125 0.021875000000000002
80 0.2216796875 0.3953125 0.009765625 0.021875000000000002
79 0.23193359375 0.3965625 0.0078125 0.021875000000000002
