17 0.2548828125 0.21625 0.0146484375 0.0125
17 0.23681640625 0.225 0.0126953125 0.01125
14 0.333740234375 0.26687500000000003 0.01220703125 0.0425
16 0.333251953125 0.30375 0.01806640625 0.02875
15 0.2412109375 0.309375 0.029296875 0.02125
11 0.33447265625 0.2628125 0.244140625 0.123125
178 0.321533203125 0.4840625 0.01416015625 0.021875000000000002
43 0.2890625 0.5165625 0.0107421875 0.023125
81 0.29833984375 0.5165625 0.0087890625 0.021875000000000002
78 0.314453125 0.5175 0.01171875 0.0225
73 0.33447265625 0.516875 0.0087890625 0.0225
91 0.34423828125 0.5153125000000001 0.0087890625 0.023125
79 0.35546875 0.5165625 0.0087890625 0.023125
18 0.321533203125 0.515625 0.08056640625 0.02875
2 0.33642578125 0.34625 0.3662109375 0.495
