17 0.1474609375 0.1840625 0.0126953125 0.013125
17 0.162841796875 0.1846875 0.01611328125 0.015625
17 0.146728515625 0.199375 0.01220703125 0.01375
17 0.16064453125 0.19843750000000002 0.015625 0.015625
17 0.14501953125 0.2146875 0.015625 0.016875
14 0.2451171875 0.21625 0.0126953125 0.04875
15 0.218994140625 0.2809375 0.02001953125 0.024375
15 0.19970703125 0.28500000000000003 0.0205078125 0.01625
16 0.248046875 0.2721875 0.0146484375 0.021875000000000002
11 0.247314453125 0.2396875 0.26123046875 0.153125
113 0.254638671875 0.434375 0.02392578125 0.025
43 0.22216796875 0.5175 0.009765625 0.02125
81 0.23291015625 0.5184375 0.0087890625 0.023125
85 0.24755859375 0.5178125 0.0107421875 0.023125
76 0.258544921875 0.5184375 0.01123046875 0.023125
71 0.279541015625 0.5165625 0.00732421875 0.020625
73 0.28955078125 0.5165625 0.009765625 0.021875000000000002
92 0.268798828125 0.5171875 0.01025390625 0.023125
18 0.256103515625 0.51875 0.08837890625 0.03875
2 0.248046875 0.29 0.369140625 0.5575
