17 0.466064453125 0.23750000000000002 0.01318359375 0.00625
17 0.46142578125 0.246875 0.0146484375 0.01
11 0.5556640625 0.2703125 0.234375 0.131875
127 0.556640625 0.480625 0.0283203125 0.03125
43 0.523193359375 0.540625 0.01025390625 0.0225
81 0.532958984375 0.5425 0.00927734375 0.02125
76 0.547119140625 0.5415625000000001 0.00927734375 0.020625
79 0.557861328125 0.5415625000000001 0.00927734375 0.020625
79 0.589599609375 0.5409375 0.00927734375 0.021875000000000002
81 0.56884765625 0.5421875 0.009765625 0.021875000000000002
102 0.5791015625 0.541875 0.0087890625 0.02125
1 0.556396484375 0.3646875 0.35302734375 0.483125
18 0.555419921875 0.5409375 0.08056640625 0.028125
