1 0.61083984375 0.33375 0.3056640625 0.4525
149 0.61328125 0.47000000000000003 0.015625 0.02875
18 0.61328125 0.513125 0.0771484375 0.0325
11 0.609375 0.26937500000000003 0.22265625 0.11875000000000001
14 0.608642578125 0.2734375 0.01513671875 0.059375000000000004
43 0.581787109375 0.511875 0.01123046875 0.02625
81 0.59228515625 0.511875 0.009765625 0.02625
93 0.62548828125 0.5128125 0.009765625 0.024375
84 0.635009765625 0.51125 0.01123046875 0.025
79 0.605224609375 0.51125 0.01025390625 0.0275
73 0.615966796875 0.51125 0.00927734375 0.025
71 0.6455078125 0.513125 0.0078125 0.02875
