150 0.484375 0.426875 0.033203125 0.02
36 0.448486328125 0.47781250000000003 0.01025390625 0.023125
90 0.460205078125 0.476875 0.00830078125 0.0225
85 0.475830078125 0.476875 0.01025390625 0.0225
78 0.487060546875 0.4765625 0.00927734375 0.021875000000000002
80 0.498291015625 0.4759375 0.00927734375 0.021875000000000002
74 0.509765625 0.47625 0.0087890625 0.0225
76 0.520751953125 0.4759375 0.00927734375 0.023125
18 0.484619140625 0.476875 0.08642578125 0.0325
14 0.48876953125 0.2015625 0.0068359375 0.064375
14 0.49658203125 0.19968750000000002 0.01171875 0.061875
17 0.397705078125 0.14875 0.01611328125 0.0125
17 0.39501953125 0.1615625 0.017578125 0.013125
11 0.486083984375 0.205625 0.26416015625 0.15375
1 0.488037109375 0.2878125 0.36279296875 0.481875
