14 0.08154296875 0.2171875 0.015625 0.069375
11 0.106689453125 0.2234375 0.21435546875 0.146875
111 0.05517578125 0.4796875 0.02734375 0.038125
43 0.0166015625 0.5428125 0.015625 0.028125
81 0.029541015625 0.5425 0.01318359375 0.0275
80 0.046630859375 0.5421875 0.01318359375 0.028125
80 0.0712890625 0.5425 0.01171875 0.02875
80 0.08349609375 0.5421875 0.01171875 0.028125
73 0.058837890625 0.5428125 0.01123046875 0.030625
76 0.095703125 0.543125 0.0146484375 0.03
18 0.056396484375 0.5390625 0.10009765625 0.039375
2 0.146484375 0.3021875 0.294921875 0.601875
