52 0.40283203125 0.2728125 0.3037109375 0.418125
54 0.401611328125 0.2084375 0.21630859375 0.124375
59 0.320556640625 0.1928125 0.02001953125 0.011875
59 0.318359375 0.209375 0.0185546875 0.0125
66 0.360107421875 0.2390625 0.03076171875 0.038125
0 0.40625 0.4390625 0.072265625 0.031875
55 0.3759765625 0.4390625 0.01171875 0.031875
10 0.385986328125 0.4396875 0.01025390625 0.029375000000000002
7 0.398681640625 0.4378125 0.00830078125 0.029375000000000002
8 0.40771484375 0.438125 0.009765625 0.0275
37 0.417236328125 0.43875000000000003 0.01123046875 0.0275
28 0.426513671875 0.4390625 0.00732421875 0.028125
8 0.435546875 0.4390625 0.0107421875 0.028125
64 0.406494140625 0.38906250000000003 0.02294921875 0.024375