17 0.602783203125 0.17500000000000002 0.01513671875 0.0125
17 0.6015625 0.1865625 0.0185546875 0.010625
11 0.700927734375 0.20875 0.25634765625 0.1225
159 0.71923828125 0.4434375 0.0263671875 0.033125
43 0.684814453125 0.4996875 0.01025390625 0.025625000000000002
91 0.695556640625 0.4990625 0.01123046875 0.023125
74 0.71142578125 0.498125 0.009765625 0.02625
96 0.7236328125 0.4975 0.0107421875 0.025
79 0.735107421875 0.4978125 0.00927734375 0.024375
73 0.74658203125 0.4971875 0.0107421875 0.024375
79 0.75830078125 0.4953125 0.009765625 0.021875000000000002
18 0.72021484375 0.496875 0.0869140625 0.03125
1 0.697998046875 0.2878125 0.38037109375 0.49062500000000003
