53 0.39990234375 0.2528125 0.419921875 0.499375
54 0.392578125 0.154375 0.2880859375 0.17625
59 0.293212890625 0.0865625 0.02001953125 0.019375
59 0.31298828125 0.0853125 0.0166015625 0.013125
73 0.45849609375 0.0846875 0.0732421875 0.020625
0 0.39404296875 0.4615625 0.087890625 0.030625
55 0.35595703125 0.46125 0.009765625 0.02625
10 0.36669921875 0.4625 0.0107421875 0.0275
6 0.38330078125 0.46218750000000003 0.0107421875 0.028125
15 0.392822265625 0.4625 0.00732421875 0.03
30 0.405517578125 0.4625 0.01318359375 0.0275
2 0.417236328125 0.46187500000000004 0.00927734375 0.0275
98 0.428955078125 0.46187500000000004 0.01025390625 0.02625
84 0.3916015625 0.369375 0.05078125 0.02125