125 0.381591796875 0.414375 0.03076171875 0.03875
43 0.349365234375 0.4703125 0.00830078125 0.019375
81 0.359375 0.4703125 0.0068359375 0.019375
104 0.373291015625 0.4709375 0.00732421875 0.019375
78 0.383544921875 0.4709375 0.00732421875 0.018125
81 0.3935546875 0.4703125 0.0078125 0.019375
74 0.403564453125 0.47000000000000003 0.00732421875 0.01875
71 0.41357421875 0.470625 0.0029296875 0.02
18 0.3818359375 0.4690625 0.076171875 0.026875
15 0.4638671875 0.2609375 0.025390625 0.024375
14 0.381591796875 0.2096875 0.01123046875 0.028125
17 0.295166015625 0.1871875 0.01123046875 0.011875
17 0.29296875 0.19843750000000002 0.0126953125 0.008125
17 0.307861328125 0.186875 0.01123046875 0.01125
11 0.37939453125 0.2325 0.244140625 0.12375
1 0.380859375 0.3034375 0.3271484375 0.42562500000000003
