17 0.34375 0.214375 0.0146484375 0.01375
17 0.359375 0.20375000000000001 0.015625 0.015
17 0.341064453125 0.2265625 0.01708984375 0.011875
17 0.338134765625 0.2378125 0.01611328125 0.011875
17 0.33447265625 0.2509375 0.013671875 0.011875
11 0.433837890625 0.2490625 0.24755859375 0.130625
125 0.438720703125 0.429375 0.03662109375 0.0425
43 0.407958984375 0.489375 0.01025390625 0.02125
81 0.418212890625 0.4896875 0.00830078125 0.018125
80 0.47314453125 0.4875 0.0087890625 0.02
73 0.44287109375 0.48875 0.009765625 0.02
71 0.45263671875 0.48781250000000004 0.0048828125 0.020625
74 0.463134765625 0.48781250000000004 0.00927734375 0.020625
104 0.43212890625 0.48781250000000004 0.0087890625 0.020625
18 0.440185546875 0.4871875 0.08056640625 0.031875
1 0.434326171875 0.295625 0.33544921875 0.5125
