115 0.42822265625 0.4015625 0.0595703125 0.025625000000000002
43 0.391845703125 0.45156250000000003 0.01025390625 0.020625
81 0.403564453125 0.4528125 0.01025390625 0.021875000000000002
87 0.420166015625 0.45156250000000003 0.00927734375 0.021875000000000002
71 0.431640625 0.4521875 0.0029296875 0.023125
86 0.443115234375 0.45125 0.01025390625 0.02125
77 0.45458984375 0.4509375 0.009765625 0.021875000000000002
77 0.466064453125 0.45125 0.00830078125 0.0225
18 0.428466796875 0.45 0.08740234375 0.0275
15 0.35595703125 0.18156250000000002 0.037109375 0.018125
17 0.31982421875 0.10625 0.01171875 0.0075
17 0.31787109375 0.123125 0.0126953125 0.0125
12 0.496337890625 0.09406250000000001 0.06787109375 0.025625000000000002
11 0.43017578125 0.141875 0.2900390625 0.145
2 0.43212890625 0.2575 0.3916015625 0.515
