125 0.26611328125 0.4790625 0.0390625 0.044375
43 0.22705078125 0.5434375 0.009765625 0.021875000000000002
81 0.2392578125 0.5440625 0.0087890625 0.021875000000000002
104 0.255859375 0.5440625 0.009765625 0.021875000000000002
71 0.268310546875 0.5440625 0.00537109375 0.021875000000000002
72 0.280029296875 0.544375 0.01220703125 0.02125
75 0.29296875 0.5440625 0.009765625 0.021875000000000002
72 0.304931640625 0.5434375 0.01123046875 0.020625
18 0.26611328125 0.5440625 0.0947265625 0.034375
17 0.20654296875 0.1965625 0.009765625 0.014375
11 0.27783203125 0.2521875 0.294921875 0.151875
1 0.28564453125 0.33875 0.384765625 0.52375
