43 0.47705078125 0.42812500000000003 0.0107421875 0.0225
81 0.488525390625 0.42812500000000003 0.01025390625 0.02125
75 0.50439453125 0.4271875 0.009765625 0.023125
78 0.51611328125 0.4278125 0.009765625 0.021875000000000002
100 0.527099609375 0.4271875 0.00830078125 0.020625
93 0.538330078125 0.42812500000000003 0.01025390625 0.0225
80 0.5498046875 0.42625 0.009765625 0.02125
18 0.513427734375 0.4278125 0.08642578125 0.034375
113 0.513427734375 0.3721875 0.03076171875 0.031875
16 0.508544921875 0.180625 0.02783203125 0.0175
17 0.4150390625 0.11 0.013671875 0.01
11 0.509765625 0.1559375 0.26171875 0.15812500000000002
2 0.510498046875 0.2421875 0.36669921875 0.484375
