12 0.34375 0.15125 0.07421875 0.02375
11 0.4072265625 0.2121875 0.267578125 0.155625
149 0.39892578125 0.44 0.021484375 0.02625
43 0.362548828125 0.5140625 0.01025390625 0.026875
81 0.374755859375 0.5146875 0.01123046875 0.025625000000000002
79 0.390380859375 0.51375 0.01123046875 0.0225
101 0.414306640625 0.514375 0.01025390625 0.02625
92 0.4267578125 0.51375 0.01171875 0.02375
75 0.438720703125 0.513125 0.01025390625 0.0225
18 0.39990234375 0.514375 0.091796875 0.035
1 0.40283203125 0.304375 0.4033203125 0.54
