17 0.42822265625 0.2096875 0.01171875 0.010625
17 0.442626953125 0.2090625 0.01611328125 0.011875
17 0.427001953125 0.224375 0.01416015625 0.0125
17 0.44189453125 0.22312500000000002 0.0166015625 0.01375
11 0.494873046875 0.251875 0.22509765625 0.10625
111 0.494384765625 0.4484375 0.02294921875 0.028125
43 0.46337890625 0.49562500000000004 0.009765625 0.02375
81 0.47314453125 0.495 0.009765625 0.02375
75 0.487060546875 0.4946875 0.01123046875 0.025625000000000002
75 0.527587890625 0.4953125 0.01025390625 0.023125
80 0.497314453125 0.494375 0.01123046875 0.025
73 0.517333984375 0.4946875 0.00927734375 0.024375
98 0.507568359375 0.49375 0.01025390625 0.02625
18 0.495361328125 0.494375 0.07958984375 0.03125
1 0.49560546875 0.3234375 0.3125 0.424375
