17 0.4189453125 0.1540625 0.0126953125 0.010625
17 0.41748046875 0.1678125 0.013671875 0.013125
17 0.497314453125 0.1821875 0.23095703125 0.11812500000000001
144 0.49755859375 0.3775 0.0400390625 0.02375
144 0.465087890625 0.44 0.01025390625 0.025
85 0.474853515625 0.4396875 0.01025390625 0.024375
81 0.489501953125 0.4396875 0.00927734375 0.023125
77 0.5 0.43875000000000003 0.0107421875 0.0225
71 0.50927734375 0.4396875 0.0078125 0.025625000000000002
80 0.518798828125 0.439375 0.01025390625 0.02375
104 0.52880859375 0.43843750000000004 0.009765625 0.025625000000000002
18 0.497314453125 0.438125 0.07763671875 0.03
1 0.50048828125 0.25625 0.33984375 0.44375000000000003
