7 0.314453125 0.41531250000000003 0.1259765625 0.380625
43 0.805908203125 0.4525 0.00732421875 0.02
81 0.815185546875 0.4525 0.00732421875 0.02
94 0.828369140625 0.451875 0.00732421875 0.02
84 0.837646484375 0.4521875 0.00732421875 0.018125
73 0.847412109375 0.4521875 0.00732421875 0.018125
74 0.856689453125 0.4521875 0.00732421875 0.019375
75 0.86669921875 0.4525 0.0068359375 0.01875
18 0.83642578125 0.4521875 0.072265625 0.029375000000000002
159 0.83740234375 0.40875 0.021484375 0.02625
14 0.8154296875 0.234375 0.0048828125 0.0225
11 0.8193359375 0.2253125 0.22265625 0.124375
2 0.810791015625 0.2834375 0.31689453125 0.419375
