52 0.5458984375 0.2884375 0.3408203125 0.539375
54 0.548095703125 0.246875 0.22998046875 0.15
59 0.4609375 0.19 0.017578125 0.01125
59 0.4599609375 0.201875 0.017578125 0.01125
59 0.479248046875 0.18937500000000002 0.01611328125 0.01125
71 0.54150390625 0.2328125 0.0068359375 0.063125
74 0.622802734375 0.2765625 0.01513671875 0.038125
0 0.553466796875 0.4903125 0.07861328125 0.031875
55 0.52099609375 0.4903125 0.0126953125 0.030625
10 0.532470703125 0.49 0.01123046875 0.03125
20 0.54443359375 0.489375 0.009765625 0.03
14 0.5556640625 0.49 0.0107421875 0.03
5 0.56689453125 0.4903125 0.01171875 0.036875
34 0.576904296875 0.4903125 0.00732421875 0.036875
26 0.586181640625 0.4896875 0.00830078125 0.031875
93 0.55517578125 0.4259375 0.041015625 0.029375000000000002