17 0.5859375 0.1475 0.009765625 0.01
17 0.58203125 0.160625 0.013671875 0.01
14 0.667236328125 0.1928125 0.01318359375 0.030625
16 0.671142578125 0.2178125 0.01611328125 0.013125
16 0.62109375 0.2209375 0.02734375 0.020625
117 0.675048828125 0.3959375 0.03076171875 0.045625
43 0.642822265625 0.4446875 0.00927734375 0.023125
81 0.651611328125 0.445625 0.00830078125 0.02125
72 0.66552734375 0.4459375 0.0087890625 0.020625
96 0.676025390625 0.445 0.00927734375 0.02125
73 0.68701171875 0.4453125 0.0087890625 0.021875000000000002
85 0.69677734375 0.4453125 0.009765625 0.021875000000000002
79 0.70703125 0.445 0.0078125 0.02
18 0.674560546875 0.445 0.07666015625 0.02875
2 0.67138671875 0.265 0.3330078125 0.45375
