52 0.5335633626097867 0.2958280657395702 0.404642409033877 0.4576485461441214
54 0.53168130489335 0.2297724399494311 0.28419071518193223 0.13590391908975982
59 0.4447929736511919 0.18426042983565108 0.021329987452948555 0.012010113780025285
59 0.4375784190715182 0.19627054361567636 0.023212045169385194 0.012010113780025285
66 0.48745294855708904 0.27623261694058154 0.05646173149309912 0.025284450063211127
71 0.5338770388958595 0.2281921618204804 0.01756587202007528 0.05562579013906448
0 0.5429736511919698 0.4699747155499368 0.09723964868255959 0.03097345132743363
55 0.4996863237139272 0.4699747155499368 0.015683814303638643 0.03097345132743363
10 0.5153701380175658 0.47092288242730723 0.01317440401505646 0.03160556257901391
18 0.5310539523212044 0.47187104930467766 0.01317440401505646 0.03350189633375474
16 0.5432873274780426 0.46902654867256643 0.011292346298619823 0.030341340075853353
16 0.5548933500627352 0.4696586599241467 0.01317440401505646 0.029077117572692796
37 0.5674404015056461 0.4699747155499368 0.011919698870765369 0.03097345132743363
8 0.5812421580928482 0.4706068268015171 0.015683814303638643 0.02465233881163085
64 0.5410915934755333 0.40897597977244 0.04077791718946047 0.029077117572692796