52 0.702392578125 0.31875000000000003 0.34228515625 0.4375
54 0.7109375 0.24406250000000002 0.2412109375 0.131875
59 0.638671875 0.21875 0.013671875 0.01625
59 0.6484375 0.20125 0.013671875 0.01375
59 0.665771484375 0.203125 0.01220703125 0.0225
0 0.717529296875 0.4684375 0.07373046875 0.035625000000000004
55 0.68603515625 0.4675 0.0107421875 0.035
10 0.695068359375 0.46625 0.01025390625 0.03375
39 0.708740234375 0.466875 0.00927734375 0.035
14 0.718994140625 0.466875 0.00830078125 0.035
13 0.728271484375 0.4684375 0.00830078125 0.036875
6 0.738525390625 0.4684375 0.00830078125 0.024375
6 0.74951171875 0.464375 0.0068359375 0.025
63 0.72119140625 0.41250000000000003 0.0419921875 0.05