7 0.2197265625 0.11125 0.087890625 0.2225
3 0.599609375 0.21625 0.3251953125 0.43125
11 0.596435546875 0.1509375 0.23291015625 0.143125
17 0.4990234375 0.1171875 0.0107421875 0.014375
17 0.502685546875 0.10375000000000001 0.01123046875 0.01125
149 0.595703125 0.3209375 0.013671875 0.028125
18 0.59619140625 0.3821875 0.0703125 0.029375000000000002
43 0.5673828125 0.381875 0.009765625 0.02375
81 0.576904296875 0.3821875 0.00830078125 0.023125
72 0.589599609375 0.3815625 0.01025390625 0.021875000000000002
79 0.59814453125 0.381875 0.0087890625 0.02375
99 0.607421875 0.3803125 0.009765625 0.023125
87 0.61669921875 0.3803125 0.0078125 0.020625
78 0.626708984375 0.379375 0.00830078125 0.02125
