50 0.09814453125 0.15687500000000001 0.1298828125 0.31
52 0.533447265625 0.280625 0.35400390625 0.5
54 0.532958984375 0.245625 0.27001953125 0.14
59 0.44873046875 0.2146875 0.017578125 0.016875
59 0.4765625 0.2040625 0.0166015625 0.018125
0 0.539306640625 0.491875 0.08447265625 0.035
55 0.504150390625 0.49343750000000003 0.01220703125 0.031875
10 0.515625 0.495 0.0107421875 0.0325
39 0.53076171875 0.49562500000000004 0.0087890625 0.03125
11 0.54150390625 0.494375 0.009765625 0.03375
15 0.550048828125 0.495 0.01025390625 0.0325
20 0.560546875 0.4928125 0.0068359375 0.028125
7 0.572021484375 0.49562500000000004 0.01220703125 0.03125
63 0.53955078125 0.434375 0.0439453125 0.06