113 0.4697265625 0.451875 0.0224609375 0.02625
43 0.437744140625 0.50625 0.00830078125 0.01875
81 0.447998046875 0.506875 0.00830078125 0.02125
88 0.46240234375 0.5071875 0.009765625 0.021875000000000002
83 0.472900390625 0.5078125 0.00927734375 0.020625
76 0.482666015625 0.5075000000000001 0.00830078125 0.02
79 0.492919921875 0.506875 0.00732421875 0.02
78 0.5029296875 0.5071875 0.0078125 0.020625
18 0.47021484375 0.506875 0.078125 0.03125
11 0.471435546875 0.2459375 0.23876953125 0.129375
1 0.475830078125 0.32875 0.34423828125 0.45
