1 0.3515625 0.28250000000000003 0.33203125 0.47750000000000004
125 0.34375 0.38 0.03125 0.0375
18 0.3427734375 0.43093750000000003 0.0771484375 0.030625
43 0.3115234375 0.43 0.009765625 0.02625
81 0.321533203125 0.43093750000000003 0.00830078125 0.028125
75 0.3349609375 0.4303125 0.0107421875 0.029375000000000002
98 0.346435546875 0.43093750000000003 0.00927734375 0.024375
78 0.356201171875 0.43 0.00732421875 0.02625
85 0.36572265625 0.43093750000000003 0.009765625 0.028125
80 0.37646484375 0.43 0.009765625 0.02625
11 0.35009765625 0.204375 0.220703125 0.12
17 0.272705078125 0.15937500000000002 0.01513671875 0.01125
17 0.288330078125 0.1603125 0.01611328125 0.013125
