53 0.256591796875 0.289375 0.33837890625 0.49
54 0.254638671875 0.2278125 0.24072265625 0.140625
59 0.1767578125 0.183125 0.0185546875 0.01375
59 0.175048828125 0.196875 0.02001953125 0.01375
74 0.198974609375 0.264375 0.04443359375 0.03625
74 0.2412109375 0.2659375 0.0107421875 0.025625000000000002
74 0.25244140625 0.261875 0.009765625 0.02
74 0.27197265625 0.261875 0.0185546875 0.0375
0 0.2392578125 0.479375 0.076171875 0.03375
55 0.206298828125 0.47781250000000003 0.01318359375 0.030625
10 0.2158203125 0.4784375 0.0107421875 0.035625000000000004
21 0.229736328125 0.4784375 0.01220703125 0.025625000000000002
15 0.23974609375 0.479375 0.0078125 0.03125
5 0.249755859375 0.4784375 0.00634765625 0.029375000000000002
8 0.259033203125 0.47875 0.00927734375 0.0325
16 0.269775390625 0.479375 0.01220703125 0.03375
89 0.23779296875 0.421875 0.0361328125 0.03625