17 0.581298828125 0.18375 0.01611328125 0.00875
17 0.598388671875 0.1834375 0.01611328125 0.013125
11 0.669189453125 0.2321875 0.25732421875 0.136875
150 0.6748046875 0.4415625 0.03515625 0.024375
43 0.642333984375 0.4946875 0.01025390625 0.023125
81 0.65283203125 0.4953125 0.009765625 0.023125
85 0.6669921875 0.495 0.009765625 0.02375
73 0.677490234375 0.4946875 0.00927734375 0.021875000000000002
75 0.6875 0.4946875 0.0087890625 0.021875000000000002
77 0.7080078125 0.4953125 0.0087890625 0.023125
93 0.69775390625 0.495 0.0087890625 0.0225
18 0.675048828125 0.49593750000000003 0.08056640625 0.031875
1 0.67138671875 0.3184375 0.353515625 0.496875
