17 0.389892578125 0.2121875 0.01220703125 0.011875
17 0.404296875 0.2125 0.013671875 0.01375
17 0.388427734375 0.225 0.01318359375 0.01125
11 0.47509765625 0.2578125 0.2421875 0.115625
125 0.465576171875 0.443125 0.03662109375 0.04
43 0.432861328125 0.4990625 0.00927734375 0.023125
81 0.443603515625 0.5003125 0.00927734375 0.023125
104 0.45751953125 0.499375 0.009765625 0.02375
84 0.477783203125 0.5 0.00927734375 0.02375
18 0.4658203125 0.49875 0.0810546875 0.03
1 0.474365234375 0.326875 0.33349609375 0.43125
