2 0.4814453125 0.3275 0.306640625 0.5
149 0.4775390625 0.4190625 0.017578125 0.025625000000000002
18 0.47900390625 0.519375 0.0791015625 0.03125
11 0.48095703125 0.24281250000000001 0.2490234375 0.145625
17 0.39111328125 0.1859375 0.0146484375 0.011875
17 0.38916015625 0.19843750000000002 0.013671875 0.008125
17 0.387451171875 0.2103125 0.01220703125 0.011875
43 0.4462890625 0.5203125 0.01171875 0.028125
81 0.457275390625 0.5203125 0.01025390625 0.025625000000000002
87 0.470947265625 0.5196875 0.01220703125 0.026875
100 0.491455078125 0.5190625 0.00927734375 0.023125
79 0.48095703125 0.5190625 0.009765625 0.025625000000000002
78 0.50146484375 0.5196875 0.0087890625 0.029375000000000002
76 0.512451171875 0.5190625 0.00927734375 0.023125
