2 0.21875 0.28 0.4296875 0.5575
11 0.219970703125 0.1478125 0.27392578125 0.149375
115 0.1943359375 0.4159375 0.0595703125 0.028125
18 0.1943359375 0.46125 0.091796875 0.04125
43 0.156494140625 0.4603125 0.01318359375 0.035625000000000004
81 0.1689453125 0.4603125 0.01171875 0.031875
78 0.185791015625 0.4603125 0.01318359375 0.031875
76 0.197998046875 0.46125 0.01123046875 0.02625
73 0.210205078125 0.46125 0.01025390625 0.03
79 0.22119140625 0.46125 0.01171875 0.03
72 0.233642578125 0.46125 0.01025390625 0.03
14 0.22412109375 0.144375 0.017578125 0.075
