17 0.16796875 0.14125000000000001 0.0126953125 0.01125
14 0.232666015625 0.1715625 0.00830078125 0.054375
15 0.201171875 0.2184375 0.03125 0.019375
16 0.155029296875 0.20750000000000002 0.00732421875 0.015
16 0.166015625 0.2090625 0.0078125 0.013125
16 0.1796875 0.201875 0.0087890625 0.02375
16 0.20458984375 0.20375000000000001 0.0068359375 0.0075
11 0.238037109375 0.176875 0.20458984375 0.13
113 0.240478515625 0.335625 0.02001953125 0.02
43 0.214111328125 0.3909375 0.00927734375 0.020625
91 0.22216796875 0.3903125 0.0087890625 0.020625
72 0.235595703125 0.390625 0.00830078125 0.02125
91 0.244384765625 0.3903125 0.00927734375 0.021875000000000002
77 0.2529296875 0.3903125 0.0087890625 0.021875000000000002
75 0.26171875 0.3903125 0.009765625 0.021875000000000002
72 0.27099609375 0.390625 0.0078125 0.0225
18 0.241943359375 0.3896875 0.06884765625 0.024375
1 0.234375 0.2303125 0.29296875 0.403125
