53 0.450927734375 0.2721875 0.37744140625 0.498125
54 0.453125 0.1865625 0.2607421875 0.136875
59 0.35546875 0.139375 0.0224609375 0.015
59 0.34814453125 0.1625 0.021484375 0.02375
0 0.46435546875 0.4409375 0.0830078125 0.035625000000000004
55 0.4296875 0.4415625 0.013671875 0.034375
10 0.4443359375 0.4409375 0.0107421875 0.035625000000000004
15 0.4580078125 0.439375 0.0107421875 0.0325
11 0.46728515625 0.441875 0.0107421875 0.0375
14 0.477294921875 0.44 0.00927734375 0.0375
35 0.4873046875 0.43843750000000004 0.013671875 0.030625
8 0.49853515625 0.4415625 0.0068359375 0.030625
65 0.510009765625 0.38625 0.01611328125 0.01875