17 0.36865234375 0.1415625 0.0146484375 0.014375
17 0.364013671875 0.169375 0.01611328125 0.01375
11 0.456787109375 0.19718750000000002 0.27294921875 0.146875
125 0.44775390625 0.408125 0.0341796875 0.043750000000000004
43 0.4130859375 0.4653125 0.0107421875 0.024375
81 0.4248046875 0.465625 0.009765625 0.02375
104 0.440185546875 0.465 0.01025390625 0.02375
98 0.462158203125 0.465 0.01025390625 0.0225
71 0.451171875 0.465625 0.0068359375 0.02375
77 0.474365234375 0.465 0.01123046875 0.02375
75 0.485595703125 0.46468750000000003 0.01123046875 0.023125
18 0.44873046875 0.4659375 0.0888671875 0.034375
1 0.45947265625 0.2759375 0.369140625 0.510625
