5 0.22265625 0.2553125 0.42578125 0.514375
208 0.201171875 0.335 0.0703125 0.025
18 0.20166015625 0.441875 0.07421875 0.035
43 0.17138671875 0.4409375 0.009765625 0.025625000000000002
81 0.180908203125 0.4403125 0.00927734375 0.026875
92 0.194580078125 0.4403125 0.01025390625 0.026875
100 0.20458984375 0.4409375 0.0078125 0.025625000000000002
77 0.214111328125 0.4421875 0.00927734375 0.023125
77 0.223876953125 0.4415625 0.00830078125 0.026875
75 0.23291015625 0.4428125 0.0078125 0.026875
11 0.197509765625 0.1665625 0.31396484375 0.170625
17 0.068115234375 0.10968750000000001 0.01123046875 0.013125
17 0.06787109375 0.12562500000000001 0.0146484375 0.0175
17 0.080810546875 0.12 0.00927734375 0.0125
14 0.20166015625 0.1440625 0.015625 0.065625
15 0.2705078125 0.2315625 0.02734375 0.033125
