174 0.484130859375 0.3978125 0.02783203125 0.013125
43 0.450927734375 0.4971875 0.00732421875 0.019375
81 0.4609375 0.49843750000000003 0.0078125 0.019375
72 0.4755859375 0.498125 0.0087890625 0.02125
77 0.48583984375 0.498125 0.0068359375 0.02
81 0.49560546875 0.49843750000000003 0.0078125 0.019375
85 0.506103515625 0.49875 0.00830078125 0.02
71 0.516357421875 0.499375 0.00341796875 0.02125
18 0.4833984375 0.4978125 0.0791015625 0.033125
11 0.48974609375 0.230625 0.255859375 0.12625
2 0.49169921875 0.2971875 0.345703125 0.504375
