111 0.29248046875 0.5134375 0.0234375 0.033125
43 0.259765625 0.561875 0.009765625 0.02125
81 0.2705078125 0.5628125 0.0087890625 0.021875000000000002
99 0.28515625 0.5628125 0.0078125 0.019375
77 0.2958984375 0.5621875000000001 0.0078125 0.021875000000000002
105 0.306640625 0.5621875000000001 0.0068359375 0.020625
78 0.316650390625 0.5621875000000001 0.00830078125 0.019375
78 0.32763671875 0.5625 0.0087890625 0.02125
18 0.29345703125 0.5621875000000001 0.0830078125 0.034375
16 0.310302734375 0.3346875 0.02001953125 0.015625
17 0.210693359375 0.2640625 0.01123046875 0.010625
17 0.21044921875 0.2759375 0.01171875 0.010625
11 0.30029296875 0.3071875 0.251953125 0.129375
1 0.301025390625 0.379375 0.35205078125 0.4675
