52 0.5691434468524251 0.28825396825396826 0.41486068111455104 0.5612698412698413
54 0.567595459236326 0.20634920634920634 0.28482972136222906 0.14095238095238094
59 0.45846233230134154 0.15968253968253968 0.019091847265221878 0.015873015873015872
59 0.45485036119711036 0.17682539682539683 0.02115583075335397 0.015873015873015872
0 0.5608875128998968 0.5133333333333333 0.09597523219814241 0.03619047619047619
55 0.5219298245614035 0.5136507936507937 0.015995872033023734 0.035555555555555556
10 0.5374097007223941 0.5146031746031746 0.012899896800825593 0.03238095238095238
15 0.5536635706914345 0.5142857142857142 0.013415892672858616 0.03301587301587301
14 0.566047471620227 0.5168253968253969 0.012383900928792569 0.031746031746031744
19 0.57765737874097 0.5133333333333333 0.00980392156862745 0.029841269841269842
15 0.5887512899896801 0.5146031746031746 0.006191950464396284 0.04
32 0.6024251805985552 0.513015873015873 0.01393188854489164 0.030476190476190476
115 0.5624355005159958 0.42507936507936506 0.029927760577915373 0.03111111111111111