1 0.490966796875 0.31625000000000003 0.29638671875 0.4225
159 0.489990234375 0.4459375 0.02392578125 0.029375000000000002
11 0.488037109375 0.24281250000000001 0.21337890625 0.108125
14 0.488037109375 0.2446875 0.01123046875 0.055625
17 0.408447265625 0.20125 0.01123046875 0.0125
17 0.407470703125 0.215625 0.01318359375 0.0125
18 0.489990234375 0.49375 0.07763671875 0.03125
43 0.458740234375 0.4928125 0.00927734375 0.026875
81 0.46875 0.49343750000000003 0.0107421875 0.025625000000000002
77 0.482177734375 0.4928125 0.00927734375 0.024375
73 0.492431640625 0.4921875 0.00927734375 0.025625000000000002
72 0.5029296875 0.4940625 0.009765625 0.026875
72 0.5224609375 0.4928125 0.0107421875 0.026875
80 0.512451171875 0.4928125 0.00927734375 0.024375
