17 0.505615234375 0.194375 0.01611328125 0.0125
17 0.48779296875 0.2046875 0.0146484375 0.014375
11 0.578369140625 0.240625 0.25341796875 0.13125
125 0.591064453125 0.4278125 0.03564453125 0.044375
43 0.56005859375 0.48531250000000004 0.009765625 0.020625
81 0.569580078125 0.4859375 0.00927734375 0.021875000000000002
79 0.594482421875 0.4846875 0.00732421875 0.019375
73 0.61474609375 0.48375 0.01171875 0.02125
77 0.625 0.4840625 0.0068359375 0.020625
86 0.603759765625 0.485 0.01025390625 0.0225
104 0.58447265625 0.4846875 0.009765625 0.020625
18 0.592529296875 0.48375 0.08056640625 0.0325
1 0.5771484375 0.2890625 0.3310546875 0.501875
12 0.131103515625 0.2184375 0.06982421875 0.025625000000000002
14 0.07373046875 0.2515625 0.01171875 0.043125000000000004
16 0.01904296875 0.2946875 0.015625 0.018125
11 0.09716796875 0.2634375 0.1943359375 0.129375
12 0.025390625 0.215 0.0478515625 0.02
115 0.0361328125 0.48562500000000003 0.0517578125 0.025
33 0.004638671875 0.52625 0.00927734375 0.0225
82 0.014892578125 0.525 0.01123046875 0.02125
85 0.060546875 0.52375 0.009765625 0.02375
85 0.070556640625 0.5240625 0.00927734375 0.023125
74 0.0302734375 0.525 0.0107421875 0.02125
72 0.040771484375 0.5253125 0.01025390625 0.020625
73 0.050048828125 0.525 0.00927734375 0.0225
18 0.039794921875 0.5246875 0.07958984375 0.031875
1 0.12841796875 0.3490625 0.2568359375 0.464375
18 0.053955078125 0.006875 0.05615234375 0.01375
2 0.081787109375 0.0234375 0.16357421875 0.045625
