2 0.541259765625 0.2265625 0.31005859375 0.445625
121 0.552734375 0.3284375 0.0361328125 0.019375
18 0.552490234375 0.371875 0.07373046875 0.0275
43 0.5244140625 0.37125 0.0078125 0.0225
81 0.533203125 0.37125 0.009765625 0.0225
83 0.546142578125 0.37125 0.01025390625 0.025
75 0.5556640625 0.370625 0.0087890625 0.02125
71 0.56494140625 0.37125 0.0078125 0.025
100 0.57373046875 0.37125 0.0078125 0.025
71 0.58251953125 0.37125 0.0078125 0.025
14 0.5400390625 0.145625 0.0107421875 0.055
16 0.538330078125 0.185 0.01416015625 0.02625
17 0.45751953125 0.1178125 0.01171875 0.013125
17 0.455322265625 0.1315625 0.01416015625 0.013125
