1 0.4599609375 0.3525 0.3203125 0.4325
125 0.4638671875 0.4575 0.03125 0.0425
18 0.46484375 0.5159375 0.076171875 0.030625
11 0.458984375 0.28 0.2333984375 0.10875
17 0.372314453125 0.2521875 0.01416015625 0.011875
17 0.386962890625 0.24 0.01318359375 0.015
43 0.43359375 0.5140625 0.009765625 0.021875000000000002
81 0.443115234375 0.5140625 0.00927734375 0.026875
104 0.457275390625 0.5146875 0.00927734375 0.023125
78 0.468017578125 0.5134375 0.01025390625 0.023125
81 0.4765625 0.5134375 0.0087890625 0.026875
72 0.487060546875 0.5134375 0.00830078125 0.025625000000000002
79 0.497314453125 0.5128125 0.00830078125 0.024375
