1 0.0361328125 0.16375 0.072265625 0.3275
17 0.266357421875 0.12375 0.01416015625 0.00875
17 0.2626953125 0.13468750000000002 0.0126953125 0.011875
17 0.259033203125 0.1465625 0.01318359375 0.010625
14 0.34521484375 0.1465625 0.0078125 0.044375
16 0.35009765625 0.1771875 0.0146484375 0.023125
11 0.345703125 0.1578125 0.2275390625 0.110625
117 0.34326171875 0.2946875 0.013671875 0.016875
43 0.3154296875 0.3959375 0.0078125 0.018125
81 0.323486328125 0.3953125 0.00732421875 0.019375
82 0.336181640625 0.3971875 0.00732421875 0.019375
79 0.345458984375 0.3975 0.00830078125 0.01875
77 0.354248046875 0.3971875 0.00732421875 0.018125
73 0.363037109375 0.3959375 0.00830078125 0.018125
75 0.371826171875 0.3959375 0.00732421875 0.018125
18 0.34228515625 0.39687500000000003 0.0703125 0.03125
1 0.34716796875 0.22718750000000001 0.30859375 0.416875
