1 0.369140625 0.3525 0.3359375 0.4525
11 0.366455078125 0.27468750000000003 0.24462890625 0.11937500000000001
125 0.355224609375 0.4721875 0.03369140625 0.039375
18 0.35595703125 0.5271875 0.0791015625 0.028125
17 0.27734375 0.2459375 0.013671875 0.010625
17 0.27587890625 0.258125 0.01171875 0.0125
43 0.3232421875 0.5271875 0.0107421875 0.026875
81 0.333984375 0.526875 0.009765625 0.025
104 0.347900390625 0.5271875 0.01025390625 0.026875
80 0.357666015625 0.526875 0.00927734375 0.025
86 0.36865234375 0.5265625 0.009765625 0.024375
73 0.378662109375 0.5265625 0.01025390625 0.025625000000000002
72 0.388671875 0.5275 0.009765625 0.02625
18 0.205810546875 0.0096875 0.05126953125 0.019375
43 0.18359375 0.009375 0.0068359375 0.01625
81 0.190185546875 0.009375 0.00732421875 0.01625
73 0.19970703125 0.00875 0.0078125 0.015
78 0.20703125 0.0090625 0.0068359375 0.015625
87 0.2138671875 0.0090625 0.0068359375 0.015625
79 0.22021484375 0.009375 0.0068359375 0.01625
78 0.22705078125 0.009375 0.0068359375 0.01625
