52 0.5309835133598635 0.16652286453839518 0.3763501989766913 0.3295944779982744
54 0.5281409891984081 0.03364969801553063 0.22967595224559406 0.07075064710957722
0 0.519044911881751 0.2540983606557377 0.07731665719158612 0.03537532355478861
55 0.4866401364411597 0.2545297670405522 0.012507106310403637 0.0362381363244176
10 0.4977259806708357 0.2528041415012942 0.007390562819783968 0.03796376186367558
33 0.5113700966458214 0.2540983606557377 0.007390562819783968 0.03192407247627265
5 0.5193291642978966 0.25323554788610875 0.008527572484366117 0.03364969801553063
14 0.5295622512791358 0.2545297670405522 0.008527572484366117 0.03278688524590164
14 0.5389425810119386 0.2553925798101812 0.009096077316657191 0.03278688524590164
8 0.5500284252416145 0.25366695427092323 0.010801591813530414 0.03278688524590164
112 0.5193291642978966 0.20017256255392582 0.022171688459351902 0.03451251078515962
71 0.4482660602615122 0.028472821397756688 0.011938601478112564 0.03106125970664366
71 0.4636156907333712 0.028904227782571183 0.010801591813530414 0.03537532355478861
71 0.4764070494599204 0.031492666091458156 0.012507106310403637 0.026747195858498708
71 0.48891415577032404 0.028904227782571183 0.01137009664582149 0.03192407247627265