2 0.960693359375 0.6359375 0.07470703125 0.436875
17 0.166259765625 0.1375 0.01025390625 0.00625
17 0.150390625 0.1865625 0.0146484375 0.009375
17 0.14794921875 0.1965625 0.0126953125 0.010625
17 0.144775390625 0.2078125 0.01318359375 0.011875
14 0.2421875 0.1771875 0.009765625 0.059375000000000004
11 0.23681640625 0.18031250000000001 0.2236328125 0.120625
181 0.226318359375 0.348125 0.02294921875 0.015
43 0.19873046875 0.388125 0.0078125 0.02
81 0.20751953125 0.3875 0.0087890625 0.02125
76 0.228759765625 0.38875 0.00732421875 0.02
78 0.2373046875 0.3878125 0.0087890625 0.020625
73 0.2470703125 0.388125 0.0087890625 0.01875
71 0.255615234375 0.38906250000000003 0.00634765625 0.020625
96 0.219970703125 0.389375 0.00927734375 0.02125
18 0.22607421875 0.3871875 0.0693359375 0.029375000000000002
1 0.23974609375 0.24531250000000002 0.3056640625 0.385625
