2 0.02197265625 0.093125 0.0439453125 0.18625
17 0.663330078125 0.17625 0.01708984375 0.0125
17 0.677490234375 0.178125 0.01123046875 0.01125
12 0.69921875 0.1784375 0.0517578125 0.019375
12 0.802490234375 0.18375 0.06494140625 0.0225
14 0.749267578125 0.2109375 0.00927734375 0.050625
16 0.701904296875 0.256875 0.01806640625 0.01625
11 0.74853515625 0.2240625 0.248046875 0.121875
115 0.753173828125 0.44 0.05224609375 0.02375
33 0.721435546875 0.4784375 0.00927734375 0.020625
82 0.73095703125 0.47875 0.0078125 0.02125
74 0.74560546875 0.47875 0.0087890625 0.02125
72 0.755859375 0.4784375 0.009765625 0.020625
73 0.76611328125 0.47781250000000003 0.0087890625 0.021875000000000002
85 0.776611328125 0.4784375 0.01025390625 0.021875000000000002
85 0.786865234375 0.47875 0.00927734375 0.02125
18 0.754150390625 0.4784375 0.08251953125 0.035625000000000004
1 0.750732421875 0.30875 0.33447265625 0.4525
