69 0.639892578125 0.2378125 0.31005859375 0.45687500000000003
54 0.64794921875 0.155 0.2216796875 0.13875
59 0.568359375 0.11031250000000001 0.0078125 0.006875
59 0.580078125 0.1128125 0.009765625 0.011875
59 0.561767578125 0.120625 0.01123046875 0.015
59 0.57568359375 0.128125 0.013671875 0.01375
59 0.59375 0.11093750000000001 0.015625 0.013125
59 0.562255859375 0.13625 0.01416015625 0.01
59 0.56005859375 0.14875 0.01953125 0.015
66 0.6591796875 0.19375 0.044921875 0.02875
0 0.65478515625 0.36062500000000003 0.07421875 0.02875
55 0.623779296875 0.3609375 0.00927734375 0.026875
10 0.633544921875 0.36312500000000003 0.01220703125 0.025
28 0.64697265625 0.3609375 0.009765625 0.024375
14 0.65625 0.3609375 0.0087890625 0.024375
4 0.665283203125 0.3615625 0.01025390625 0.024375
15 0.67626953125 0.359375 0.0078125 0.02375
7 0.68310546875 0.35875 0.0068359375 0.0225