2 0.395751953125 0.36562500000000003 0.36083984375 0.5475
11 0.387451171875 0.2775 0.24365234375 0.125
18 0.374755859375 0.5728125000000001 0.08056640625 0.030625
17 0.296142578125 0.260625 0.01513671875 0.015
87 0.36767578125 0.5721875 0.0107421875 0.025625000000000002
88 0.400390625 0.5728125000000001 0.009765625 0.028125
17 0.298095703125 0.246875 0.01220703125 0.0125
17 0.3046875 0.23375 0.015625 0.01375
15 0.31982421875 0.3225 0.03515625 0.0175
43 0.34228515625 0.5728125000000001 0.01171875 0.026875
81 0.353515625 0.5728125000000001 0.0107421875 0.028125
75 0.37841796875 0.571875 0.0107421875 0.02625
74 0.38916015625 0.5725 0.0087890625 0.0275
73 0.41015625 0.5721875 0.009765625 0.025625000000000002
