43 0.448486328125 0.4965625 0.00927734375 0.021875000000000002
81 0.4580078125 0.4971875 0.0078125 0.020625
77 0.47265625 0.4965625 0.0087890625 0.019375
77 0.482666015625 0.496875 0.00830078125 0.02
91 0.492431640625 0.4971875 0.00830078125 0.020625
73 0.503173828125 0.496875 0.00732421875 0.02
92 0.513427734375 0.49625 0.00830078125 0.02125
18 0.481201171875 0.4978125 0.07861328125 0.033125
113 0.480224609375 0.4428125 0.02197265625 0.024375
15 0.56640625 0.278125 0.04296875 0.0225
17 0.38916015625 0.1859375 0.013671875 0.008125
17 0.38671875 0.19843750000000002 0.0126953125 0.011875
11 0.473876953125 0.22718750000000001 0.23388671875 0.139375
2 0.47216796875 0.276875 0.341796875 0.51
