17 0.22412109375 0.096875 0.0166015625 0.01
17 0.219482421875 0.11 0.01123046875 0.0125
15 0.442138671875 0.201875 0.03173828125 0.0325
15 0.331298828125 0.1559375 0.27685546875 0.15937500000000002
151 0.3232421875 0.39125 0.0458984375 0.01125
43 0.286865234375 0.4840625 0.01025390625 0.026875
81 0.298828125 0.484375 0.01171875 0.02625
99 0.31494140625 0.4834375 0.01171875 0.024375
79 0.326904296875 0.4840625 0.01025390625 0.023125
74 0.33837890625 0.48375 0.009765625 0.02625
96 0.349853515625 0.4825 0.01123046875 0.0225
78 0.362060546875 0.483125 0.01025390625 0.02125
18 0.325927734375 0.48375 0.08935546875 0.035
2 0.330810546875 0.260625 0.41357421875 0.51875
