53 0.24446965399886558 0.3017241379310345 0.4333522404991492 0.5786206896551723
54 0.22036301758366422 0.24034482758620687 0.28077141236528647 0.15655172413793103
59 0.1375496313102666 0.1868965517241379 0.02098695405558707 0.019310344827586205
59 0.159103800340329 0.1868965517241379 0.01758366420873511 0.020689655172413793
0 0.18547929665343166 0.5231034482758621 0.09415768576290415 0.04344827586206896
55 0.14549064095292116 0.5255172413793103 0.014180374361883154 0.03862068965517241
10 0.15967101531480432 0.5255172413793103 0.013045944412932503 0.03862068965517241
30 0.1744186046511628 0.5251724137931034 0.015314804310833808 0.042068965517241375
5 0.1874645490640953 0.5255172413793103 0.010777084515031198 0.03862068965517241
13 0.20022688598979013 0.5244827586206896 0.013613159387407828 0.039310344827586205
16 0.21157118547929668 0.5251724137931034 0.009075439591605219 0.039310344827586205
8 0.22319909245604086 0.5248275862068965 0.014180374361883154 0.034482758620689655
58 0.1874645490640953 0.4434482758620689 0.052750992626205334 0.04275862068965517