17 0.374755859375 0.15 0.01220703125 0.00875
11 0.456787109375 0.1834375 0.19970703125 0.110625
159 0.4599609375 0.36125 0.01953125 0.0225
43 0.43115234375 0.410625 0.0078125 0.01875
81 0.4404296875 0.41125 0.0087890625 0.02
78 0.46142578125 0.41125 0.0068359375 0.01875
104 0.470947265625 0.4115625 0.00732421875 0.019375
103 0.47998046875 0.411875 0.0087890625 0.01875
77 0.48876953125 0.4115625 0.0068359375 0.018125
18 0.459228515625 0.4103125 0.06884765625 0.026875
1 0.45556640625 0.25 0.310546875 0.385
