14 0.52685546875 0.2134375 0.0087890625 0.083125
11 0.527587890625 0.2178125 0.24560546875 0.146875
144 0.530029296875 0.4453125 0.04736328125 0.026875
43 0.492919921875 0.5065625 0.00927734375 0.026875
91 0.50341796875 0.5071875 0.009765625 0.023125
78 0.52001953125 0.5065625 0.01171875 0.023125
105 0.532470703125 0.5059375 0.01123046875 0.025625000000000002
78 0.542724609375 0.505625 0.00927734375 0.02625
75 0.5673828125 0.506875 0.01171875 0.0275
18 0.530029296875 0.5059375 0.08642578125 0.026875
1 0.528564453125 0.29531250000000003 0.37451171875 0.525625
