1 0.2431640625 0.34500000000000003 0.302734375 0.4325
125 0.2255859375 0.45875 0.0322265625 0.0425
11 0.240234375 0.27125 0.2275390625 0.115
17 0.177734375 0.2240625 0.0146484375 0.015625
17 0.15771484375 0.238125 0.013671875 0.015
18 0.22509765625 0.5134375 0.076171875 0.029375000000000002
43 0.192626953125 0.5128125 0.01123046875 0.024375
81 0.2021484375 0.511875 0.0107421875 0.02625
104 0.21728515625 0.5128125 0.009765625 0.024375
71 0.2275390625 0.5128125 0.0107421875 0.024375
84 0.2373046875 0.5128125 0.0107421875 0.028125
77 0.248046875 0.5128125 0.0087890625 0.024375
71 0.258544921875 0.51375 0.00732421875 0.02625
