14 0.570556640625 0.19968750000000002 0.01708984375 0.033125
14 0.5703125 0.2015625 0.232421875 0.11812500000000001
159 0.566650390625 0.40718750000000004 0.01806640625 0.026875
43 0.534912109375 0.4559375 0.00927734375 0.023125
81 0.54541015625 0.455 0.0107421875 0.0225
98 0.55908203125 0.45625 0.009765625 0.02375
94 0.5693359375 0.455625 0.009765625 0.02375
76 0.5791015625 0.4559375 0.009765625 0.025625000000000002
76 0.589111328125 0.4553125 0.01025390625 0.025625000000000002
72 0.599609375 0.455 0.01171875 0.02625
18 0.567138671875 0.4546875 0.07861328125 0.031875
1 0.569580078125 0.2803125 0.33837890625 0.435625
