125 0.527099609375 0.4175 0.03662109375 0.0425
43 0.492919921875 0.480625 0.00927734375 0.0225
81 0.504150390625 0.48 0.00927734375 0.02125
104 0.52001953125 0.48 0.0078125 0.02125
73 0.531494140625 0.48031250000000003 0.00927734375 0.021875000000000002
71 0.54296875 0.48 0.00390625 0.0225
75 0.554443359375 0.48 0.00927734375 0.02125
71 0.565185546875 0.47875 0.00341796875 0.02125
18 0.529541015625 0.48 0.08935546875 0.0325
16 0.487548828125 0.23625000000000002 0.02685546875 0.03375
14 0.530029296875 0.1965625 0.00927734375 0.048125
12 0.585693359375 0.15875 0.07470703125 0.0375
17 0.451416015625 0.1546875 0.01220703125 0.011875
17 0.4677734375 0.1528125 0.015625 0.013125
11 0.5283203125 0.2046875 0.275390625 0.146875
1 0.531005859375 0.28500000000000003 0.36865234375 0.4925
