3 0.5615234375 0.2425 0.591796875 0.4825
18 0.5712890625 0.425 0.083984375 0.0375
43 0.5341796875 0.4259375 0.01171875 0.028125
81 0.54443359375 0.4253125 0.0087890625 0.029375000000000002
98 0.559814453125 0.4253125 0.01123046875 0.026875
87 0.5712890625 0.4253125 0.009765625 0.029375000000000002
76 0.5830078125 0.4246875 0.0107421875 0.030625
72 0.593994140625 0.4259375 0.01123046875 0.025625000000000002
72 0.60546875 0.4259375 0.009765625 0.028125
216 0.5703125 0.3625 0.04296875 0.04
11 0.568115234375 0.1165625 0.49267578125 0.234375
17 0.343017578125 0.0278125 0.01904296875 0.020625
17 0.34521484375 0.0084375 0.0146484375 0.018125
