52 0.71337890625 0.321875 0.3876953125 0.56875
54 0.712646484375 0.245625 0.30126953125 0.15875
0 0.718017578125 0.5390625 0.09228515625 0.034375
55 0.680419921875 0.5428125 0.01220703125 0.038125
10 0.69189453125 0.5409375 0.013671875 0.038125
8 0.709228515625 0.5428125 0.01318359375 0.030625
9 0.71923828125 0.541875 0.01171875 0.0325
42 0.732666015625 0.5409375 0.01220703125 0.030625
14 0.745361328125 0.541875 0.01318359375 0.0325
26 0.7568359375 0.5384375 0.0068359375 0.035625000000000004
72 0.716552734375 0.4846875 0.03369140625 0.044375