17 0.315673828125 0.09375 0.01318359375 0.01
17 0.3310546875 0.0909375 0.013671875 0.009375
17 0.344482421875 0.090625 0.01318359375 0.01
11 0.39794921875 0.1446875 0.2294921875 0.143125
149 0.39697265625 0.28625 0.0166015625 0.02
43 0.369384765625 0.37343750000000003 0.01025390625 0.019375
81 0.377685546875 0.373125 0.00927734375 0.02
78 0.39013671875 0.374375 0.0087890625 0.01875
78 0.3994140625 0.37375 0.0078125 0.0175
78 0.40771484375 0.37375 0.0078125 0.0175
75 0.42626953125 0.373125 0.0078125 0.02
99 0.41748046875 0.374375 0.0078125 0.01875
18 0.39697265625 0.373125 0.0693359375 0.02875
2 0.39794921875 0.2134375 0.31640625 0.426875
113 0.045166015625 0.031875 0.01708984375 0.02125
43 0.022216796875 0.0715625 0.00634765625 0.014375
81 0.029541015625 0.0715625 0.00732421875 0.015625
81 0.039306640625 0.07125000000000001 0.00634765625 0.01625
83 0.060302734375 0.0715625 0.00732421875 0.014375
80 0.0673828125 0.0721875 0.005859375 0.014375
73 0.0458984375 0.07125000000000001 0.0068359375 0.01625
79 0.05322265625 0.0715625 0.0068359375 0.016875
18 0.044921875 0.0728125 0.056640625 0.025625000000000002
2 0.0888671875 0.058750000000000004 0.177734375 0.11750000000000001
2 0.011474609375 0.655625 0.02294921875 0.29375
