1 0.4404296875 0.35000000000000003 0.318359375 0.4525
11 0.44091796875 0.27625 0.224609375 0.12
17 0.34912109375 0.2334375 0.0146484375 0.013125
17 0.34765625 0.2503125 0.013671875 0.016875
14 0.4384765625 0.2778125 0.01171875 0.048125
16 0.42919921875 0.31093750000000003 0.013671875 0.023125
179 0.443359375 0.474375 0.01953125 0.025
18 0.442626953125 0.5425 0.07666015625 0.03125
43 0.41064453125 0.5421875 0.009765625 0.028125
81 0.4208984375 0.5425 0.0107421875 0.02875
106 0.435546875 0.5409375 0.009765625 0.025625000000000002
74 0.44580078125 0.5425 0.009765625 0.025
74 0.455322265625 0.541875 0.01025390625 0.02625
76 0.466064453125 0.5415625000000001 0.01123046875 0.026875
80 0.476318359375 0.5415625000000001 0.00927734375 0.026875
