1 0.4873046875 0.27875 0.345703125 0.495
11 0.488037109375 0.1834375 0.25341796875 0.123125
17 0.39208984375 0.14250000000000002 0.0146484375 0.0125
17 0.408935546875 0.14 0.01220703125 0.01375
111 0.48876953125 0.4328125 0.03125 0.043125000000000004
18 0.48876953125 0.4825 0.0869140625 0.0325
43 0.453125 0.484375 0.0146484375 0.03125
81 0.465576171875 0.4834375 0.01025390625 0.029375000000000002
105 0.47998046875 0.48531250000000004 0.01171875 0.028125
90 0.50390625 0.48281250000000003 0.01171875 0.028125
77 0.491455078125 0.4834375 0.01123046875 0.029375000000000002
80 0.51513671875 0.4821875 0.0107421875 0.026875
82 0.526123046875 0.4815625 0.01318359375 0.028125
