127 0.60693359375 0.3346875 0.0234375 0.021875000000000002
43 0.577392578125 0.3775 0.00732421875 0.01875
81 0.58642578125 0.3775 0.0078125 0.01875
80 0.598876953125 0.378125 0.00830078125 0.0175
102 0.6083984375 0.3775 0.0078125 0.01875
90 0.617431640625 0.3775 0.00732421875 0.01875
72 0.626708984375 0.3775 0.00830078125 0.01875
76 0.635986328125 0.376875 0.00634765625 0.0175
18 0.606689453125 0.3775 0.07177734375 0.03
17 0.537841796875 0.1184375 0.01025390625 0.008125
17 0.535888671875 0.1303125 0.01220703125 0.009375
11 0.607177734375 0.1640625 0.20166015625 0.114375
1 0.605224609375 0.2259375 0.28369140625 0.386875
