17 0.3525390625 0.096875 0.015625 0.015
17 0.350341796875 0.11125 0.01708984375 0.0125
12 0.39111328125 0.1028125 0.0673828125 0.025625000000000002
12 0.519775390625 0.0984375 0.07275390625 0.021875000000000002
14 0.4541015625 0.13593750000000002 0.013671875 0.075625
11 0.453369140625 0.155625 0.27490234375 0.16125
127 0.449951171875 0.3809375 0.03076171875 0.033125
43 0.41650390625 0.4578125 0.01171875 0.024375
81 0.42822265625 0.4584375 0.009765625 0.023125
83 0.443603515625 0.4575 0.01123046875 0.025
75 0.454833984375 0.4575 0.01025390625 0.025
77 0.477294921875 0.4559375 0.01025390625 0.024375
71 0.489013671875 0.45625 0.00634765625 0.02375
100 0.466064453125 0.4578125 0.01123046875 0.023125
18 0.451904296875 0.45687500000000003 0.09033203125 0.03875
2 0.456787109375 0.265625 0.38330078125 0.53125
