52 0.622802734375 0.209375 0.30810546875 0.39
54 0.625 0.129375 0.2080078125 0.10375000000000001
59 0.551025390625 0.091875 0.01806640625 0.0125
59 0.548095703125 0.105 0.01806640625 0.01
59 0.54345703125 0.1184375 0.021484375 0.015625
71 0.6259765625 0.12687500000000002 0.0166015625 0.06
0 0.62109375 0.37375 0.07421875 0.02875
55 0.590576171875 0.37343750000000003 0.01123046875 0.026875
10 0.601806640625 0.3746875 0.00830078125 0.024375
14 0.614013671875 0.3753125 0.00927734375 0.029375000000000002
6 0.622314453125 0.3771875 0.00732421875 0.029375000000000002
26 0.631103515625 0.375 0.00634765625 0.02875
8 0.639892578125 0.3765625 0.00927734375 0.029375000000000002
16 0.650390625 0.3746875 0.0078125 0.025625000000000002
93 0.62158203125 0.3228125 0.0302734375 0.025625000000000002
54 0.660400390625 0.869375 0.36474609375 0.1825
59 0.5068359375 0.80875 0.0224609375 0.02125
59 0.531005859375 0.8059375 0.02001953125 0.021875000000000002
59 0.5087890625 0.8328125000000001 0.03515625 0.016875
74 0.63720703125 0.9271875 0.02734375 0.050625
74 0.6640625 0.9290625 0.017578125 0.055625
73 0.733154296875 0.8146875 0.10302734375 0.031875