17 0.412109375 0.12625 0.013671875 0.01125
17 0.408447265625 0.1403125 0.01416015625 0.011875
14 0.489501953125 0.1525 0.00830078125 0.06625
16 0.419189453125 0.196875 0.02001953125 0.01625
11 0.489501953125 0.1621875 0.22900390625 0.131875
151 0.49755859375 0.3303125 0.0380859375 0.011875
43 0.468017578125 0.4028125 0.00830078125 0.018125
81 0.476806640625 0.4028125 0.00927734375 0.020625
71 0.490234375 0.40218750000000003 0.005859375 0.019375
72 0.508056640625 0.4028125 0.00732421875 0.019375
75 0.525634765625 0.401875 0.00732421875 0.02125
97 0.499267578125 0.40218750000000003 0.00830078125 0.020625
90 0.517333984375 0.40218750000000003 0.00927734375 0.020625
18 0.49609375 0.4015625 0.0703125 0.029375000000000002
2 0.489013671875 0.22375 0.32470703125 0.4475
113 0.15625 0.0709375 0.017578125 0.018125
43 0.13525390625 0.1059375 0.0068359375 0.015625
81 0.14208984375 0.105625 0.0068359375 0.0175
77 0.15234375 0.105625 0.0068359375 0.015
72 0.173828125 0.10625 0.0068359375 0.015
76 0.180419921875 0.1065625 0.00634765625 0.015625
105 0.15966796875 0.105625 0.0068359375 0.0175
105 0.166259765625 0.1059375 0.00634765625 0.016875
18 0.15771484375 0.10625 0.056640625 0.025
1 0.15625 0.07187500000000001 0.2099609375 0.14375000000000002
