162 0.437744140625 0.33968750000000003 0.03564453125 0.013125
43 0.4111328125 0.41625 0.0078125 0.0175
81 0.419921875 0.41625 0.0078125 0.01625
99 0.4326171875 0.41625 0.0078125 0.0175
74 0.441650390625 0.41625 0.00732421875 0.0175
79 0.4501953125 0.41625 0.0078125 0.0175
105 0.459716796875 0.41625 0.00732421875 0.0175
80 0.46875 0.41625 0.0068359375 0.01625
17 0.387939453125 0.17500000000000002 0.01123046875 0.01125
17 0.4033203125 0.1775 0.0126953125 0.0125
17 0.36376953125 0.1778125 0.0087890625 0.008125
17 0.358642578125 0.1884375 0.01318359375 0.011875
17 0.35595703125 0.200625 0.0107421875 0.01125
11 0.43603515625 0.211875 0.2021484375 0.10375000000000001
1 0.43408203125 0.2553125 0.2626953125 0.373125
5 0.08984375 0.479375 0.1826171875 0.95625
