17 0.544189453125 0.1471875 0.01220703125 0.010625
17 0.55810546875 0.144375 0.0126953125 0.0125
17 0.572265625 0.14375000000000002 0.0126953125 0.01375
17 0.540771484375 0.15875 0.01220703125 0.01125
17 0.540283203125 0.1734375 0.01416015625 0.014375
17 0.553955078125 0.1571875 0.01123046875 0.011875
17 0.5703125 0.1571875 0.0166015625 0.011875
16 0.618408203125 0.2365625 0.01611328125 0.026875
15 0.553955078125 0.2471875 0.03466796875 0.018125
11 0.628173828125 0.19625 0.20849609375 0.13625
128 0.6298828125 0.3678125 0.0263671875 0.016875
43 0.60009765625 0.4615625 0.0107421875 0.021875000000000002
81 0.609130859375 0.4615625 0.00927734375 0.021875000000000002
72 0.6220703125 0.46187500000000004 0.009765625 0.0225
73 0.632080078125 0.46187500000000004 0.01025390625 0.025
73 0.641357421875 0.46187500000000004 0.00927734375 0.025
78 0.66064453125 0.4628125 0.0087890625 0.023125
98 0.65087890625 0.46187500000000004 0.009765625 0.02625
18 0.63037109375 0.4609375 0.0732421875 0.030625
3 0.62841796875 0.2546875 0.3037109375 0.510625
