43 0.304443359375 0.04125 0.00830078125 0.0175
81 0.3125 0.0421875 0.005859375 0.015625
80 0.335693359375 0.04125 0.00732421875 0.015
80 0.34326171875 0.040625 0.0068359375 0.015
75 0.32177734375 0.041875 0.0078125 0.0175
71 0.328857421875 0.0409375 0.00537109375 0.015625
76 0.350341796875 0.0415625 0.00537109375 0.015625
18 0.32763671875 0.04 0.0576171875 0.025
2 0.33056640625 0.0459375 0.21875 0.091875
17 0.4951171875 0.1753125 0.01171875 0.011875
17 0.50927734375 0.17500000000000002 0.013671875 0.01125
17 0.522705078125 0.1753125 0.01416015625 0.011875
17 0.536865234375 0.17500000000000002 0.01123046875 0.01375
11 0.58056640625 0.2246875 0.23046875 0.130625
125 0.58984375 0.40468750000000003 0.029296875 0.036875
43 0.558349609375 0.45625 0.00830078125 0.02125
81 0.56787109375 0.45687500000000003 0.0087890625 0.02
80 0.5927734375 0.4565625 0.0087890625 0.019375
80 0.6220703125 0.4559375 0.0087890625 0.019375
96 0.601806640625 0.4565625 0.00927734375 0.021875000000000002
73 0.61279296875 0.45625 0.0087890625 0.01875
104 0.58154296875 0.4565625 0.009765625 0.021875000000000002
18 0.590087890625 0.4565625 0.07861328125 0.031875
1 0.5771484375 0.2946875 0.3291015625 0.45437500000000003
