1 0.5227743271221532 0.2575 0.39337474120082816 0.4975
11 0.5186335403726708 0.16875 0.28571428571428575 0.135
15 0.4156314699792961 0.2103125 0.032091097308488616 0.028125
16 0.5199275362318841 0.201875 0.018115942028985508 0.02875
14 0.5219979296066253 0.1625 0.013975155279503106 0.055
17 0.4270186335403727 0.13 0.016563146997929608 0.015
17 0.42986542443064185 0.1190625 0.010869565217391306 0.010625
18 0.5271739130434783 0.45937500000000003 0.09472049689440995 0.03
43 0.4888716356107661 0.45937500000000003 0.013975155279503106 0.02625
81 0.5020703933747412 0.45937500000000003 0.012422360248447206 0.02625
82 0.5186335403726708 0.4584375 0.014492753623188408 0.025625000000000002
102 0.5315734989648033 0.4584375 0.011387163561076606 0.025625000000000002
75 0.5434782608695653 0.458125 0.012422360248447206 0.025
78 0.5551242236024845 0.45875 0.011904761904761906 0.025
71 0.567287784679089 0.45937500000000003 0.008281573498964804 0.02625
159 0.5284679089026916 0.3959375 0.02380952380952381 0.028125
