1 0.6806640625 0.29 0.345703125 0.4975
113 0.68115234375 0.4475 0.025390625 0.02375
11 0.68359375 0.2121875 0.2529296875 0.145625
17 0.57470703125 0.178125 0.0146484375 0.0125
17 0.572998046875 0.19 0.01123046875 0.01375
14 0.6845703125 0.2109375 0.0185546875 0.095625
18 0.683349609375 0.5053125 0.08642578125 0.026875
43 0.646240234375 0.5053125 0.01025390625 0.024375
81 0.657958984375 0.505 0.01220703125 0.02375
82 0.673583984375 0.504375 0.01025390625 0.025
79 0.685302734375 0.504375 0.01025390625 0.025
88 0.69677734375 0.504375 0.0126953125 0.025
77 0.707763671875 0.5021875 0.01123046875 0.026875
75 0.7197265625 0.5034375 0.0107421875 0.026875
