17 0.328857421875 0.1315625 0.01611328125 0.011875
17 0.345458984375 0.1315625 0.01513671875 0.011875
17 0.32421875 0.1484375 0.017578125 0.016875
14 0.425537109375 0.16625 0.01611328125 0.0575
11 0.423828125 0.178125 0.275390625 0.15875
142 0.421875 0.4034375 0.02734375 0.034375
43 0.385009765625 0.47500000000000003 0.01025390625 0.02625
81 0.395751953125 0.47500000000000003 0.01025390625 0.02625
81 0.447509765625 0.4753125 0.00927734375 0.028125
71 0.42431640625 0.47500000000000003 0.0078125 0.025
72 0.435791015625 0.4753125 0.01025390625 0.025625000000000002
76 0.4580078125 0.475625 0.009765625 0.02375
88 0.412353515625 0.47500000000000003 0.01220703125 0.025
18 0.421142578125 0.47750000000000004 0.09521484375 0.04125
1 0.42724609375 0.2671875 0.3798828125 0.534375
