52 0.5101522842639593 0.34600262123197906 0.4479695431472081 0.5072083879423329
54 0.5139593908629442 0.2532765399737877 0.3236040609137056 0.14482306684141547
0 0.516497461928934 0.5344036697247706 0.10406091370558375 0.03211009174311927
55 0.4730329949238578 0.5340760157273918 0.01713197969543147 0.031454783748361734
10 0.48826142131979694 0.5347313237221494 0.012055837563451776 0.03407601572739188
42 0.5057106598984771 0.5357142857142857 0.02030456852791878 0.03473132372214941
19 0.51998730964467 0.5350589777195282 0.010786802030456852 0.03473132372214941
15 0.5326776649746192 0.5353866317169069 0.010786802030456852 0.035386631716906945
5 0.5450507614213198 0.5363695937090432 0.012690355329949238 0.03473132372214941
14 0.5596446700507614 0.5340760157273918 0.016497461928934008 0.02621231979030144
93 0.513007614213198 0.4875491480996068 0.02347715736040609 0.039318479685452164
59 0.39847715736040606 0.21133682830930536 0.019035532994923856 0.0163826998689384
59 0.42163705583756345 0.21330275229357798 0.01713197969543147 0.01507208387942333
59 0.4438451776649746 0.21231979030144169 0.026015228426395937 0.01310615989515072