208 0.67431640625 0.3725 0.0458984375 0.04125
43 0.64111328125 0.4890625 0.009765625 0.021875000000000002
81 0.65234375 0.489375 0.009765625 0.0225
75 0.668701171875 0.4890625 0.00830078125 0.020625
73 0.679443359375 0.489375 0.00927734375 0.02125
97 0.691162109375 0.4896875 0.00830078125 0.021875000000000002
79 0.702392578125 0.48875 0.00830078125 0.02125
93 0.713623046875 0.4896875 0.00830078125 0.023125
18 0.67724609375 0.489375 0.0869140625 0.03375
16 0.67919921875 0.185 0.05078125 0.0175
15 0.60888671875 0.174375 0.0390625 0.0175
17 0.58349609375 0.058125 0.0166015625 0.01625
17 0.557861328125 0.0671875 0.01513671875 0.016875
17 0.5517578125 0.050625 0.013671875 0.01375
17 0.524169921875 0.06375 0.01025390625 0.01
11 0.676025390625 0.10968750000000001 0.34326171875 0.22062500000000002
3 0.677490234375 0.2521875 0.45849609375 0.508125
