69 0.5693359375 0.2178125 0.3154296875 0.435625
54 0.562255859375 0.12687500000000002 0.21142578125 0.14125000000000001
59 0.47705078125 0.0871875 0.0166015625 0.013125
59 0.47607421875 0.1028125 0.0166015625 0.011875
59 0.4765625 0.1190625 0.0244140625 0.016875
0 0.56396484375 0.379375 0.072265625 0.035
55 0.533203125 0.38 0.0126953125 0.03125
10 0.54345703125 0.380625 0.0107421875 0.02875
9 0.55517578125 0.3790625 0.01171875 0.025625000000000002
16 0.565185546875 0.3790625 0.00927734375 0.030625
7 0.573486328125 0.3790625 0.00830078125 0.028125
36 0.58349609375 0.3809375 0.009765625 0.025625000000000002
11 0.592529296875 0.381875 0.01025390625 0.03
102 0.566650390625 0.28750000000000003 0.02880859375 0.0375