17 0.571044921875 0.10187500000000001 0.01220703125 0.01
17 0.570556640625 0.1125 0.01220703125 0.0125
16 0.657470703125 0.1703125 0.04541015625 0.034375
11 0.661865234375 0.1453125 0.22412109375 0.128125
127 0.68310546875 0.323125 0.0234375 0.02375
43 0.654541015625 0.3753125 0.00830078125 0.020625
81 0.663818359375 0.376875 0.00732421875 0.02125
84 0.7041015625 0.37343750000000003 0.0087890625 0.020625
71 0.686279296875 0.374375 0.00537109375 0.02
77 0.695068359375 0.37343750000000003 0.00732421875 0.019375
72 0.7138671875 0.373125 0.0078125 0.02125
94 0.677001953125 0.3740625 0.00927734375 0.020625
18 0.684326171875 0.3765625 0.07373046875 0.038125
2 0.657958984375 0.2165625 0.32568359375 0.433125
