52 0.8408203125 0.2896875 0.3076171875 0.450625
54 0.87158203125 0.201875 0.2197265625 0.11125
59 0.78955078125 0.171875 0.0166015625 0.01125
59 0.78955078125 0.1871875 0.01953125 0.010625
59 0.786376953125 0.20500000000000002 0.01806640625 0.0125
0 0.89990234375 0.4590625 0.078125 0.029375000000000002
91 0.869384765625 0.45875 0.01220703125 0.02625
21 0.87939453125 0.4609375 0.0087890625 0.028125
30 0.8916015625 0.4609375 0.0107421875 0.024375
28 0.902099609375 0.45937500000000003 0.00830078125 0.025
14 0.9111328125 0.46 0.009765625 0.02875
20 0.92041015625 0.4609375 0.0068359375 0.026875
8 0.93017578125 0.4603125 0.01171875 0.025625000000000002
93 0.899658203125 0.41125 0.03466796875 0.02875