69 0.39013671875 0.268125 0.3671875 0.535
54 0.387451171875 0.215 0.27880859375 0.15125
0 0.3974609375 0.4865625 0.0771484375 0.031875
55 0.363037109375 0.4859375 0.00830078125 0.028125
10 0.373779296875 0.4871875 0.01025390625 0.031875
8 0.38818359375 0.4871875 0.009765625 0.030625
15 0.39794921875 0.48781250000000004 0.0087890625 0.033125
37 0.407470703125 0.48812500000000003 0.01025390625 0.03
6 0.4189453125 0.4859375 0.0087890625 0.029375000000000002
2 0.430419921875 0.485 0.01123046875 0.02875
81 0.39306640625 0.340625 0.017578125 0.0375