2 0.5439453125 0.29875 0.306640625 0.425
111 0.5537109375 0.4259375 0.025390625 0.035625000000000004
18 0.553466796875 0.466875 0.07568359375 0.02875
43 0.521728515625 0.466875 0.01025390625 0.02625
81 0.532470703125 0.468125 0.01123046875 0.02625
99 0.54638671875 0.466875 0.0087890625 0.02625
72 0.556396484375 0.4675 0.00927734375 0.0275
77 0.566162109375 0.4675 0.01025390625 0.025
75 0.576171875 0.4665625 0.009765625 0.023125
76 0.585693359375 0.466875 0.00927734375 0.02625
11 0.540771484375 0.2215625 0.21728515625 0.109375
14 0.534912109375 0.2196875 0.01025390625 0.061875
2 0.106201171875 0.1678125 0.21142578125 0.33437500000000003
113 0.071044921875 0.231875 0.02001953125 0.02375
11 0.08544921875 0.0759375 0.1708984375 0.113125
18 0.07275390625 0.2840625 0.0654296875 0.028125
43 0.043701171875 0.2840625 0.01025390625 0.023125
81 0.053955078125 0.2853125 0.00830078125 0.025625000000000002
81 0.083984375 0.2846875 0.0078125 0.021875000000000002
96 0.092529296875 0.2846875 0.00927734375 0.021875000000000002
71 0.065673828125 0.2846875 0.00830078125 0.026875
75 0.074951171875 0.2840625 0.01025390625 0.023125
73 0.101806640625 0.2828125 0.00927734375 0.023125
