16 0.693115234375 0.2653125 0.01513671875 0.015625
16 0.72998046875 0.2653125 0.0166015625 0.015625
11 0.710205078125 0.2321875 0.27978515625 0.134375
111 0.723388671875 0.435 0.02783203125 0.035
43 0.69189453125 0.494375 0.009765625 0.0225
81 0.70166015625 0.49375 0.0087890625 0.02
82 0.74560546875 0.49312500000000004 0.009765625 0.02125
72 0.725830078125 0.49312500000000004 0.01025390625 0.02125
77 0.756103515625 0.4928125 0.00927734375 0.020625
75 0.7353515625 0.4928125 0.0087890625 0.021875000000000002
71 0.71630859375 0.49343750000000003 0.005859375 0.021875000000000002
18 0.723388671875 0.494375 0.07763671875 0.03625
2 0.70947265625 0.3090625 0.37109375 0.543125
