52 0.67626953125 0.2915625 0.419921875 0.564375
54 0.67431640625 0.2009375 0.2783203125 0.138125
59 0.57080078125 0.1575 0.021484375 0.01625
59 0.5673828125 0.1740625 0.0205078125 0.010625
71 0.6669921875 0.2034375 0.0078125 0.040625
74 0.67138671875 0.2446875 0.0263671875 0.023125
0 0.68310546875 0.5303125 0.0927734375 0.029375000000000002
55 0.642822265625 0.53125 0.01513671875 0.02875
10 0.6572265625 0.530625 0.0087890625 0.03
14 0.671875 0.5328125 0.0107421875 0.028125
30 0.685302734375 0.53125 0.01025390625 0.035
3 0.6962890625 0.528125 0.01171875 0.02625
26 0.708251953125 0.5296875 0.00732421875 0.030625
8 0.723388671875 0.5284375 0.01513671875 0.029375000000000002
62 0.679931640625 0.4653125 0.04931640625 0.063125