53 0.44677734375 0.121875 0.3154296875 0.23875000000000002
0 0.430908203125 0.1634375 0.07373046875 0.028125
55 0.39892578125 0.164375 0.01171875 0.02875
10 0.40966796875 0.1640625 0.0087890625 0.028125
8 0.423095703125 0.163125 0.01025390625 0.025
14 0.432373046875 0.161875 0.00927734375 0.025
21 0.441162109375 0.163125 0.00830078125 0.02375
42 0.44970703125 0.1621875 0.01171875 0.023125
20 0.45947265625 0.1625 0.0087890625 0.02375
63 0.429443359375 0.1165625 0.03857421875 0.038125
53 0.648193359375 0.7831250000000001 0.56982421875 0.34875