52 0.470703125 0.2853125 0.341796875 0.476875
54 0.47412109375 0.224375 0.25 0.1375
59 0.38037109375 0.17375000000000002 0.013671875 0.01125
59 0.380615234375 0.186875 0.02001953125 0.01375
74 0.46337890625 0.250625 0.021484375 0.045
0 0.48388671875 0.470625 0.0859375 0.03375
55 0.451904296875 0.473125 0.01318359375 0.02875
10 0.462890625 0.4728125 0.0087890625 0.029375000000000002
40 0.4765625 0.4703125 0.0087890625 0.030625
14 0.4853515625 0.4715625 0.0087890625 0.030625
26 0.496337890625 0.470625 0.01025390625 0.0275
33 0.5068359375 0.4709375 0.0078125 0.029375000000000002
6 0.51708984375 0.4709375 0.01171875 0.030625
72 0.48291015625 0.42312500000000003 0.0341796875 0.0375