69 0.495849609375 0.26375 0.36474609375 0.52625
54 0.490966796875 0.1703125 0.27880859375 0.166875
59 0.39453125 0.12562500000000001 0.02734375 0.01875
59 0.39111328125 0.14250000000000002 0.0205078125 0.0175
59 0.38818359375 0.1609375 0.0302734375 0.019375
0 0.487548828125 0.47125 0.09033203125 0.0325
55 0.44873046875 0.4721875 0.0126953125 0.033125
10 0.461181640625 0.473125 0.01416015625 0.0325
31 0.476318359375 0.4740625 0.01123046875 0.033125
11 0.488525390625 0.4740625 0.01025390625 0.031875
25 0.5 0.47375 0.0107421875 0.03375
8 0.511962890625 0.47375 0.01025390625 0.0325
15 0.52392578125 0.4740625 0.013671875 0.030625
58 0.49169921875 0.3340625 0.03125 0.026875