2 0.94775390625 0.4840625 0.099609375 0.510625
112 0.526123046875 0.47625 0.02197265625 0.02
43 0.4951171875 0.5284375 0.0078125 0.021875000000000002
81 0.504638671875 0.5275 0.00830078125 0.02
102 0.517822265625 0.5275 0.00732421875 0.01875
79 0.528564453125 0.5278125 0.00634765625 0.020625
92 0.53857421875 0.5278125 0.0078125 0.019375
73 0.54833984375 0.5278125 0.0078125 0.019375
77 0.55810546875 0.5275 0.0087890625 0.02
18 0.526123046875 0.5275 0.07568359375 0.0275
17 0.443115234375 0.248125 0.01220703125 0.01125
17 0.459716796875 0.24781250000000002 0.01318359375 0.008125
17 0.460693359375 0.259375 0.01513671875 0.01
17 0.441162109375 0.25906250000000003 0.01123046875 0.009375
17 0.438720703125 0.2709375 0.01220703125 0.010625
16 0.4697265625 0.3309375 0.021484375 0.011875
11 0.521240234375 0.3003125 0.22802734375 0.129375
1 0.52001953125 0.365 0.3154296875 0.41125
