53 0.5078125 0.2715625 0.390625 0.5181250000000001
54 0.5224609375 0.195625 0.2578125 0.1275
59 0.44091796875 0.14375000000000002 0.017578125 0.015
0 0.53515625 0.46187500000000004 0.078125 0.02625
55 0.530517578125 0.408125 0.02294921875 0.0275
10 0.500244140625 0.4603125 0.01123046875 0.030625
20 0.51171875 0.4609375 0.009765625 0.029375000000000002
20 0.52587890625 0.4603125 0.009765625 0.028125
2 0.535888671875 0.4625 0.01220703125 0.0325
33 0.54345703125 0.4625 0.0078125 0.02625
26 0.556640625 0.4609375 0.01171875 0.029375000000000002
108 0.566650390625 0.4603125 0.00537109375 0.028125