18 0.83740234375 0.00375 0.0498046875 0.0075
2 0.8193359375 0.020625 0.2021484375 0.04125
11 0.556396484375 0.21406250000000002 0.21630859375 0.116875
159 0.572998046875 0.3925 0.02294921875 0.02625
43 0.543212890625 0.4434375 0.00830078125 0.018125
81 0.552490234375 0.444375 0.00830078125 0.02
79 0.575439453125 0.4440625 0.00830078125 0.019375
79 0.602294921875 0.4428125 0.00830078125 0.018125
71 0.593994140625 0.44375000000000003 0.00634765625 0.02
94 0.56591796875 0.44375000000000003 0.009765625 0.02
103 0.58447265625 0.44375000000000003 0.0087890625 0.02
18 0.572509765625 0.4434375 0.07470703125 0.036875
1 0.553466796875 0.285625 0.30712890625 0.40125
