18 0.7939453125 0.0525 0.056640625 0.0275
43 0.7705078125 0.0546875 0.0078125 0.023125
81 0.777587890625 0.0528125 0.00830078125 0.021875000000000002
79 0.787109375 0.0528125 0.0068359375 0.019375
85 0.794677734375 0.0528125 0.00634765625 0.019375
98 0.80810546875 0.0540625 0.0068359375 0.019375
72 0.8017578125 0.0540625 0.005859375 0.019375
76 0.815185546875 0.0528125 0.00732421875 0.021875000000000002
3 0.427001953125 0.1796875 0.24365234375 0.36312500000000003
11 0.421875 0.07968750000000001 0.1865234375 0.11937500000000001
17 0.349609375 0.040625 0.013671875 0.0125
17 0.345947265625 0.0540625 0.01025390625 0.011875
17 0.345458984375 0.0690625 0.00927734375 0.011875
17 0.344970703125 0.08375 0.01220703125 0.0125
17 0.343994140625 0.0984375 0.01220703125 0.011875
128 0.422607421875 0.236875 0.02294921875 0.0175
18 0.423828125 0.3178125 0.0673828125 0.025625000000000002
43 0.397216796875 0.318125 0.00830078125 0.02
81 0.40576171875 0.3175 0.0087890625 0.02125
75 0.41748046875 0.316875 0.009765625 0.02
94 0.4267578125 0.3178125 0.0107421875 0.021875000000000002
71 0.43505859375 0.3171875 0.0078125 0.021875000000000002
102 0.443359375 0.3159375 0.0087890625 0.021875000000000002
79 0.451904296875 0.3171875 0.00830078125 0.021875000000000002
11 0.36083984375 0.8221875000000001 0.3134765625 0.18937500000000002
14 0.359130859375 0.8143750000000001 0.01806640625 0.0975
17 0.2353515625 0.766875 0.0166015625 0.02
17 0.233642578125 0.7890625 0.01611328125 0.018125
