3 0.3779296875 0.29625 0.36328125 0.595
11 0.369140625 0.2384375 0.275390625 0.164375
17 0.260986328125 0.1825 0.01318359375 0.0125
17 0.275634765625 0.1825 0.01416015625 0.0125
17 0.258056640625 0.196875 0.01220703125 0.01375
17 0.274658203125 0.1975 0.01416015625 0.0125
132 0.359619140625 0.458125 0.02197265625 0.025
18 0.36181640625 0.5515625000000001 0.0791015625 0.031875
43 0.329345703125 0.5496875 0.00927734375 0.026875
81 0.339599609375 0.5509375 0.01123046875 0.024375
106 0.3544921875 0.5509375 0.009765625 0.024375
90 0.3642578125 0.5509375 0.0107421875 0.026875
76 0.374755859375 0.55 0.01025390625 0.025
77 0.385009765625 0.5503125 0.00927734375 0.025625000000000002
76 0.3955078125 0.5503125 0.01171875 0.028125
