52 0.329345703125 0.29625 0.39794921875 0.54
54 0.325439453125 0.21406250000000002 0.27880859375 0.15687500000000001
59 0.234619140625 0.149375 0.01708984375 0.01625
59 0.255615234375 0.148125 0.01708984375 0.01625
66 0.24462890625 0.24125 0.0439453125 0.02375
73 0.395751953125 0.151875 0.07373046875 0.02375
0 0.314208984375 0.5065625 0.09033203125 0.033125
55 0.27685546875 0.5065625 0.01171875 0.028125
35 0.287841796875 0.5090625 0.01123046875 0.031875
3 0.305419921875 0.5065625 0.01220703125 0.029375000000000002
6 0.318115234375 0.5065625 0.01025390625 0.029375000000000002
7 0.329833984375 0.50875 0.01025390625 0.03
15 0.340576171875 0.5078125 0.01123046875 0.029375000000000002
20 0.3515625 0.508125 0.01171875 0.03125
83 0.314697265625 0.4609375 0.02880859375 0.033125