3 0.505859375 0.2675 0.33984375 0.5375
184 0.5009765625 0.3253125 0.017578125 0.033125
18 0.5 0.494375 0.087890625 0.03375
11 0.49755859375 0.17 0.283203125 0.145
14 0.50439453125 0.1509375 0.0166015625 0.084375
16 0.488525390625 0.215 0.01904296875 0.0275
17 0.390869140625 0.1184375 0.01904296875 0.016875
17 0.421142578125 0.1275 0.01416015625 0.02
43 0.462158203125 0.494375 0.01220703125 0.025
81 0.472900390625 0.494375 0.01220703125 0.025
73 0.489990234375 0.495 0.01220703125 0.02625
97 0.50244140625 0.4928125 0.0107421875 0.028125
98 0.524658203125 0.494375 0.01220703125 0.0275
78 0.513916015625 0.494375 0.00927734375 0.0275
75 0.5361328125 0.495 0.0107421875 0.02625
