43 0.5029368575624082 0.27818061964403423 0.007342143906020559 0.018457481872116016
81 0.5115026921194322 0.27818061964403423 0.004894762604013706 0.018457481872116016
76 0.5230053842388644 0.27851021753460775 0.007342143906020559 0.017798286090969017
98 0.5318159569260892 0.27916941331575473 0.007342143906020559 0.01911667765326302
104 0.5406265296133138 0.27982860909690177 0.0063631913852178175 0.017798286090969017
72 0.5496818404307392 0.28015820698747523 0.006852667645619188 0.018457481872116016
75 0.5580029368575624 0.28015820698747523 0.00783162016642193 0.018457481872116016
18 0.5301027900146843 0.27949901120632825 0.06363191385217817 0.030323005932762027
15 0.521047479197259 0.06657877389584706 0.029858051884483604 0.023731048121292023
17 0.4508076358296623 0.0019775873434410016 0.009789525208027412 0.003955174686882003
17 0.44884973078805684 0.01021753460777851 0.010768477728830153 0.009887936717205009
17 0.44664708761625066 0.022742254449571522 0.008321096426823299 0.01120632827949901
11 0.5367107195301029 0.04185893210283454 0.22173274596182088 0.08371786420566908
3 0.5401370533529124 0.16249176005273566 0.2902594224180128 0.3236651285431773
127 0.3959862946647088 0.9205669083717863 0.02545276554087127 0.02966381015161503
17 0.3081253059226628 0.5385629531970995 0.013215859030837006 0.013183915622940013
17 0.2890357317670093 0.547462096242584 0.01811062163485071 0.016479894528675015
17 0.30983847283406757 0.5580092287409361 0.016642192853646598 0.01120632827949901
17 0.30298580518844836 0.5741595253790376 0.016642192853646598 0.015820698747528013
17 0.28634361233480177 0.563282794990112 0.018600097895252084 0.013843111404087012
17 0.28193832599118945 0.5787738958470665 0.016642192853646598 0.013183915622940013
11 0.39329417523250126 0.6239288068556361 0.2961331375428292 0.2142386288727752
2 0.39525208027410674 0.6552406064601186 0.40969162995594716 0.6064601186552405
