69 0.5941811637672465 0.3233249051833123 0.3965206958608278 0.5050568900126423
54 0.5986802639472105 0.24209860935524655 0.29274145170965804 0.15170670037926676
59 0.4877024595080983 0.1987989886219975 0.02159568086382723 0.013274336283185842
59 0.4850029994001199 0.215865992414665 0.02819436112777444 0.012010113780025285
71 0.5953809238152369 0.2509481668773704 0.013797240551889621 0.07206068268015171
66 0.49070185962807433 0.29045512010113783 0.04559088182363527 0.019595448798988623
66 0.54499100179964 0.29393173198482936 0.04259148170365926 0.02402022756005057
0 0.6001799640071985 0.5018963337547409 0.09898020395920815 0.029077117572692796
55 0.5608878224355128 0.5031605562579015 0.013197360527894421 0.029077117572692796
4 0.5740851829634073 0.5025284450063211 0.015596880623875223 0.030341340075853353
21 0.5908818236352729 0.5034766118836915 0.011997600479904018 0.029709228824273074
8 0.6040791841631673 0.5025284450063211 0.014397120575884822 0.030341340075853353
42 0.6157768446310737 0.5041087231352719 0.011397720455908818 0.03350189633375474
8 0.6274745050989802 0.5025284450063211 0.010797840431913616 0.029077117572692796
11 0.6400719856028794 0.5037926675094817 0.011997600479904018 0.03160556257901391
102 0.6004799040191962 0.4614412136536031 0.04079184163167366 0.034134007585335024