17 0.357666015625 0.14375000000000002 0.01806640625 0.01375
17 0.357177734375 0.15812500000000002 0.01611328125 0.0125
15 0.35888671875 0.241875 0.0302734375 0.025
11 0.462158203125 0.203125 0.26123046875 0.15125
122 0.460205078125 0.4190625 0.02490234375 0.013125
43 0.42236328125 0.50375 0.01171875 0.02625
81 0.43505859375 0.5040625 0.013671875 0.026875
91 0.451171875 0.5046875 0.01171875 0.029375000000000002
106 0.462646484375 0.5040625 0.01220703125 0.029375000000000002
80 0.474853515625 0.5046875 0.01318359375 0.028125
77 0.48681640625 0.5053125 0.0107421875 0.028125
77 0.497802734375 0.504375 0.01025390625 0.03
18 0.46044921875 0.5046875 0.08984375 0.031875
1 0.459716796875 0.26937500000000003 0.38330078125 0.5375
