17 0.250244140625 0.208125 0.01220703125 0.01125
17 0.266357421875 0.2078125 0.01416015625 0.010625
17 0.28173828125 0.205625 0.0146484375 0.01375
16 0.3330078125 0.3003125 0.0126953125 0.020625
15 0.25146484375 0.304375 0.0341796875 0.0175
15 0.286865234375 0.3040625 0.03466796875 0.019375
11 0.33642578125 0.253125 0.2197265625 0.11875000000000001
149 0.331787109375 0.446875 0.01611328125 0.02375
43 0.30078125 0.5096875 0.009765625 0.023125
81 0.3115234375 0.5109375 0.009765625 0.024375
99 0.324951171875 0.510625 0.01025390625 0.025
76 0.335205078125 0.5109375 0.01025390625 0.024375
90 0.345703125 0.5084375 0.0107421875 0.023125
78 0.35595703125 0.51 0.0107421875 0.02625
77 0.366455078125 0.5090625 0.01025390625 0.028125
18 0.333251953125 0.51 0.08154296875 0.03125
1 0.3310546875 0.339375 0.3505859375 0.4625
