17 0.810302734375 0.15031250000000002 0.01708984375 0.013125
17 0.82763671875 0.1509375 0.0146484375 0.014375
17 0.81103515625 0.1634375 0.017578125 0.013125
17 0.828369140625 0.16375 0.01708984375 0.01125
17 0.810302734375 0.180625 0.01611328125 0.015
17 0.829345703125 0.17875 0.01611328125 0.01375
11 0.894775390625 0.198125 0.20849609375 0.13625
112 0.977783203125 0.448125 0.02392578125 0.02875
33 0.9443359375 0.5196875 0.0107421875 0.025625000000000002
84 0.956787109375 0.5190625 0.01123046875 0.025625000000000002
91 0.972900390625 0.5175 0.01123046875 0.02625
79 0.984619140625 0.5159375 0.01123046875 0.025625000000000002
77 0.99462890625 0.5146875 0.0087890625 0.025625000000000002
18 0.9677734375 0.5175 0.0634765625 0.03875
1 0.84375 0.29875 0.310546875 0.55625
16 0.81640625 0.2521875 0.041015625 0.014375
14 0.91259765625 0.18937500000000002 0.015625 0.07
