53 0.85205078125 0.3078125 0.287109375 0.483125
59 0.8427734375 0.195625 0.0205078125 0.01375
59 0.827880859375 0.20500000000000002 0.01123046875 0.0125
59 0.814208984375 0.21156250000000001 0.01220703125 0.011875
54 0.891845703125 0.2496875 0.20166015625 0.139375
59 0.814697265625 0.1978125 0.01025390625 0.011875
66 0.89794921875 0.29125 0.0439453125 0.0225
0 0.924072265625 0.4753125 0.07666015625 0.029375000000000002
55 0.892578125 0.47500000000000003 0.0126953125 0.03
10 0.903076171875 0.47500000000000003 0.00927734375 0.02875
6 0.9169921875 0.4746875 0.0068359375 0.028125
3 0.92529296875 0.4753125 0.0107421875 0.029375000000000002
15 0.935546875 0.47625 0.009765625 0.03125
14 0.94580078125 0.4771875 0.009765625 0.034375
14 0.95556640625 0.475625 0.01171875 0.0275
64 0.924560546875 0.435625 0.01904296875 0.0275