1 0.359375 0.33375 0.29296875 0.45
125 0.35986328125 0.448125 0.033203125 0.04625
11 0.35791015625 0.2565625 0.24609375 0.111875
17 0.267333984375 0.24 0.01416015625 0.0125
17 0.261962890625 0.253125 0.01220703125 0.01125
18 0.3603515625 0.5059375 0.0791015625 0.025625000000000002
43 0.327392578125 0.5046875 0.01123046875 0.025625000000000002
81 0.3369140625 0.5053125 0.0107421875 0.025625000000000002
104 0.352783203125 0.5059375 0.00927734375 0.024375
93 0.37353515625 0.5059375 0.0107421875 0.024375
71 0.362060546875 0.5059375 0.00830078125 0.024375
80 0.384033203125 0.505 0.00927734375 0.0225
79 0.3935546875 0.505 0.009765625 0.0225
