126 0.696911196911197 0.3987460815047022 0.019305019305019308 0.015047021943573668
43 0.6618863761720906 0.47617554858934175 0.00882515168229454 0.020689655172413793
81 0.6731936017650304 0.47680250783699063 0.009376723662437948 0.01943573667711599
80 0.689464975179261 0.47680250783699063 0.00882515168229454 0.01943573667711599
73 0.7010479867622725 0.47711598746081507 0.00882515168229454 0.018808777429467086
74 0.7123552123552124 0.47711598746081507 0.009376723662437948 0.02006269592476489
92 0.7236624379481523 0.4774294670846395 0.00882515168229454 0.020689655172413793
76 0.7355212355212356 0.4774294670846395 0.009376723662437948 0.01943573667711599
18 0.6988416988416989 0.47711598746081507 0.08935466078323222 0.030094043887147336
17 0.5813568670711529 0.16771159874608152 0.012134583563154992 0.010658307210031349
17 0.5788747931605075 0.17962382445141067 0.014892443463872036 0.010658307210031349
11 0.6880860452289024 0.21003134796238246 0.2895752895752896 0.11285266457680251
1 0.6864313292884722 0.2896551724137931 0.39437396580253725 0.4789968652037618
