3 0.0556640625 0.7984375 0.111328125 0.316875
17 0.44775390625 0.16375 0.0126953125 0.0125
11 0.556884765625 0.21156250000000001 0.28173828125 0.169375
150 0.560546875 0.42 0.021484375 0.01625
43 0.52734375 0.508125 0.009765625 0.02125
81 0.537841796875 0.508125 0.00927734375 0.02125
92 0.551025390625 0.50875 0.01025390625 0.02125
91 0.5615234375 0.508125 0.009765625 0.02125
73 0.57275390625 0.508125 0.0087890625 0.02125
79 0.58251953125 0.5075000000000001 0.009765625 0.0225
72 0.5927734375 0.5090625 0.0087890625 0.023125
18 0.560791015625 0.5084375 0.08056640625 0.029375000000000002
3 0.55859375 0.278125 0.3583984375 0.55625
