52 0.187744140625 0.321875 0.36376953125 0.5700000000000001
54 0.1640625 0.25625 0.2783203125 0.1875
59 0.070556640625 0.19062500000000002 0.02001953125 0.01875
59 0.060302734375 0.211875 0.02685546875 0.0125
59 0.06103515625 0.2265625 0.02734375 0.013125
59 0.0947265625 0.19125 0.0244140625 0.01375
59 0.08642578125 0.206875 0.0234375 0.015
71 0.159423828125 0.2815625 0.03662109375 0.063125
66 0.254638671875 0.2925 0.04248046875 0.02125
66 0.281494140625 0.3053125 0.02880859375 0.023125
0 0.137939453125 0.548125 0.09326171875 0.03625
55 0.0986328125 0.5475 0.015625 0.03625
10 0.112548828125 0.548125 0.01220703125 0.03375
32 0.127685546875 0.5490625 0.01416015625 0.035625000000000004
7 0.141845703125 0.54875 0.01123046875 0.03625
82 0.136474609375 0.4796875 0.05517578125 0.049375
8 0.15283203125 0.548125 0.009765625 0.0325
11 0.16552734375 0.5509375 0.01171875 0.030625
13 0.177734375 0.5493750000000001 0.0126953125 0.0275