69 0.487060546875 0.255 0.48388671875 0.52125
54 0.519775390625 0.144375 0.34130859375 0.1875
0 0.526611328125 0.4746875 0.08447265625 0.039375
55 0.493408203125 0.475625 0.01220703125 0.03625
10 0.503173828125 0.4753125 0.00927734375 0.033125
21 0.515869140625 0.47625 0.01025390625 0.02875
40 0.5283203125 0.47500000000000003 0.0078125 0.0275
26 0.53759765625 0.47625 0.005859375 0.0375
6 0.546142578125 0.48 0.01123046875 0.04
8 0.560791015625 0.4740625 0.01708984375 0.030625
100 0.524658203125 0.37375 0.07763671875 0.03875