52 0.5771484375 0.2790625 0.3720703125 0.513125
54 0.577880859375 0.1884375 0.27392578125 0.134375
59 0.484619140625 0.1371875 0.01708984375 0.016875
59 0.5048828125 0.1353125 0.0146484375 0.016875
0 0.5771484375 0.4690625 0.0888671875 0.035625000000000004
48 0.54150390625 0.468125 0.0146484375 0.0375
21 0.555419921875 0.4690625 0.01611328125 0.039375
13 0.5693359375 0.46718750000000003 0.01171875 0.039375
26 0.580322265625 0.47000000000000003 0.01025390625 0.0375
2 0.591064453125 0.471875 0.01123046875 0.0375
6 0.60400390625 0.47000000000000003 0.01171875 0.04125
7 0.614990234375 0.4690625 0.01025390625 0.035625000000000004
72 0.57861328125 0.41875 0.0361328125 0.0425