17 0.6748046875 0.15687500000000001 0.01171875 0.01
17 0.6728515625 0.1690625 0.0146484375 0.013125
17 0.674560546875 0.1821875 0.01318359375 0.010625
15 0.698486328125 0.22125 0.02978515625 0.03
14 0.74853515625 0.16875 0.005859375 0.035
11 0.7607421875 0.1884375 0.220703125 0.115625
125 0.7939453125 0.354375 0.025390625 0.035
43 0.764892578125 0.409375 0.01025390625 0.025
81 0.77490234375 0.4084375 0.009765625 0.023125
79 0.787841796875 0.4084375 0.00927734375 0.023125
71 0.796142578125 0.4078125 0.00732421875 0.025625000000000002
88 0.80517578125 0.40718750000000004 0.0107421875 0.023125
106 0.81494140625 0.40625 0.009765625 0.02125
77 0.82421875 0.4059375 0.0087890625 0.021875000000000002
18 0.7939453125 0.4065625 0.0712890625 0.025625000000000002
1 0.748291015625 0.2596875 0.33349609375 0.406875
