1 0.753173828125 0.29812500000000003 0.29736328125 0.41625
11 0.760498046875 0.2334375 0.22314453125 0.110625
17 0.693359375 0.1915625 0.0107421875 0.014375
17 0.70556640625 0.1909375 0.0107421875 0.015625
125 0.780029296875 0.405 0.02880859375 0.03875
18 0.780517578125 0.4590625 0.07470703125 0.030625
43 0.750244140625 0.45937500000000003 0.01025390625 0.02375
81 0.759765625 0.45875 0.0087890625 0.025
104 0.7734375 0.45937500000000003 0.0087890625 0.02375
76 0.782470703125 0.4584375 0.00927734375 0.025625000000000002
84 0.792724609375 0.45875 0.00927734375 0.025
78 0.801513671875 0.45937500000000003 0.00830078125 0.02625
78 0.810546875 0.4584375 0.009765625 0.025625000000000002
