69 0.7021484375 0.27875 0.484375 0.5275
54 0.706298828125 0.11812500000000001 0.35693359375 0.19375
59 0.56298828125 0.059062500000000004 0.013671875 0.026875
59 0.55126953125 0.0840625 0.015625 0.021875000000000002
59 0.57373046875 0.0840625 0.021484375 0.023125
0 0.72265625 0.5059375 0.091796875 0.034375
55 0.68408203125 0.5065625 0.013671875 0.034375
10 0.696044921875 0.5078125 0.01318359375 0.033125
5 0.712646484375 0.505625 0.01025390625 0.0325
11 0.7255859375 0.5059375 0.01171875 0.028125
19 0.737060546875 0.5053125 0.00927734375 0.035625000000000004
34 0.7490234375 0.506875 0.009765625 0.03
26 0.76123046875 0.5040625 0.0078125 0.031875
100 0.724365234375 0.3959375 0.06982421875 0.024375