17 0.37939453125 0.2034375 0.013671875 0.010625
17 0.375732421875 0.2184375 0.01416015625 0.011875
17 0.37451171875 0.23375 0.013671875 0.0125
16 0.403076171875 0.2675 0.02099609375 0.025
11 0.45556640625 0.243125 0.2216796875 0.11
111 0.45751953125 0.4346875 0.021484375 0.029375000000000002
43 0.42578125 0.480625 0.009765625 0.0225
81 0.435546875 0.48125 0.009765625 0.0225
81 0.449951171875 0.4809375 0.00927734375 0.023125
85 0.4599609375 0.4809375 0.009765625 0.023125
76 0.47021484375 0.4809375 0.009765625 0.021875000000000002
71 0.480712890625 0.480625 0.00927734375 0.02125
77 0.490478515625 0.4809375 0.01025390625 0.023125
18 0.457763671875 0.480625 0.07763671875 0.03
1 0.456298828125 0.3121875 0.32470703125 0.441875
