52 0.4219422249539029 0.32648546144121365 0.4505224339274738 0.5025284450063211
54 0.41456668715427164 0.25410872313527183 0.32145052243392747 0.1415929203539823
59 0.3011677934849416 0.21049304677623262 0.0331899200983405 0.012642225031605564
59 0.3002458512599877 0.22597977243994946 0.027658266748617086 0.015802781289506955
71 0.4081130915795943 0.24399494310998737 0.013521819299323909 0.04677623261694058
0 0.4228641671788568 0.5123261694058154 0.10202827289489858 0.037294563843236414
55 0.3810694529809465 0.5132743362831859 0.018438844499078056 0.034134007585335024
10 0.39674247080516284 0.513590391908976 0.011677934849416103 0.03603034134007586
26 0.41272280270436384 0.513590391908976 0.011677934849416103 0.03603034134007586
26 0.42440073755377994 0.513590391908976 0.011677934849416103 0.03603034134007586
17 0.43822987092808846 0.513590391908976 0.012292562999385371 0.03603034134007586
32 0.4517516902274124 0.5145385587863465 0.014751075599262444 0.034134007585335024
7 0.46496619545175166 0.513590391908976 0.014136447449293177 0.03350189633375474
54 0.4231714812538414 0.4639696586599242 0.03995082974800245 0.039190897597977246