117 0.6172732524552281 0.3460087994971716 0.010976314269208549 0.0069138906348208675
117 0.6178509532062392 0.40037712130735387 0.03755054881571346 0.04022627278441232
43 0.5800115540150201 0.45065996228786925 0.010398613518197573 0.021370207416719043
81 0.5927209705372617 0.45160276555625395 0.010398613518197573 0.01948460087994972
77 0.6086077411900636 0.4509742300439975 0.006354708261120739 0.020741671904462602
79 0.6204506065857885 0.45191703331238214 0.008087810514153668 0.018856065367693277
88 0.6322934719815135 0.4522313010685104 0.009820912767186597 0.020741671904462602
96 0.6435586366262276 0.45160276555625395 0.010398613518197573 0.01948460087994972
77 0.6554015020219526 0.45065996228786925 0.008665511265164644 0.021370207416719043
18 0.6184286539572501 0.4509742300439975 0.08954361640670132 0.030798240100565682
17 0.5098209127671866 0.13796354494028912 0.010976314269208549 0.008170961659333752
17 0.5274407856730213 0.13859208045254556 0.015020219526285383 0.010685103708359522
17 0.5470826112073945 0.13702074167190448 0.016175621028307337 0.01005656819610308
14 0.6117850953206239 0.17347580138277813 0.008087810514153668 0.04022627278441232
11 0.6169844020797227 0.18447517284726586 0.29347198151357595 0.12005028284098052
2 0.6155401502021952 0.2595851665619108 0.40034662045060654 0.4663733500942803
