125 0.468505859375 0.3978125 0.03271484375 0.039375
43 0.4375 0.4525 0.0087890625 0.02
81 0.447265625 0.453125 0.0078125 0.01875
104 0.4609375 0.4521875 0.0078125 0.019375
78 0.47119140625 0.451875 0.0078125 0.0175
91 0.48046875 0.451875 0.0078125 0.02
80 0.490478515625 0.4509375 0.00732421875 0.018125
77 0.500732421875 0.4509375 0.00732421875 0.018125
18 0.46875 0.4509375 0.078125 0.029375000000000002
17 0.386962890625 0.1715625 0.01220703125 0.010625
11 0.458251953125 0.2178125 0.24267578125 0.123125
1 0.45849609375 0.28375 0.3212890625 0.42375
