43 0.437255859375 0.38125000000000003 0.00732421875 0.01875
81 0.44677734375 0.380625 0.0078125 0.01875
77 0.459228515625 0.3796875 0.00732421875 0.018125
71 0.46826171875 0.3803125 0.0029296875 0.019375
73 0.477294921875 0.38 0.00732421875 0.01875
81 0.486572265625 0.3796875 0.00732421875 0.018125
79 0.495361328125 0.379375 0.00830078125 0.0175
18 0.466552734375 0.38 0.06982421875 0.02625
17 0.385009765625 0.12125 0.01416015625 0.01
17 0.399169921875 0.12 0.01123046875 0.01
17 0.413818359375 0.12 0.01220703125 0.01
14 0.456787109375 0.1603125 0.00830078125 0.046875
12 0.505615234375 0.1234375 0.05419921875 0.020625
11 0.459716796875 0.164375 0.20556640625 0.11625
2 0.458740234375 0.2190625 0.28466796875 0.403125
17 0.99462890625 0.10625 0.0078125 0.0125
11 0.989501953125 0.1521875 0.01806640625 0.145625
3 0.938720703125 0.22312500000000002 0.11572265625 0.44625000000000004
