17 0.3212890625 0.1890625 0.013671875 0.010625
17 0.3203125 0.199375 0.0146484375 0.00875
17 0.33642578125 0.1871875 0.0146484375 0.010625
17 0.33447265625 0.19968750000000002 0.013671875 0.010625
17 0.3173828125 0.2103125 0.013671875 0.014375
17 0.33349609375 0.2125 0.017578125 0.015
11 0.405029296875 0.23093750000000002 0.21826171875 0.109375
127 0.408935546875 0.4446875 0.02099609375 0.024375
43 0.376953125 0.4921875 0.009765625 0.025625000000000002
81 0.386962890625 0.49343750000000003 0.01025390625 0.023125
75 0.400634765625 0.49343750000000003 0.01025390625 0.025625000000000002
78 0.4111328125 0.4915625 0.0107421875 0.021875000000000002
79 0.421142578125 0.4928125 0.00927734375 0.021875000000000002
76 0.442626953125 0.4903125 0.01025390625 0.021875000000000002
90 0.43115234375 0.4921875 0.0107421875 0.023125
18 0.409423828125 0.4925 0.07666015625 0.03375
1 0.4052734375 0.308125 0.33203125 0.43625
