127 0.106201171875 0.268125 0.02001953125 0.0225
43 0.0791015625 0.3128125 0.0068359375 0.018125
81 0.087646484375 0.31375000000000003 0.00732421875 0.01625
77 0.099609375 0.313125 0.005859375 0.0175
78 0.108642578125 0.313125 0.00634765625 0.01625
103 0.117919921875 0.3140625 0.00830078125 0.016875
88 0.127197265625 0.3146875 0.00732421875 0.018125
78 0.1357421875 0.31375000000000003 0.0068359375 0.01625
18 0.106689453125 0.314375 0.06689453125 0.02625
17 0.055419921875 0.058750000000000004 0.01123046875 0.0075
17 0.051513671875 0.068125 0.01123046875 0.0075
17 0.04736328125 0.07843750000000001 0.01171875 0.010625
11 0.1220703125 0.0990625 0.20703125 0.108125
1 0.142822265625 0.180625 0.28564453125 0.36125
125 0.50732421875 0.4859375 0.033203125 0.036875
43 0.473388671875 0.5387500000000001 0.01025390625 0.02125
81 0.484130859375 0.539375 0.00830078125 0.02
104 0.49853515625 0.539375 0.0068359375 0.02
71 0.50927734375 0.5390625 0.0029296875 0.021875000000000002
94 0.51904296875 0.539375 0.0087890625 0.0225
78 0.529541015625 0.5387500000000001 0.00830078125 0.01875
79 0.540283203125 0.5387500000000001 0.00830078125 0.02125
18 0.5068359375 0.5378125 0.0810546875 0.031875
17 0.42236328125 0.265 0.0126953125 0.01125
17 0.420166015625 0.27718750000000003 0.01220703125 0.013125
1 0.514404296875 0.2921875 0.25244140625 0.12562500000000001
11 0.516357421875 0.36312500000000003 0.33740234375 0.44875
