77 0.6302521008403361 0.2580441640378549 0.6741363211951448 0.5110410094637224
77 0.6405228758169935 0.18454258675078866 0.4593837535014006 0.15962145110410095
77 0.48552754435107376 0.12712933753943217 0.04108309990662932 0.017034700315457414
77 0.5350140056022409 0.12429022082018928 0.03734827264239029 0.02018927444794953
77 0.5798319327731093 0.12239747634069402 0.035480859010270774 0.01892744479495268
77 0.6601307189542484 0.23343848580441642 0.0784313725490196 0.03911671924290221
77 0.6302521008403361 0.4605678233438486 0.1531279178338002 0.03028391167192429
77 0.5676937441643324 0.46088328075709784 0.02054154995331466 0.030914826498422716
77 0.5882352941176471 0.46088328075709784 0.02054154995331466 0.03470031545741325
77 0.6134453781512605 0.46088328075709784 0.022408963585434174 0.03217665615141956
77 0.6339869281045752 0.45962145110410096 0.01680672268907563 0.03470031545741325
77 0.6512605042016807 0.4577287066246057 0.02334267040149393 0.030914826498422716
77 0.6713352007469655 0.4586750788643533 0.02054154995331466 0.03406940063091483
77 0.6942110177404296 0.4634069400630915 0.015873015873015872 0.03217665615141956
77 0.6372549019607844 0.36656151419558364 0.08496732026143791 0.032807570977917984