52 0.431884765625 0.23875000000000002 0.33837890625 0.41625
54 0.43212890625 0.163125 0.23046875 0.11375
59 0.34912109375 0.125 0.0146484375 0.0125
59 0.345947265625 0.135625 0.01806640625 0.0075
59 0.346435546875 0.1475 0.01611328125 0.0125
59 0.364013671875 0.13468750000000002 0.01708984375 0.010625
59 0.362548828125 0.146875 0.01416015625 0.01
59 0.378173828125 0.1240625 0.01220703125 0.014375
66 0.431640625 0.1890625 0.0322265625 0.015625
74 0.39599609375 0.1909375 0.02734375 0.018125
0 0.441162109375 0.37593750000000004 0.07080078125 0.029375000000000002
55 0.41064453125 0.375 0.0126953125 0.03
10 0.42138671875 0.375625 0.0078125 0.02875
14 0.433349609375 0.37593750000000004 0.00830078125 0.026875
34 0.44287109375 0.375625 0.01171875 0.02375
15 0.45166015625 0.3775 0.0087890625 0.03125
18 0.46142578125 0.376875 0.0078125 0.0275
5 0.470947265625 0.3775 0.01123046875 0.0275
76 0.43994140625 0.3465625 0.0302734375 0.026875