17 0.48681640625 0.1890625 0.0166015625 0.010625
17 0.485107421875 0.2028125 0.01611328125 0.013125
11 0.569091796875 0.2328125 0.23876953125 0.135625
43 0.54443359375 0.5071875 0.0107421875 0.028125
81 0.554443359375 0.5071875 0.01123046875 0.025625000000000002
75 0.569091796875 0.5084375 0.01123046875 0.025625000000000002
78 0.57958984375 0.5090625 0.009765625 0.024375
80 0.590087890625 0.5071875 0.01123046875 0.020625
71 0.599853515625 0.5084375 0.00732421875 0.023125
73 0.610107421875 0.5090625 0.01123046875 0.024375
18 0.5771484375 0.504375 0.083984375 0.03375
2 0.57861328125 0.3025 0.353515625 0.52
