52 0.477294921875 0.3021875 0.41748046875 0.589375
54 0.47119140625 0.2184375 0.3037109375 0.171875
59 0.3759765625 0.16375 0.0166015625 0.02125
59 0.398193359375 0.1653125 0.02294921875 0.018125
0 0.46826171875 0.5225 0.091796875 0.04125
55 0.42919921875 0.525625 0.0146484375 0.04125
10 0.441162109375 0.5259375000000001 0.01123046875 0.041875
26 0.45751953125 0.526875 0.009765625 0.0375
20 0.47021484375 0.5278125 0.0107421875 0.036875
37 0.4814453125 0.52625 0.009765625 0.03
37 0.49267578125 0.525625 0.01171875 0.03125
8 0.508544921875 0.5265625 0.01318359375 0.034375
72 0.46728515625 0.4715625 0.0341796875 0.044375