17 0.439697265625 0.19968750000000002 0.01416015625 0.011875
17 0.43896484375 0.213125 0.015625 0.01125
11 0.51611328125 0.2484375 0.234375 0.15812500000000002
113 0.511962890625 0.4259375 0.02783203125 0.026875
43 0.48193359375 0.48375 0.009765625 0.02125
81 0.491943359375 0.485 0.00732421875 0.02
79 0.505615234375 0.48562500000000003 0.00732421875 0.02
77 0.515625 0.48562500000000003 0.0087890625 0.02125
72 0.525634765625 0.4865625 0.01025390625 0.021875000000000002
74 0.5361328125 0.48562500000000003 0.0087890625 0.02125
73 0.545166015625 0.4859375 0.00927734375 0.023125
18 0.513916015625 0.48562500000000003 0.07763671875 0.035
2 0.516845703125 0.30593750000000003 0.32861328125 0.476875
