2 0.4873046875 0.3075 0.357421875 0.5175
113 0.486083984375 0.4546875 0.02392578125 0.030625
18 0.486083984375 0.5121875 0.07861328125 0.028125
33 0.45361328125 0.5121875 0.009765625 0.023125
82 0.462890625 0.511875 0.0107421875 0.02375
82 0.48828125 0.511875 0.009765625 0.02375
101 0.4990234375 0.5115625 0.0107421875 0.023125
78 0.4775390625 0.5125 0.01171875 0.025
79 0.50927734375 0.511875 0.009765625 0.02375
80 0.51953125 0.5109375 0.009765625 0.024375
11 0.48583984375 0.2390625 0.234375 0.130625
17 0.396240234375 0.226875 0.01708984375 0.015
17 0.397705078125 0.20750000000000002 0.01416015625 0.015
17 0.4013671875 0.19375 0.013671875 0.01125
