52 0.39697265625 0.31 0.408203125 0.6062500000000001
54 0.39892578125 0.24625 0.3076171875 0.17125
59 0.29931640625 0.210625 0.025390625 0.01
59 0.29931640625 0.23093750000000002 0.0224609375 0.016875
0 0.3994140625 0.5565625 0.09765625 0.034375
55 0.35693359375 0.5565625 0.017578125 0.030625
10 0.370849609375 0.5575 0.01025390625 0.0325
39 0.387451171875 0.5590625 0.01220703125 0.029375000000000002
6 0.399658203125 0.5590625 0.01220703125 0.029375000000000002
14 0.412353515625 0.555625 0.01611328125 0.02875
11 0.425048828125 0.5571875000000001 0.00927734375 0.029375000000000002
15 0.435546875 0.55625 0.0146484375 0.0275
63 0.40087890625 0.48875 0.060546875 0.06