53 0.483154296875 0.24625 0.36962890625 0.4875
54 0.47509765625 0.1240625 0.265625 0.146875
59 0.389404296875 0.0803125 0.02392578125 0.018125
59 0.386474609375 0.09468750000000001 0.02099609375 0.015625
0 0.49072265625 0.3775 0.078125 0.03125
55 0.458984375 0.378125 0.01171875 0.0325
10 0.46875 0.3784375 0.009765625 0.026875
20 0.482666015625 0.3790625 0.00634765625 0.025625000000000002
26 0.491455078125 0.3796875 0.01123046875 0.029375000000000002
5 0.50244140625 0.3803125 0.0087890625 0.030625
5 0.51220703125 0.3796875 0.0107421875 0.029375000000000002
11 0.522705078125 0.376875 0.01416015625 0.02375
65 0.53515625 0.3309375 0.0283203125 0.016875