1 0.6845703125 0.28 0.353515625 0.5375
11 0.6796875 0.201875 0.271484375 0.13875
17 0.579345703125 0.1640625 0.01611328125 0.013125
17 0.60888671875 0.1465625 0.0126953125 0.014375
15 0.567626953125 0.24625 0.02099609375 0.043750000000000004
122 0.69482421875 0.43593750000000003 0.0380859375 0.025625000000000002
18 0.696044921875 0.49062500000000003 0.08642578125 0.03
43 0.65966796875 0.491875 0.009765625 0.03
81 0.671630859375 0.49062500000000003 0.01220703125 0.0275
80 0.687255859375 0.49062500000000003 0.01318359375 0.0275
96 0.697998046875 0.49 0.01220703125 0.02875
106 0.710205078125 0.49 0.01416015625 0.02625
79 0.72265625 0.489375 0.0107421875 0.025
71 0.734619140625 0.48875 0.00732421875 0.02625
14 0.6787109375 0.1896875 0.0107421875 0.069375
