51 0.101318359375 0.1121875 0.10595703125 0.224375
69 0.489013671875 0.2815625 0.41064453125 0.563125
54 0.488525390625 0.1940625 0.27294921875 0.183125
59 0.387451171875 0.131875 0.02001953125 0.0175
59 0.38037109375 0.14906250000000001 0.021484375 0.016875
71 0.457763671875 0.16593750000000002 0.01611328125 0.081875
66 0.489990234375 0.231875 0.04541015625 0.03625
74 0.580810546875 0.2346875 0.01904296875 0.030625
74 0.604248046875 0.2328125 0.02294921875 0.026875
0 0.481201171875 0.4821875 0.08935546875 0.039375
55 0.443115234375 0.4784375 0.01318359375 0.035625000000000004
10 0.455078125 0.479375 0.0107421875 0.03375
11 0.47265625 0.4809375 0.0107421875 0.034375
11 0.4833984375 0.481875 0.0107421875 0.03625
34 0.493896484375 0.48281250000000003 0.01025390625 0.038125
12 0.505126953125 0.481875 0.01220703125 0.03625
15 0.5185546875 0.48281250000000003 0.0146484375 0.040625
77 0.48046875 0.4234375 0.0478515625 0.039375