17 0.444580078125 0.2096875 0.01318359375 0.011875
17 0.443603515625 0.22 0.01513671875 0.00875
11 0.52734375 0.261875 0.2265625 0.12125
144 0.530517578125 0.4596875 0.03271484375 0.015625
43 0.50732421875 0.5053125 0.0087890625 0.024375
106 0.521484375 0.5059375 0.0107421875 0.025625000000000002
76 0.531005859375 0.50625 0.00830078125 0.025
75 0.541748046875 0.5053125 0.01318359375 0.024375
104 0.5517578125 0.504375 0.0087890625 0.02625
80 0.56103515625 0.5053125 0.009765625 0.028125
18 0.529541015625 0.505 0.07861328125 0.03375
1 0.53173828125 0.34 0.3359375 0.445
