184 0.397216796875 0.255 0.01220703125 0.02375
43 0.37060546875 0.389375 0.0078125 0.01875
81 0.379638671875 0.388125 0.00732421875 0.01875
78 0.392333984375 0.3884375 0.00732421875 0.018125
71 0.4013671875 0.388125 0.00390625 0.01875
96 0.409912109375 0.386875 0.00830078125 0.01875
96 0.4189453125 0.38625 0.0068359375 0.0175
79 0.428466796875 0.38625 0.00732421875 0.01875
18 0.3994140625 0.388125 0.0703125 0.0275
16 0.38525390625 0.165625 0.0244140625 0.03125
17 0.3125 0.1 0.0087890625 0.00875
17 0.324951171875 0.1003125 0.01318359375 0.011875
17 0.311279296875 0.111875 0.01220703125 0.01125
17 0.325439453125 0.1128125 0.01416015625 0.011875
11 0.3974609375 0.14 0.2294921875 0.1225
3 0.396728515625 0.209375 0.30615234375 0.41875
