52 0.646484375 0.296875 0.326171875 0.445
54 0.637451171875 0.23125 0.23876953125 0.13
59 0.564697265625 0.186875 0.01904296875 0.015
59 0.58056640625 0.18812500000000001 0.0146484375 0.0125
0 0.648193359375 0.4609375 0.07666015625 0.035625000000000004
55 0.615966796875 0.46218750000000003 0.01025390625 0.033125
10 0.625732421875 0.463125 0.00732421875 0.0275
8 0.64013671875 0.46218750000000003 0.0068359375 0.029375000000000002
26 0.649169921875 0.465 0.00830078125 0.03625
31 0.657958984375 0.46375 0.00927734375 0.04
21 0.66943359375 0.46468750000000003 0.01171875 0.029375000000000002
11 0.6796875 0.464375 0.01171875 0.02875
72 0.647705078125 0.4175 0.02880859375 0.03375