2 0.9375 0.294375 0.1201171875 0.34500000000000003
125 0.425537109375 0.3815625 0.02783203125 0.034375
43 0.396484375 0.4321875 0.0087890625 0.018125
81 0.406005859375 0.4325 0.00634765625 0.0175
104 0.418701171875 0.4321875 0.00732421875 0.018125
78 0.427978515625 0.4321875 0.00732421875 0.016875
81 0.4375 0.4315625 0.0068359375 0.016875
76 0.44677734375 0.4315625 0.0078125 0.016875
71 0.455810546875 0.4315625 0.00341796875 0.019375
18 0.42626953125 0.431875 0.0712890625 0.02625
16 0.38916015625 0.24375 0.0234375 0.02625
17 0.3779296875 0.1775 0.013671875 0.01
17 0.3955078125 0.179375 0.0107421875 0.01
11 0.42236328125 0.22 0.2265625 0.11125
1 0.42333984375 0.28125 0.2998046875 0.3875
