3 0.044677734375 0.4859375 0.09326171875 0.698125
119 0.46484375 0.3975 0.0244140625 0.0275
43 0.427734375 0.5115625 0.0087890625 0.020625
81 0.438720703125 0.5121875 0.00830078125 0.020625
77 0.455322265625 0.511875 0.01025390625 0.02125
99 0.47900390625 0.5134375 0.009765625 0.023125
73 0.4912109375 0.513125 0.0087890625 0.02375
105 0.502197265625 0.51375 0.00830078125 0.025
18 0.465576171875 0.51375 0.09033203125 0.03625
16 0.492919921875 0.2459375 0.02490234375 0.021875000000000002
17 0.364013671875 0.1209375 0.01220703125 0.010625
17 0.361083984375 0.13593750000000002 0.01806640625 0.015625
17 0.357421875 0.15687500000000001 0.0166015625 0.01625
11 0.462890625 0.1915625 0.2783203125 0.200625
3 0.46533203125 0.2765625 0.384765625 0.5543750000000001
