2 0.755859375 0.26125 0.35546875 0.445
113 0.809326171875 0.37875000000000003 0.02099609375 0.02625
18 0.812255859375 0.4396875 0.07568359375 0.029375000000000002
43 0.780029296875 0.4403125 0.00927734375 0.024375
81 0.7890625 0.4403125 0.0087890625 0.024375
71 0.802978515625 0.4390625 0.00830078125 0.024375
75 0.813720703125 0.43843750000000004 0.00927734375 0.025625000000000002
81 0.82373046875 0.4378125 0.0107421875 0.024375
96 0.831787109375 0.4371875 0.00927734375 0.025625000000000002
73 0.84228515625 0.4371875 0.01171875 0.023125
11 0.773681640625 0.1978125 0.21728515625 0.11937500000000001
