52 0.67333984375 0.28250000000000003 0.384765625 0.51125
54 0.672607421875 0.195625 0.27490234375 0.14125000000000001
59 0.572998046875 0.15156250000000002 0.01904296875 0.018125
59 0.565673828125 0.1696875 0.02392578125 0.015625
74 0.646240234375 0.23125 0.02392578125 0.04
0 0.67724609375 0.485 0.0908203125 0.0325
55 0.638916015625 0.48562500000000003 0.01611328125 0.03125
10 0.651123046875 0.4875 0.01220703125 0.0325
7 0.667236328125 0.48562500000000003 0.01220703125 0.03375
20 0.678466796875 0.48625 0.01220703125 0.035
8 0.6904296875 0.48625 0.01171875 0.0375
20 0.701904296875 0.485 0.00927734375 0.0325
11 0.713623046875 0.48562500000000003 0.01220703125 0.03625
94 0.6728515625 0.4015625 0.03125 0.023125