115 0.463134765625 0.42812500000000003 0.04833984375 0.02125
43 0.431396484375 0.465 0.00830078125 0.02
90 0.44189453125 0.465 0.0087890625 0.02
71 0.45556640625 0.4653125 0.0029296875 0.020625
76 0.466064453125 0.465 0.00830078125 0.02
76 0.476318359375 0.464375 0.00732421875 0.01875
76 0.49609375 0.46375 0.0087890625 0.02
79 0.486083984375 0.464375 0.00830078125 0.01875
18 0.464111328125 0.464375 0.07861328125 0.03125
14 0.458251953125 0.22062500000000002 0.00830078125 0.0475
17 0.36962890625 0.1853125 0.0126953125 0.009375
11 0.455078125 0.21156250000000001 0.2470703125 0.121875
1 0.45947265625 0.291875 0.33203125 0.44
