53 0.578369140625 0.21531250000000002 0.35205078125 0.424375
54 0.584716796875 0.1378125 0.23876953125 0.128125
59 0.492919921875 0.09468750000000001 0.01416015625 0.014375
59 0.4970703125 0.11031250000000001 0.0205078125 0.010625
59 0.498291015625 0.1234375 0.01806640625 0.015625
66 0.506103515625 0.1778125 0.02392578125 0.029375000000000002
66 0.53564453125 0.1734375 0.025390625 0.038125
0 0.61181640625 0.3834375 0.068359375 0.026875
55 0.582275390625 0.3859375 0.00732421875 0.029375000000000002
10 0.591064453125 0.38656250000000003 0.00830078125 0.025625000000000002
12 0.603759765625 0.38406250000000003 0.00634765625 0.020625
8 0.6123046875 0.38406250000000003 0.0087890625 0.023125
7 0.621337890625 0.3853125 0.00927734375 0.025625000000000002
21 0.629638671875 0.3834375 0.00927734375 0.024375
6 0.64013671875 0.38406250000000003 0.01171875 0.028125
84 0.61181640625 0.31125 0.04296875 0.0175