117 0.601318359375 0.350625 0.01416015625 0.01875
43 0.56689453125 0.4834375 0.0087890625 0.021875000000000002
81 0.578369140625 0.4834375 0.00830078125 0.021875000000000002
88 0.593994140625 0.483125 0.00927734375 0.0225
76 0.60546875 0.4834375 0.009765625 0.021875000000000002
73 0.616455078125 0.48375 0.01025390625 0.02375
73 0.628173828125 0.48281250000000003 0.00830078125 0.023125
73 0.639892578125 0.48125 0.00830078125 0.0225
18 0.603515625 0.4821875 0.083984375 0.029375000000000002
17 0.499267578125 0.110625 0.01513671875 0.0125
17 0.51806640625 0.11 0.0126953125 0.01125
17 0.49560546875 0.123125 0.015625 0.00875
17 0.4912109375 0.1371875 0.013671875 0.013125
11 0.594482421875 0.15812500000000002 0.27978515625 0.14
1 0.595947265625 0.2621875 0.38623046875 0.520625
