69 0.587890625 0.231875 0.373046875 0.4575
54 0.585205078125 0.1153125 0.27880859375 0.165625
59 0.47314453125 0.0684375 0.013671875 0.019375
59 0.49072265625 0.0690625 0.013671875 0.016875
59 0.48828125 0.05375 0.013671875 0.0075
0 0.58740234375 0.39125 0.0712890625 0.02875
55 0.556884765625 0.393125 0.00927734375 0.02875
10 0.56640625 0.39125 0.0087890625 0.025
10 0.5791015625 0.393125 0.0087890625 0.025
11 0.587158203125 0.3921875 0.00927734375 0.025625000000000002
42 0.59716796875 0.39375 0.009765625 0.02625
5 0.606689453125 0.39187500000000003 0.00732421875 0.02625
7 0.615966796875 0.39156250000000004 0.00927734375 0.024375
86 0.5869140625 0.34218750000000003 0.03515625 0.021875000000000002