17 0.401123046875 0.21281250000000002 0.01318359375 0.011875
17 0.39892578125 0.2253125 0.0146484375 0.011875
11 0.49072265625 0.2359375 0.251953125 0.130625
16 0.58984375 0.2684375 0.0283203125 0.016875
125 0.500244140625 0.414375 0.03564453125 0.04125
43 0.46826171875 0.470625 0.009765625 0.02125
81 0.478515625 0.47125 0.0087890625 0.02
104 0.4931640625 0.4709375 0.0087890625 0.020625
78 0.503173828125 0.470625 0.00830078125 0.02125
71 0.523681640625 0.4709375 0.00537109375 0.020625
75 0.53369140625 0.4703125 0.0107421875 0.020625
87 0.51318359375 0.4709375 0.009765625 0.020625
18 0.50146484375 0.4703125 0.080078125 0.029375000000000002
1 0.4912109375 0.2790625 0.3310546875 0.499375
