17 0.4208984375 0.0846875 0.0107421875 0.008125
17 0.418212890625 0.0965625 0.01806640625 0.014375
17 0.4150390625 0.111875 0.0087890625 0.01
17 0.412841796875 0.14250000000000002 0.01611328125 0.01625
17 0.4111328125 0.1596875 0.017578125 0.016875
14 0.518798828125 0.1390625 0.00830078125 0.066875
15 0.46435546875 0.193125 0.0390625 0.0225
16 0.520751953125 0.1834375 0.01416015625 0.021875000000000002
11 0.517333984375 0.155 0.26708984375 0.16875
124 0.517578125 0.381875 0.02734375 0.02875
43 0.480712890625 0.445625 0.01025390625 0.02375
81 0.4921875 0.4475 0.0107421875 0.025
81 0.5078125 0.4471875 0.009765625 0.024375
77 0.51953125 0.4478125 0.0107421875 0.024375
76 0.53173828125 0.448125 0.0107421875 0.02375
75 0.55517578125 0.4471875 0.0107421875 0.023125
100 0.543701171875 0.448125 0.01123046875 0.025
18 0.518310546875 0.44656250000000003 0.09033203125 0.035625000000000004
2 0.52001953125 0.2646875 0.3759765625 0.529375
