3 0.6435546875 0.2225 0.310546875 0.4475
142 0.6494140625 0.3246875 0.0166015625 0.019375
18 0.64990234375 0.3821875 0.0703125 0.028125
43 0.62109375 0.3803125 0.0107421875 0.024375
81 0.630615234375 0.380625 0.00830078125 0.0225
73 0.643798828125 0.3809375 0.00927734375 0.025625000000000002
80 0.653076171875 0.3803125 0.00927734375 0.024375
104 0.662109375 0.379375 0.0087890625 0.025
80 0.671142578125 0.38 0.00927734375 0.02375
82 0.680419921875 0.379375 0.00927734375 0.025
11 0.6455078125 0.125 0.216796875 0.1275
17 0.552734375 0.0990625 0.013671875 0.010625
17 0.5576171875 0.0853125 0.0166015625 0.013125
17 0.574462890625 0.07625 0.01318359375 0.0125
17 0.559814453125 0.073125 0.00830078125 0.0075
14 0.638671875 0.1203125 0.01171875 0.056875
15 0.596435546875 0.171875 0.01708984375 0.025
