69 0.4970703125 0.265625 0.31640625 0.51625
54 0.49560546875 0.2328125 0.228515625 0.143125
59 0.406005859375 0.18 0.01708984375 0.0175
59 0.4033203125 0.196875 0.0166015625 0.0175
59 0.4013671875 0.2165625 0.015625 0.020625
0 0.4912109375 0.49343750000000003 0.076171875 0.030625
91 0.45947265625 0.49343750000000003 0.013671875 0.029375000000000002
21 0.471923828125 0.4928125 0.01123046875 0.029375000000000002
25 0.483642578125 0.49375 0.01025390625 0.035
11 0.494873046875 0.494375 0.00927734375 0.0325
26 0.503662109375 0.494375 0.00830078125 0.03
14 0.51416015625 0.49343750000000003 0.0126953125 0.029375000000000002
14 0.524658203125 0.49343750000000003 0.00830078125 0.031875
77 0.493408203125 0.3921875 0.02197265625 0.024375