1 0.3203125 0.24 0.31640625 0.3875
150 0.353271484375 0.3671875 0.02783203125 0.020625
11 0.327880859375 0.1740625 0.20849609375 0.10312500000000001
17 0.240478515625 0.139375 0.00732421875 0.0075
17 0.239990234375 0.14906250000000001 0.01025390625 0.009375
17 0.240478515625 0.16 0.01123046875 0.01
18 0.354736328125 0.3965625 0.06591796875 0.025625000000000002
43 0.3271484375 0.3975 0.0087890625 0.02375
81 0.336181640625 0.3965625 0.00927734375 0.023125
80 0.347900390625 0.3959375 0.00927734375 0.021875000000000002
83 0.357666015625 0.3953125 0.00927734375 0.023125
96 0.375244140625 0.39437500000000003 0.00732421875 0.02375
79 0.366943359375 0.3946875 0.00927734375 0.024375
80 0.383544921875 0.3940625 0.00830078125 0.024375
