53 0.34521484375 0.29 0.3828125 0.58
58 0.353515625 0.4146875 0.046875 0.031875
0 0.357177734375 0.5021875 0.08056640625 0.025625000000000002
55 0.32470703125 0.5028125 0.0107421875 0.024375
10 0.333984375 0.5015625 0.0068359375 0.021875000000000002
18 0.346923828125 0.5021875 0.01318359375 0.025625000000000002
25 0.358642578125 0.5021875 0.00927734375 0.023125
16 0.36962890625 0.5025000000000001 0.0078125 0.025
15 0.379150390625 0.5034375 0.01025390625 0.026875
11 0.389892578125 0.5009375 0.00830078125 0.021875000000000002
0 0.35009765625 0.2240625 0.2666015625 0.141875
59 0.236572265625 0.1753125 0.01416015625 0.013125
59 0.25390625 0.18 0.013671875 0.0125
59 0.2705078125 0.1778125 0.0146484375 0.014375
66 0.323486328125 0.275 0.02783203125 0.02625