69 0.48388671875 0.250625 0.3388671875 0.50125
54 0.476806640625 0.1909375 0.24951171875 0.141875
59 0.384521484375 0.15812500000000002 0.01904296875 0.02
59 0.4033203125 0.15937500000000002 0.015625 0.01375
0 0.482666015625 0.4525 0.07568359375 0.02625
55 0.4501953125 0.4534375 0.013671875 0.028125
10 0.46044921875 0.4534375 0.01171875 0.030625
11 0.4755859375 0.4521875 0.0107421875 0.030625
16 0.484375 0.4521875 0.009765625 0.030625
6 0.493408203125 0.4534375 0.00830078125 0.028125
10 0.503173828125 0.4534375 0.00830078125 0.028125
15 0.51513671875 0.4503125 0.015625 0.024375
81 0.48046875 0.3115625 0.0107421875 0.028125