69 0.491943359375 0.195625 0.30615234375 0.38625
54 0.49072265625 0.11125 0.232421875 0.1225
59 0.408935546875 0.06875 0.01708984375 0.01375
59 0.407470703125 0.0853125 0.01611328125 0.014375
59 0.424560546875 0.0684375 0.01220703125 0.019375
59 0.439208984375 0.07125000000000001 0.01123046875 0.01875
59 0.450927734375 0.0678125 0.01220703125 0.023125
59 0.466064453125 0.07 0.01220703125 0.01625
66 0.44677734375 0.1484375 0.0322265625 0.019375
0 0.498046875 0.3584375 0.068359375 0.029375000000000002
55 0.468505859375 0.3584375 0.00927734375 0.026875
10 0.4775390625 0.3571875 0.0087890625 0.026875
20 0.489501953125 0.3584375 0.00927734375 0.024375
15 0.49951171875 0.3584375 0.0068359375 0.029375000000000002
13 0.507568359375 0.3590625 0.00927734375 0.025625000000000002
26 0.516357421875 0.3571875 0.00830078125 0.024375
11 0.5263671875 0.3571875 0.01171875 0.026875
58 0.49609375 0.2515625 0.0302734375 0.024375