7 0.259033203125 0.8115625 0.17236328125 0.296875
17 0.61181640625 0.130625 0.009765625 0.0075
17 0.611328125 0.1396875 0.0126953125 0.010625
17 0.608642578125 0.15031250000000002 0.01513671875 0.010625
15 0.663330078125 0.1978125 0.02880859375 0.033125
16 0.62060546875 0.204375 0.0341796875 0.0275
11 0.69921875 0.1728125 0.21484375 0.128125
113 0.720458984375 0.3490625 0.02294921875 0.025625000000000002
43 0.692626953125 0.39625 0.00830078125 0.02
81 0.701171875 0.3965625 0.0087890625 0.019375
77 0.714599609375 0.395625 0.00830078125 0.02125
72 0.7421875 0.3959375 0.0087890625 0.020625
76 0.750732421875 0.3953125 0.00830078125 0.020625
105 0.723388671875 0.39625 0.00732421875 0.02
105 0.73291015625 0.3953125 0.0078125 0.019375
18 0.7216796875 0.3959375 0.0712890625 0.029375000000000002
1 0.689208984375 0.2253125 0.31005859375 0.42562500000000003
