17 0.472412109375 0.16718750000000002 0.01123046875 0.011875
17 0.469970703125 0.1790625 0.00927734375 0.009375
15 0.508056640625 0.230625 0.02392578125 0.02625
14 0.54345703125 0.19625 0.009765625 0.05
11 0.548095703125 0.196875 0.20458984375 0.10125
201 0.55859375 0.3625 0.025390625 0.02375
43 0.52978515625 0.4140625 0.009765625 0.021875000000000002
81 0.5390625 0.41500000000000004 0.0087890625 0.02375
78 0.551513671875 0.4146875 0.00927734375 0.023125
105 0.560302734375 0.4140625 0.00830078125 0.023125
76 0.5693359375 0.414375 0.0107421875 0.0225
71 0.578369140625 0.4134375 0.00830078125 0.020625
78 0.587646484375 0.4146875 0.00927734375 0.023125
18 0.558837890625 0.4140625 0.06884765625 0.025625000000000002
1 0.54736328125 0.256875 0.294921875 0.37625000000000003
