69 0.615234375 0.3071875 0.34765625 0.591875
54 0.614990234375 0.2665625 0.27099609375 0.136875
59 0.516845703125 0.2178125 0.01318359375 0.009375
59 0.521728515625 0.2315625 0.01708984375 0.014375
59 0.521240234375 0.2525 0.02294921875 0.02
59 0.515869140625 0.27375 0.02001953125 0.015
66 0.610107421875 0.2990625 0.02294921875 0.043125000000000004
71 0.613525390625 0.238125 0.00732421875 0.0675
0 0.61572265625 0.5059375 0.0791015625 0.028125
55 0.582763671875 0.505 0.01123046875 0.025
10 0.594482421875 0.5059375 0.00830078125 0.026875
5 0.607177734375 0.506875 0.01123046875 0.02875
16 0.619384765625 0.5065625 0.00830078125 0.029375000000000002
12 0.626953125 0.5075000000000001 0.009765625 0.03125
30 0.637451171875 0.506875 0.01220703125 0.02875
5 0.648681640625 0.50625 0.01025390625 0.02875
58 0.61376953125 0.4534375 0.03515625 0.030625