2 0.021484375 0.1084375 0.04296875 0.216875
17 0.866455078125 0.2078125 0.01904296875 0.013125
17 0.8642578125 0.22187500000000002 0.015625 0.0125
17 0.850341796875 0.239375 0.01416015625 0.015
15 0.932861328125 0.30875 0.02392578125 0.0275
15 0.910400390625 0.315 0.02294921875 0.02
16 0.960693359375 0.30125 0.01611328125 0.025
11 0.91259765625 0.26375 0.1708984375 0.165
113 0.992431640625 0.4684375 0.01220703125 0.025625000000000002
43 0.96435546875 0.5553125 0.0107421875 0.025625000000000002
81 0.974609375 0.55625 0.0078125 0.02375
85 0.990234375 0.5559375 0.0107421875 0.026875
85 0.977294921875 0.5578125 0.04345703125 0.038125
2 0.87158203125 0.3221875 0.255859375 0.581875
