17 0.42431640625 0.14 0.01171875 0.01
12 0.454833984375 0.12687500000000002 0.05419921875 0.0125
12 0.549560546875 0.1246875 0.05419921875 0.020625
17 0.423095703125 0.1525 0.01220703125 0.01125
15 0.442138671875 0.1990625 0.02392578125 0.014375
16 0.502685546875 0.1903125 0.00927734375 0.014375
11 0.510009765625 0.1625 0.20751953125 0.11
133 0.5185546875 0.328125 0.0224609375 0.0175
43 0.49072265625 0.380625 0.0087890625 0.0225
81 0.499267578125 0.3796875 0.01123046875 0.020625
72 0.512451171875 0.3809375 0.00927734375 0.020625
78 0.52197265625 0.379375 0.009765625 0.02
71 0.5400390625 0.3796875 0.0087890625 0.020625
104 0.53125 0.380625 0.0087890625 0.0225
104 0.634521484375 0.43343750000000003 0.00244140625 0.000625
94 0.549072265625 0.3796875 0.00927734375 0.020625
18 0.519775390625 0.38 0.07275390625 0.0275
1 0.505859375 0.2253125 0.3173828125 0.413125
