52 0.68017578125 0.25906250000000003 0.34765625 0.435625
54 0.68115234375 0.195 0.216796875 0.115
0 0.705078125 0.4121875 0.0771484375 0.028125
55 0.674560546875 0.413125 0.01123046875 0.03
10 0.683837890625 0.41375 0.00732421875 0.0325
19 0.6982421875 0.4115625 0.0087890625 0.026875
6 0.70654296875 0.41250000000000003 0.0068359375 0.02875
40 0.716064453125 0.4128125 0.00927734375 0.030625
6 0.7236328125 0.41375 0.0068359375 0.02875
16 0.736328125 0.41250000000000003 0.009765625 0.02875
72 0.702880859375 0.36375 0.03076171875 0.03875