52 0.058837890625 0.15687500000000001 0.12255859375 0.31125
52 0.563720703125 0.2396875 0.30615234375 0.380625
54 0.563232421875 0.1728125 0.21435546875 0.123125
59 0.486083984375 0.1328125 0.01806640625 0.005625
59 0.48583984375 0.1421875 0.0166015625 0.010625
66 0.53955078125 0.1975 0.0234375 0.03125
74 0.56201171875 0.2003125 0.01953125 0.026875
0 0.568115234375 0.3825 0.07080078125 0.03
55 0.5400390625 0.3828125 0.0107421875 0.026875
26 0.550048828125 0.38125000000000003 0.00927734375 0.0275
14 0.5615234375 0.3821875 0.0087890625 0.026875
6 0.570556640625 0.3834375 0.00927734375 0.025625000000000002
37 0.57958984375 0.383125 0.0087890625 0.0275
30 0.5888671875 0.3834375 0.009765625 0.025625000000000002
7 0.59912109375 0.381875 0.009765625 0.02625
122 0.5703125 0.33625 0.0263671875 0.01875