17 0.69287109375 0.18625 0.015625 0.01125
17 0.70751953125 0.184375 0.0146484375 0.0125
14 0.78173828125 0.228125 0.0166015625 0.06125
11 0.786865234375 0.22718750000000001 0.24072265625 0.124375
181 0.7880859375 0.414375 0.025390625 0.015
43 0.752197265625 0.4921875 0.01123046875 0.021875000000000002
81 0.76318359375 0.49375 0.0107421875 0.0225
90 0.7783203125 0.49343750000000003 0.009765625 0.023125
79 0.7880859375 0.4925 0.0107421875 0.02625
101 0.799072265625 0.49375 0.01123046875 0.0225
72 0.80908203125 0.4946875 0.0107421875 0.023125
77 0.820068359375 0.4953125 0.01025390625 0.025625000000000002
18 0.785400390625 0.49312500000000004 0.08251953125 0.0325
2 0.785400390625 0.2990625 0.35693359375 0.514375
98 0.356201171875 0.3978125 0.00634765625 0.011875
77 0.362060546875 0.3978125 0.00537109375 0.013125
78 0.36767578125 0.3978125 0.005859375 0.011875
74 0.373779296875 0.3984375 0.00634765625 0.013125
78 0.37890625 0.39875 0.005859375 0.01375
18 0.3681640625 0.395625 0.0322265625 0.02
7 0.382080078125 0.330625 0.15380859375 0.40750000000000003
