17 0.484375 0.19718750000000002 0.01171875 0.010625
17 0.498291015625 0.1953125 0.01513671875 0.013125
17 0.46630859375 0.20875 0.01171875 0.01125
11 0.555419921875 0.2290625 0.23291015625 0.110625
112 0.552490234375 0.4484375 0.02685546875 0.025625000000000002
43 0.522216796875 0.495 0.00927734375 0.02125
81 0.531982421875 0.49625 0.00927734375 0.01875
79 0.54541015625 0.4965625 0.0087890625 0.021875000000000002
77 0.57568359375 0.4978125 0.0087890625 0.021875000000000002
75 0.585693359375 0.49625 0.00830078125 0.0225
92 0.556396484375 0.4975 0.01025390625 0.0225
90 0.56689453125 0.4965625 0.0078125 0.020625
18 0.552490234375 0.496875 0.07763671875 0.0325
1 0.5556640625 0.3184375 0.3330078125 0.460625
