1 0.7197265625 0.28500000000000003 0.337890625 0.4575
11 0.7177734375 0.20625000000000002 0.2275390625 0.10625
17 0.629638671875 0.168125 0.01318359375 0.01375
17 0.624267578125 0.1821875 0.01318359375 0.016875
18 0.72900390625 0.46375 0.076171875 0.0325
126 0.7265625 0.39968750000000003 0.0146484375 0.016875
43 0.69580078125 0.4640625 0.0107421875 0.023125
81 0.705810546875 0.4640625 0.00927734375 0.025625000000000002
75 0.719970703125 0.4628125 0.01025390625 0.025625000000000002
88 0.730224609375 0.4634375 0.01025390625 0.024375
85 0.740234375 0.4628125 0.009765625 0.025625000000000002
78 0.750244140625 0.4640625 0.01025390625 0.025625000000000002
71 0.760498046875 0.4628125 0.00732421875 0.025625000000000002
