43 0.4794921875 0.45375 0.0078125 0.02
81 0.489501953125 0.45375 0.00732421875 0.02
71 0.503173828125 0.4528125 0.00244140625 0.020625
73 0.51318359375 0.4521875 0.0078125 0.019375
73 0.523193359375 0.4521875 0.00732421875 0.019375
99 0.533203125 0.4525 0.0078125 0.01875
72 0.543212890625 0.4528125 0.00830078125 0.020625
18 0.511474609375 0.4528125 0.07666015625 0.029375000000000002
150 0.5107421875 0.4140625 0.03125 0.020625
17 0.41845703125 0.1678125 0.013671875 0.011875
17 0.416015625 0.18031250000000001 0.013671875 0.010625
17 0.41357421875 0.194375 0.013671875 0.01
11 0.502685546875 0.21281250000000002 0.21728515625 0.106875
1 0.5009765625 0.2846875 0.322265625 0.42312500000000003
