128 0.75048828125 0.46875 0.0234375 0.015
43 0.713134765625 0.54625 0.00927734375 0.0225
81 0.72509765625 0.54625 0.009765625 0.0225
76 0.740966796875 0.5459375 0.01123046875 0.023125
74 0.753173828125 0.5453125 0.00927734375 0.023125
99 0.764404296875 0.5446875 0.01025390625 0.021875000000000002
103 0.7763671875 0.544375 0.009765625 0.02125
79 0.787841796875 0.5434375 0.01025390625 0.023125
18 0.750244140625 0.545 0.09033203125 0.03625
14 0.742919921875 0.2196875 0.01025390625 0.074375
17 0.641357421875 0.17875 0.01611328125 0.01625
17 0.657470703125 0.1775 0.01416015625 0.015
11 0.74560546875 0.2384375 0.263671875 0.176875
3 0.956298828125 0.11 0.08544921875 0.22125
3 0.7412109375 0.29375 0.3671875 0.585
