52 0.76953125 0.3209375 0.4228515625 0.573125
54 0.7802734375 0.24125 0.2998046875 0.17125
59 0.67041015625 0.1865625 0.0185546875 0.016875
59 0.69189453125 0.19 0.021484375 0.02375
66 0.796142578125 0.278125 0.02392578125 0.03625
71 0.770263671875 0.244375 0.01806640625 0.07625
0 0.806884765625 0.5434375 0.08935546875 0.038125
55 0.767578125 0.5446875 0.0146484375 0.034375
10 0.7802734375 0.545625 0.0126953125 0.03375
2 0.796875 0.545 0.0126953125 0.035
36 0.8095703125 0.5475 0.0126953125 0.0375
16 0.822265625 0.548125 0.0107421875 0.03375
26 0.832275390625 0.5459375 0.01318359375 0.031875
20 0.84326171875 0.545625 0.0126953125 0.03875
76 0.80517578125 0.491875 0.0283203125 0.03875