17 0.410888671875 0.11125 0.01318359375 0.01
17 0.4267578125 0.1125 0.015625 0.0125
15 0.440185546875 0.19125 0.02392578125 0.025
15 0.412109375 0.19625 0.03125 0.0175
12 0.5400390625 0.111875 0.06640625 0.0275
11 0.490966796875 0.1584375 0.21533203125 0.136875
134 0.5 0.3096875 0.021484375 0.023125
43 0.472900390625 0.3671875 0.00732421875 0.019375
81 0.48193359375 0.36843750000000003 0.0078125 0.019375
86 0.512939453125 0.366875 0.00732421875 0.0175
83 0.522705078125 0.3665625 0.00927734375 0.019375
77 0.531494140625 0.36625 0.00830078125 0.01875
72 0.4951171875 0.36843750000000003 0.0087890625 0.019375
71 0.50439453125 0.3675 0.005859375 0.01875
18 0.502197265625 0.3678125 0.07177734375 0.030625
3 0.489013671875 0.21875 0.30908203125 0.4375
