17 0.228271484375 0.2696875 0.01220703125 0.010625
17 0.22607421875 0.280625 0.01171875 0.01125
11 0.3193359375 0.2975 0.2421875 0.13125
17 0.23095703125 0.2565625 0.0126953125 0.011875
125 0.31298828125 0.4890625 0.03125 0.039375
43 0.2802734375 0.5415625000000001 0.0107421875 0.021875000000000002
81 0.291015625 0.5428125 0.01171875 0.021875000000000002
78 0.337158203125 0.5425 0.00927734375 0.02125
78 0.347412109375 0.5421875 0.00830078125 0.021875000000000002
79 0.316650390625 0.541875 0.00830078125 0.02
102 0.326904296875 0.541875 0.01025390625 0.02375
104 0.30615234375 0.5421875 0.009765625 0.023125
18 0.314453125 0.5415625000000001 0.083984375 0.033125
1 0.318603515625 0.37093750000000003 0.33935546875 0.476875
