149 0.473876953125 0.414375 0.01708984375 0.02125
43 0.444091796875 0.45 0.00732421875 0.01875
81 0.452880859375 0.4496875 0.00732421875 0.019375
81 0.4658203125 0.45 0.0078125 0.01875
77 0.475341796875 0.4503125 0.00634765625 0.019375
72 0.484619140625 0.45 0.00732421875 0.01875
99 0.49365234375 0.44906250000000003 0.0078125 0.018125
72 0.503173828125 0.4496875 0.00732421875 0.018125
18 0.47314453125 0.449375 0.0712890625 0.0275
16 0.381591796875 0.25 0.00634765625 0.02
16 0.39208984375 0.2490625 0.0068359375 0.015625
16 0.40234375 0.2496875 0.005859375 0.016875
16 0.411865234375 0.2509375 0.00732421875 0.018125
16 0.422607421875 0.2503125 0.00634765625 0.019375
16 0.432861328125 0.24781250000000002 0.00634765625 0.014375
17 0.39013671875 0.1778125 0.0126953125 0.008125
17 0.38623046875 0.1890625 0.0126953125 0.010625
11 0.466552734375 0.22 0.21142578125 0.1
1 0.465576171875 0.2925 0.31201171875 0.39375
111 0.1279296875 0.0603125 0.017578125 0.020625
43 0.10595703125 0.0890625 0.005859375 0.015625
81 0.11279296875 0.090625 0.0048828125 0.015
90 0.123046875 0.0903125 0.0048828125 0.015625
74 0.1298828125 0.090625 0.005859375 0.015
71 0.136962890625 0.090625 0.00244140625 0.015
77 0.1435546875 0.090625 0.005859375 0.015
78 0.15087890625 0.09 0.0048828125 0.01375
18 0.1279296875 0.09 0.0537109375 0.0225
1 0.1435546875 0.0659375 0.2197265625 0.131875
