17 0.58544921875 0.1265625 0.0146484375 0.008125
17 0.586669921875 0.135625 0.01513671875 0.01125
17 0.587890625 0.15125 0.017578125 0.015
15 0.643798828125 0.22312500000000002 0.03955078125 0.03125
16 0.598876953125 0.22312500000000002 0.03955078125 0.02625
14 0.68017578125 0.1696875 0.009765625 0.064375
11 0.689697265625 0.199375 0.26220703125 0.19625
113 0.70556640625 0.42562500000000003 0.0263671875 0.025
43 0.671630859375 0.4996875 0.01025390625 0.021875000000000002
81 0.682861328125 0.5003125 0.00830078125 0.024375
85 0.7216796875 0.499375 0.0126953125 0.02375
85 0.73291015625 0.498125 0.009765625 0.02375
75 0.744140625 0.4971875 0.009765625 0.024375
75 0.7109375 0.499375 0.0107421875 0.0225
77 0.698486328125 0.49875 0.01025390625 0.025
18 0.70654296875 0.496875 0.09765625 0.04
2 0.686279296875 0.2734375 0.38427734375 0.546875
