1 0.465087890625 0.37875000000000003 0.04248046875 0.01125
43 0.432373046875 0.46187500000000004 0.00830078125 0.02
81 0.44189453125 0.4615625 0.0068359375 0.019375
80 0.4560546875 0.46125 0.0078125 0.01875
94 0.466552734375 0.4609375 0.00830078125 0.019375
72 0.4765625 0.460625 0.0068359375 0.02
105 0.486328125 0.4603125 0.0078125 0.020625
77 0.4970703125 0.460625 0.0068359375 0.02
18 0.46484375 0.4609375 0.076171875 0.029375000000000002
16 0.404296875 0.2334375 0.01953125 0.020625
16 0.421875 0.2321875 0.021484375 0.021875000000000002
16 0.443359375 0.2278125 0.009765625 0.019375
17 0.373291015625 0.1540625 0.01220703125 0.010625
17 0.372802734375 0.16625 0.01416015625 0.01125
11 0.455078125 0.19718750000000002 0.2314453125 0.124375
2 0.454345703125 0.2740625 0.33154296875 0.474375
