3 0.501953125 0.265 0.3359375 0.5275
184 0.505859375 0.31875000000000003 0.01953125 0.035
18 0.50390625 0.49 0.0859375 0.0375
11 0.499267578125 0.168125 0.28759765625 0.14375000000000002
17 0.389892578125 0.144375 0.01611328125 0.02
14 0.5009765625 0.1625 0.0107421875 0.08750000000000001
43 0.4677734375 0.4884375 0.0107421875 0.031875
81 0.479736328125 0.48875 0.01123046875 0.0275
78 0.49560546875 0.4890625 0.01171875 0.026875
75 0.507080078125 0.48875 0.01123046875 0.0275
84 0.51904296875 0.4896875 0.0107421875 0.029375000000000002
83 0.5302734375 0.48875 0.01171875 0.0275
77 0.5419921875 0.4896875 0.009765625 0.025625000000000002
