52 0.385986328125 0.3296875 0.34228515625 0.474375
54 0.384521484375 0.2671875 0.26025390625 0.11937500000000001
59 0.3115234375 0.22375 0.017578125 0.0125
59 0.292724609375 0.2421875 0.01513671875 0.015625
59 0.28955078125 0.2609375 0.017578125 0.019375
59 0.478271484375 0.24406250000000002 0.02392578125 0.016875
0 0.385498046875 0.5225 0.08447265625 0.03375
55 0.35205078125 0.524375 0.015625 0.035
10 0.36572265625 0.525 0.01171875 0.03375
39 0.377197265625 0.5228125 0.01318359375 0.038125
6 0.389404296875 0.52375 0.01318359375 0.03625
26 0.39990234375 0.5209375 0.009765625 0.030625
7 0.41015625 0.5209375 0.0107421875 0.030625
15 0.421142578125 0.52 0.01318359375 0.0325
63 0.38720703125 0.4640625 0.037109375 0.054375