11 0.58251953125 0.1690625 0.25 0.113125
116 0.593505859375 0.3671875 0.01513671875 0.013125
43 0.5615234375 0.47000000000000003 0.009765625 0.0225
81 0.572265625 0.47000000000000003 0.0087890625 0.02125
79 0.586181640625 0.4709375 0.00830078125 0.019375
78 0.5966796875 0.4703125 0.0087890625 0.020625
105 0.607421875 0.46968750000000004 0.0087890625 0.020625
76 0.6171875 0.47000000000000003 0.0087890625 0.01875
88 0.627197265625 0.46968750000000004 0.01123046875 0.021875000000000002
18 0.594970703125 0.46968750000000004 0.07958984375 0.028125
2 0.576904296875 0.2609375 0.36767578125 0.516875
