2 0.534912109375 0.2496875 0.30712890625 0.431875
18 0.54931640625 0.4121875 0.0693359375 0.029375000000000002
150 0.550537109375 0.356875 0.03173828125 0.02375
11 0.534423828125 0.176875 0.20361328125 0.11625
17 0.44921875 0.1478125 0.01171875 0.014375
14 0.52880859375 0.1784375 0.01171875 0.064375
17 0.4462890625 0.1634375 0.013671875 0.014375
17 0.444091796875 0.18156250000000002 0.01416015625 0.014375
23 0.521240234375 0.4128125 0.00927734375 0.023125
81 0.53076171875 0.4121875 0.009765625 0.024375
75 0.5439453125 0.4115625 0.009765625 0.023125
77 0.552490234375 0.4109375 0.00927734375 0.024375
73 0.56201171875 0.4115625 0.0078125 0.023125
84 0.570068359375 0.4121875 0.00830078125 0.021875000000000002
98 0.57958984375 0.4121875 0.0087890625 0.024375
