52 0.7138671875 0.28875 0.369140625 0.47125
54 0.731201171875 0.238125 0.23583984375 0.125
59 0.654052734375 0.2025 0.01416015625 0.02
59 0.67236328125 0.2 0.01953125 0.01875
0 0.766845703125 0.4675 0.08154296875 0.02375
55 0.73681640625 0.46875 0.0126953125 0.02625
10 0.745361328125 0.468125 0.01025390625 0.0225
39 0.7587890625 0.46968750000000004 0.0107421875 0.024375
5 0.768310546875 0.4684375 0.00634765625 0.021875000000000002
4 0.777099609375 0.4665625 0.01123046875 0.025625000000000002
6 0.7861328125 0.46625 0.0087890625 0.0225
7 0.796875 0.465625 0.015625 0.02125
63 0.76318359375 0.4103125 0.0400390625 0.044375