8 0.72265625 0.253125 0.11328125 0.3225
122 0.30517578125 0.45625 0.0205078125 0.00875
48 0.273681640625 0.541875 0.00927734375 0.02125
81 0.283935546875 0.541875 0.00927734375 0.02125
78 0.298583984375 0.5415625000000001 0.00927734375 0.020625
106 0.309326171875 0.54125 0.00927734375 0.02
78 0.320068359375 0.540625 0.00830078125 0.01875
79 0.330322265625 0.540625 0.00830078125 0.01875
91 0.3408203125 0.54 0.0087890625 0.02125
18 0.307373046875 0.54125 0.08154296875 0.03125
15 0.218994140625 0.3034375 0.04150390625 0.028125
14 0.30029296875 0.263125 0.0087890625 0.0375
17 0.20556640625 0.2325 0.01171875 0.00875
11 0.302490234375 0.2678125 0.25927734375 0.133125
1 0.302978515625 0.3459375 0.36474609375 0.474375
