52 0.776611328125 0.313125 0.40478515625 0.595
54 0.77392578125 0.2371875 0.2841796875 0.150625
59 0.66943359375 0.1871875 0.0126953125 0.016875
59 0.68701171875 0.1878125 0.0166015625 0.020625
59 0.866455078125 0.1778125 0.02294921875 0.020625
0 0.78515625 0.5437500000000001 0.0869140625 0.0375
55 0.74658203125 0.544375 0.01171875 0.03125
10 0.759521484375 0.5484375 0.01123046875 0.031875
39 0.774658203125 0.5453125 0.01318359375 0.033125
3 0.787353515625 0.5459375 0.01318359375 0.030625
26 0.799560546875 0.5453125 0.00732421875 0.029375000000000002
15 0.811279296875 0.544375 0.00732421875 0.02875
16 0.82373046875 0.5425 0.0107421875 0.03125
70 0.7802734375 0.4684375 0.0361328125 0.038125