17 0.58203125 0.11750000000000001 0.015625 0.015
17 0.597412109375 0.1196875 0.01513671875 0.014375
15 0.642333984375 0.21 0.04052734375 0.025
15 0.68212890625 0.21 0.0390625 0.025
1 0.69287109375 0.168125 0.259765625 0.155
128 0.701416015625 0.38906250000000003 0.03662109375 0.025625000000000002
43 0.66845703125 0.4478125 0.009765625 0.028125
81 0.679443359375 0.446875 0.01123046875 0.02625
71 0.6953125 0.4459375 0.009765625 0.025625000000000002
74 0.70654296875 0.4459375 0.0126953125 0.025625000000000002
90 0.71826171875 0.4440625 0.0107421875 0.024375
103 0.72998046875 0.4440625 0.0126953125 0.025625000000000002
77 0.741455078125 0.4434375 0.01220703125 0.026875
18 0.70458984375 0.4434375 0.087890625 0.029375000000000002
3 0.693359375 0.2540625 0.375 0.509375
