17 0.40087890625 0.16125 0.013671875 0.01125
17 0.416748046875 0.16 0.01220703125 0.0125
14 0.487548828125 0.2040625 0.01416015625 0.07187500000000001
11 0.486572265625 0.2125 0.24072265625 0.14375000000000002
113 0.489990234375 0.39968750000000003 0.02587890625 0.024375
43 0.4580078125 0.4575 0.009765625 0.02125
81 0.467529296875 0.4578125 0.00927734375 0.020625
73 0.482177734375 0.45687500000000003 0.00830078125 0.02125
78 0.492431640625 0.4565625 0.00830078125 0.021875000000000002
77 0.5224609375 0.45687500000000003 0.0087890625 0.02
87 0.5126953125 0.4578125 0.0087890625 0.021875000000000002
88 0.503173828125 0.4571875 0.00927734375 0.023125
18 0.49072265625 0.458125 0.080078125 0.0325
2 0.486083984375 0.283125 0.34130859375 0.4925
