2 0.678955078125 0.253125 0.34228515625 0.505
127 0.68896484375 0.373125 0.025390625 0.0325
11 0.680419921875 0.1759375 0.24072265625 0.121875
17 0.588134765625 0.1325 0.01416015625 0.01125
17 0.605712890625 0.1315625 0.01513671875 0.015625
18 0.687744140625 0.4425 0.07861328125 0.03375
43 0.655029296875 0.4415625 0.01123046875 0.029375000000000002
81 0.665283203125 0.4415625 0.00927734375 0.026875
76 0.678955078125 0.4415625 0.01025390625 0.029375000000000002
75 0.689453125 0.4415625 0.0107421875 0.029375000000000002
79 0.719482421875 0.4428125 0.00927734375 0.026875
84 0.69970703125 0.4403125 0.0107421875 0.028125
92 0.7099609375 0.4425 0.009765625 0.02875
