69 0.5029296875 0.2471875 0.328125 0.49062500000000003
54 0.5029296875 0.193125 0.2255859375 0.14375000000000002
59 0.419189453125 0.1446875 0.01904296875 0.011875
59 0.438720703125 0.1440625 0.01806640625 0.013125
59 0.419189453125 0.15625 0.01708984375 0.01375
59 0.433837890625 0.15625 0.01416015625 0.01125
59 0.416259765625 0.1703125 0.01708984375 0.011875
59 0.433349609375 0.1696875 0.01513671875 0.015625
0 0.5107421875 0.4346875 0.0712890625 0.026875
55 0.48046875 0.4346875 0.0087890625 0.024375
10 0.489990234375 0.43593750000000003 0.00830078125 0.026875
7 0.502197265625 0.4340625 0.01025390625 0.020625
6 0.51220703125 0.4346875 0.005859375 0.021875000000000002
9 0.522705078125 0.4346875 0.01123046875 0.021875000000000002
25 0.5302734375 0.4346875 0.0078125 0.021875000000000002
8 0.54052734375 0.4340625 0.0078125 0.023125
95 0.50927734375 0.388125 0.0263671875 0.0325