17 0.472412109375 0.14625 0.01416015625 0.015
17 0.469482421875 0.1590625 0.01513671875 0.014375
17 0.486328125 0.1471875 0.013671875 0.015625
17 0.500732421875 0.1453125 0.01513671875 0.016875
15 0.685546875 0.2528125 0.0400390625 0.029375000000000002
15 0.635986328125 0.254375 0.03759765625 0.0225
16 0.526611328125 0.25875 0.02978515625 0.02625
11 0.594482421875 0.229375 0.29833984375 0.20750000000000002
142 0.596435546875 0.41125 0.02392578125 0.0275
43 0.564697265625 0.47500000000000003 0.01025390625 0.02
81 0.573974609375 0.475625 0.00927734375 0.02
84 0.587646484375 0.47625 0.00830078125 0.02125
73 0.597900390625 0.4753125 0.00830078125 0.020625
77 0.606689453125 0.475625 0.00927734375 0.0225
78 0.626953125 0.4746875 0.0087890625 0.020625
99 0.616943359375 0.4746875 0.00927734375 0.020625
18 0.595947265625 0.475625 0.07763671875 0.03125
6 0.592529296875 0.2734375 0.42138671875 0.5181250000000001
