52 0.421875 0.2703125 0.3857421875 0.528125
54 0.41796875 0.194375 0.2705078125 0.1575
59 0.32470703125 0.1696875 0.015625 0.021875000000000002
0 0.419677734375 0.4690625 0.08935546875 0.031875
55 0.382080078125 0.47000000000000003 0.01318359375 0.03
10 0.39453125 0.470625 0.01171875 0.03
39 0.408935546875 0.4703125 0.01220703125 0.029375000000000002
15 0.4208984375 0.470625 0.0087890625 0.03
42 0.43310546875 0.4684375 0.013671875 0.030625
15 0.443603515625 0.468125 0.01220703125 0.0275
7 0.456787109375 0.468125 0.01416015625 0.02875
63 0.417724609375 0.410625 0.04443359375 0.03875