53 0.32432432432432434 0.29150823827629907 0.4048303622771708 0.5297845373891001
54 0.32978723404255317 0.2259188846641318 0.2869465209890742 0.15652724968314322
59 0.2320299022426682 0.17585551330798477 0.020126509488211618 0.012040557667934094
59 0.22915468660149513 0.1897972116603295 0.020126509488211618 0.015842839036755384
0 0.33352501437607823 0.4857414448669201 0.09200690051753882 0.03485424588086185
55 0.2944220816561242 0.4857414448669201 0.013801035077630822 0.041191381495564006
10 0.30937320299022425 0.48732572877059566 0.018401380103507763 0.03802281368821293
8 0.32432432432432434 0.4857414448669201 0.011500862564692352 0.03485424588086185
15 0.3358251868890167 0.4847908745247148 0.011500862564692352 0.0329531051964512
34 0.3499137435307648 0.48637515842839035 0.010925819436457734 0.03612167300380228
14 0.36055204140310526 0.4866920152091254 0.012650948821161587 0.0329531051964512
31 0.37406555491661875 0.4857414448669201 0.01667625071880391 0.03485424588086185
64 0.33266244968372627 0.420785804816223 0.03392754456584244 0.04182509505703422