69 0.557373046875 0.2225 0.31884765625 0.42625
54 0.554931640625 0.138125 0.22216796875 0.1575
59 0.470947265625 0.0915625 0.00927734375 0.006875
59 0.47265625 0.1053125 0.0166015625 0.011875
59 0.48046875 0.0865625 0.0146484375 0.013125
59 0.498046875 0.08875 0.015625 0.01625
0 0.5654296875 0.385625 0.0751953125 0.0275
55 0.534423828125 0.38625 0.01025390625 0.0275
10 0.544189453125 0.3846875 0.00927734375 0.026875
32 0.557373046875 0.3853125 0.00927734375 0.024375
20 0.566650390625 0.385625 0.00830078125 0.02375
7 0.576416015625 0.384375 0.00830078125 0.025
3 0.584716796875 0.3859375 0.00830078125 0.023125
15 0.59521484375 0.3853125 0.01171875 0.023125
102 0.561279296875 0.293125 0.03369140625 0.02875