2 0.5849609375 0.27 0.388671875 0.5425
117 0.583984375 0.40375 0.04296875 0.05
11 0.57470703125 0.13375 0.26953125 0.14
18 0.58447265625 0.4890625 0.0859375 0.029375000000000002
17 0.46337890625 0.09468750000000001 0.01171875 0.015625
17 0.459716796875 0.11 0.01220703125 0.0125
17 0.483154296875 0.08125 0.01318359375 0.01375
17 0.4814453125 0.09531250000000001 0.009765625 0.014375
14 0.5712890625 0.12375 0.0107421875 0.03375
43 0.5478515625 0.48875 0.009765625 0.02625
81 0.559814453125 0.48812500000000003 0.01220703125 0.0275
79 0.576171875 0.4890625 0.0107421875 0.029375000000000002
92 0.587646484375 0.48812500000000003 0.01220703125 0.03125
105 0.59912109375 0.48812500000000003 0.0107421875 0.025
79 0.6103515625 0.4875 0.009765625 0.02625
79 0.62109375 0.4859375 0.009765625 0.029375000000000002
