52 0.456787109375 0.343125 0.37841796875 0.5475
54 0.456298828125 0.26687500000000003 0.26416015625 0.13625
59 0.361572265625 0.2221875 0.02197265625 0.009375
59 0.359130859375 0.2365625 0.01416015625 0.016875
59 0.350830078125 0.2521875 0.01904296875 0.014375
59 0.349609375 0.273125 0.021484375 0.01875
0 0.45263671875 0.555625 0.0859375 0.035
55 0.416015625 0.558125 0.0146484375 0.0325
10 0.428955078125 0.55625 0.01123046875 0.02875
20 0.4443359375 0.5575 0.0107421875 0.02875
34 0.455322265625 0.5575 0.01123046875 0.02875
8 0.46533203125 0.55625 0.0126953125 0.03125
8 0.475830078125 0.558125 0.01025390625 0.03
5 0.48828125 0.5575 0.0126953125 0.02875
85 0.4521484375 0.506875 0.0576171875 0.035