1 0.4189453125 0.33375 0.298828125 0.455
125 0.42626953125 0.45437500000000003 0.029296875 0.0375
11 0.416748046875 0.260625 0.23291015625 0.12
18 0.427001953125 0.5053125 0.07568359375 0.031875
43 0.39404296875 0.50375 0.0107421875 0.0275
81 0.404052734375 0.503125 0.00927734375 0.02625
104 0.418701171875 0.50375 0.00927734375 0.0275
98 0.438720703125 0.5021875 0.00927734375 0.024375
77 0.4287109375 0.5021875 0.0078125 0.024375
77 0.4501953125 0.50375 0.0107421875 0.0275
76 0.460205078125 0.503125 0.00927734375 0.02875
