52 0.4306640625 0.195 0.2939453125 0.3875
54 0.424560546875 0.130625 0.21533203125 0.11375
59 0.355224609375 0.1 0.01513671875 0.01625
59 0.34765625 0.11625 0.0166015625 0.01375
0 0.419921875 0.336875 0.0732421875 0.03
55 0.39111328125 0.3378125 0.0087890625 0.029375000000000002
10 0.4013671875 0.3390625 0.009765625 0.030625
6 0.412109375 0.3384375 0.0107421875 0.031875
11 0.421875 0.336875 0.0087890625 0.02875
32 0.43115234375 0.3375 0.0087890625 0.02875
14 0.43896484375 0.33968750000000003 0.0068359375 0.029375000000000002
14 0.447021484375 0.3384375 0.01123046875 0.028125
63 0.420166015625 0.28625 0.03466796875 0.03625