12 0.38330078125 0.178125 0.0615234375 0.01625
11 0.33447265625 0.2165625 0.216796875 0.10187500000000001
43 0.30419921875 0.433125 0.0087890625 0.02
81 0.314208984375 0.43343750000000003 0.00732421875 0.019375
104 0.32666015625 0.4328125 0.0087890625 0.020625
75 0.335693359375 0.4325 0.00830078125 0.01875
87 0.345703125 0.4321875 0.0087890625 0.018125
73 0.36328125 0.43093750000000003 0.009765625 0.020625
18 0.333740234375 0.43125 0.07177734375 0.02625
1 0.335205078125 0.283125 0.30322265625 0.3825
