1 0.7646484375 0.3025 0.310546875 0.40750000000000003
11 0.76708984375 0.2209375 0.20703125 0.108125
17 0.689208984375 0.1809375 0.01123046875 0.011875
17 0.70556640625 0.18031250000000001 0.01171875 0.010625
181 0.788818359375 0.40468750000000003 0.02392578125 0.016875
18 0.789306640625 0.451875 0.07080078125 0.02875
43 0.760009765625 0.4509375 0.00927734375 0.024375
81 0.76904296875 0.45 0.0087890625 0.02625
73 0.781982421875 0.449375 0.00830078125 0.025
78 0.791259765625 0.45125 0.00927734375 0.02125
87 0.80126953125 0.45 0.0087890625 0.0225
79 0.810791015625 0.4509375 0.00830078125 0.021875000000000002
78 0.820068359375 0.4503125 0.00830078125 0.023125
1 0.931884765625 0.1015625 0.13623046875 0.201875
