3 0.5146484375 0.255 0.333984375 0.5125
11 0.51318359375 0.1903125 0.2353515625 0.133125
134 0.518310546875 0.3640625 0.02783203125 0.029375000000000002
18 0.516357421875 0.445 0.07275390625 0.03125
43 0.487060546875 0.4434375 0.00927734375 0.024375
81 0.496826171875 0.4434375 0.00927734375 0.024375
81 0.519775390625 0.4440625 0.00927734375 0.023125
78 0.509765625 0.4446875 0.0107421875 0.021875000000000002
72 0.529296875 0.4446875 0.009765625 0.021875000000000002
77 0.537841796875 0.44375000000000003 0.00927734375 0.0225
72 0.546630859375 0.44375000000000003 0.00830078125 0.0225
15 0.455810546875 0.230625 0.02392578125 0.0375
17 0.41162109375 0.1684375 0.01171875 0.014375
17 0.4140625 0.1509375 0.0126953125 0.014375
17 0.43017578125 0.1428125 0.0107421875 0.011875
2 0.083984375 0.1409375 0.1669921875 0.281875
121 0.013427734375 0.1684375 0.02685546875 0.014375
18 0.022216796875 0.2065625 0.04443359375 0.026875
83 0.005615234375 0.20625000000000002 0.00830078125 0.02
100 0.029541015625 0.2059375 0.00927734375 0.020625
75 0.01416015625 0.2065625 0.0087890625 0.021875000000000002
71 0.02197265625 0.2059375 0.0048828125 0.020625
71 0.038330078125 0.2059375 0.00634765625 0.020625
