17 0.271728515625 0.059062500000000004 0.01611328125 0.015625
17 0.26708984375 0.0746875 0.015625 0.011875
14 0.36669921875 0.105 0.01171875 0.065
11 0.363525390625 0.1196875 0.27880859375 0.161875
114 0.356201171875 0.36062500000000003 0.02978515625 0.02375
43 0.3203125 0.429375 0.009765625 0.02625
81 0.33251953125 0.4284375 0.009765625 0.024375
85 0.3818359375 0.4284375 0.0087890625 0.024375
74 0.34716796875 0.42812500000000003 0.0107421875 0.02375
71 0.359130859375 0.42812500000000003 0.00732421875 0.02125
78 0.36962890625 0.42812500000000003 0.0126953125 0.0225
106 0.392333984375 0.4290625 0.01025390625 0.025625000000000002
18 0.35595703125 0.4290625 0.087890625 0.035625000000000004
2 0.365478515625 0.2471875 0.39892578125 0.49312500000000004
