2 0.34753932014205985 0.34375 0.3937087772704211 0.56
18 0.3356164383561644 0.538125 0.08777270421106037 0.0325
11 0.3424657534246575 0.2603125 0.26686960933536275 0.121875
17 0.23490613901572804 0.22718750000000001 0.0121765601217656 0.013125
17 0.24530695078640283 0.2121875 0.012683916793505834 0.011875
43 0.3011161846778285 0.5378125 0.011669203450025367 0.028125
81 0.31278538812785384 0.5378125 0.011669203450025367 0.028125
75 0.32800608828006084 0.5371875 0.0106544901065449 0.026875
72 0.3389142567224759 0.5371875 0.011161846778285134 0.029375000000000002
72 0.3619989852866565 0.5371875 0.009639776763064434 0.026875
98 0.3498224251648909 0.5384375 0.0106544901065449 0.026875
85 0.3723997970573313 0.5378125 0.011161846778285134 0.030625
175 0.33536276002029425 0.44375000000000003 0.1339421613394216 0.025
