53 0.486572265625 0.27125 0.33544921875 0.47500000000000003
54 0.4833984375 0.19875 0.220703125 0.13125
59 0.4033203125 0.1528125 0.0126953125 0.010625
59 0.41943359375 0.1559375 0.015625 0.013125
59 0.39990234375 0.166875 0.0146484375 0.01375
66 0.405517578125 0.2346875 0.05029296875 0.030625
0 0.48388671875 0.43125 0.0751953125 0.0375
55 0.451171875 0.43375 0.01171875 0.0325
10 0.4619140625 0.435 0.0087890625 0.03125
8 0.472900390625 0.4353125 0.00927734375 0.034375
16 0.483154296875 0.43593750000000003 0.00927734375 0.030625
21 0.49267578125 0.4365625 0.009765625 0.034375
17 0.503173828125 0.4365625 0.00927734375 0.031875
5 0.51220703125 0.43593750000000003 0.0078125 0.031875
82 0.4833984375 0.37375 0.03125 0.03625