17 0.09423828125 0.111875 0.0107421875 0.0125
17 0.093017578125 0.1275 0.01416015625 0.015
17 0.0908203125 0.14125000000000001 0.0126953125 0.0125
15 0.1171875 0.185 0.0302734375 0.01625
15 0.157470703125 0.1878125 0.02978515625 0.014375
15 0.24267578125 0.186875 0.03125 0.0175
11 0.18896484375 0.153125 0.2431640625 0.1325
184 0.18701171875 0.2690625 0.0126953125 0.024375
43 0.159423828125 0.40718750000000004 0.00830078125 0.018125
81 0.1689453125 0.4065625 0.0078125 0.019375
72 0.181884765625 0.40718750000000004 0.00830078125 0.018125
77 0.19140625 0.40625 0.0078125 0.02
84 0.200927734375 0.40625 0.00732421875 0.02
83 0.210205078125 0.405625 0.00732421875 0.01875
80 0.2197265625 0.405625 0.0078125 0.01875
18 0.189453125 0.4059375 0.07421875 0.028125
3 0.19287109375 0.2221875 0.318359375 0.444375
