17 0.385009765625 0.171875 0.01611328125 0.015
17 0.38330078125 0.1896875 0.01953125 0.015625
11 0.481201171875 0.2203125 0.26708984375 0.143125
113 0.481689453125 0.4271875 0.02685546875 0.028125
43 0.45068359375 0.50125 0.009765625 0.02375
81 0.460693359375 0.5028125 0.01025390625 0.023125
80 0.48486328125 0.501875 0.01171875 0.0225
80 0.5146484375 0.5021875 0.0107421875 0.020625
99 0.4951171875 0.5021875 0.0087890625 0.023125
92 0.5048828125 0.50125 0.0107421875 0.0225
78 0.474853515625 0.50125 0.01025390625 0.025
18 0.482421875 0.5015625 0.083984375 0.036875
2 0.48681640625 0.31 0.376953125 0.53
