2 0.173583984375 0.9237500000000001 0.34716796875 0.06875
2 0.0205078125 0.1325 0.041015625 0.265
17 0.338134765625 0.11375 0.01904296875 0.01125
11 0.411376953125 0.1715625 0.26513671875 0.151875
125 0.409423828125 0.3815625 0.03564453125 0.040625
43 0.372314453125 0.4415625 0.00927734375 0.025625000000000002
81 0.384521484375 0.443125 0.01123046875 0.025
80 0.434326171875 0.4428125 0.01123046875 0.023125
103 0.4228515625 0.4425 0.0107421875 0.02375
104 0.400390625 0.4421875 0.009765625 0.025625000000000002
72 0.411865234375 0.4428125 0.01123046875 0.023125
72 0.44580078125 0.4421875 0.0107421875 0.024375
18 0.408447265625 0.4403125 0.09423828125 0.039375
1 0.41357421875 0.2546875 0.369140625 0.509375
