17 0.45263671875 0.171875 0.01171875 0.01
17 0.4697265625 0.1703125 0.013671875 0.011875
17 0.445068359375 0.18156250000000002 0.01123046875 0.011875
17 0.459716796875 0.1821875 0.01513671875 0.011875
17 0.442626953125 0.1921875 0.01220703125 0.011875
17 0.4580078125 0.1940625 0.015625 0.011875
159 0.53369140625 0.4196875 0.017578125 0.020625
43 0.50146484375 0.484375 0.0087890625 0.0175
81 0.51220703125 0.4859375 0.0087890625 0.020625
81 0.525634765625 0.48562500000000003 0.00634765625 0.01875
99 0.5361328125 0.48531250000000004 0.0078125 0.019375
75 0.545654296875 0.484375 0.01025390625 0.01875
77 0.555908203125 0.48531250000000004 0.00830078125 0.020625
78 0.56591796875 0.48562500000000003 0.0087890625 0.02125
18 0.533203125 0.485 0.076171875 0.02625
18 0.537109375 0.2871875 0.3369140625 0.438125
