2 0.022216796875 0.1084375 0.04443359375 0.216875
17 0.685302734375 0.18125 0.01513671875 0.0125
17 0.68310546875 0.195625 0.017578125 0.0125
14 0.765625 0.22625 0.0146484375 0.06875
16 0.690673828125 0.26375 0.02197265625 0.03
16 0.744384765625 0.264375 0.01806640625 0.03125
16 0.761474609375 0.2696875 0.01708984375 0.016875
11 0.779052734375 0.239375 0.25244140625 0.15125
113 0.778564453125 0.43593750000000003 0.02490234375 0.028125
43 0.74365234375 0.49343750000000003 0.009765625 0.021875000000000002
81 0.754638671875 0.4946875 0.00830078125 0.019375
96 0.768798828125 0.4946875 0.00927734375 0.020625
91 0.790283203125 0.4953125 0.00927734375 0.023125
71 0.779541015625 0.4953125 0.00732421875 0.023125
71 0.801025390625 0.4953125 0.00830078125 0.023125
73 0.811279296875 0.49593750000000003 0.01025390625 0.023125
18 0.77880859375 0.49593750000000003 0.08203125 0.035625000000000004
2 0.77392578125 0.2859375 0.3515625 0.571875
