17 0.297607421875 0.1378125 0.01318359375 0.013125
17 0.29736328125 0.15031250000000002 0.017578125 0.011875
16 0.309814453125 0.21156250000000001 0.01513671875 0.028125
16 0.289794921875 0.2175 0.02685546875 0.01375
11 0.366455078125 0.1809375 0.21142578125 0.123125
159 0.366455078125 0.3615625 0.02001953125 0.023125
43 0.33642578125 0.41531250000000003 0.0078125 0.020625
81 0.345458984375 0.41625 0.00830078125 0.02
71 0.359130859375 0.415625 0.00537109375 0.02
77 0.367431640625 0.4159375 0.00732421875 0.019375
78 0.394775390625 0.4159375 0.00830078125 0.019375
93 0.377197265625 0.4171875 0.00927734375 0.019375
104 0.38671875 0.41625 0.0087890625 0.02
18 0.365234375 0.416875 0.0732421875 0.0325
2 0.36767578125 0.2528125 0.3115234375 0.45437500000000003
