17 0.666015625 0.1534375 0.01171875 0.010625
17 0.662841796875 0.16375 0.01123046875 0.0125
11 0.7509765625 0.1809375 0.216796875 0.094375
125 0.772216796875 0.345625 0.02880859375 0.03375
43 0.74365234375 0.3971875 0.0087890625 0.020625
81 0.751708984375 0.3971875 0.00830078125 0.020625
104 0.765380859375 0.3965625 0.00927734375 0.023125
71 0.774658203125 0.3965625 0.00927734375 0.021875000000000002
77 0.792724609375 0.3978125 0.01025390625 0.021875000000000002
73 0.80224609375 0.3965625 0.0087890625 0.019375
87 0.783447265625 0.39625 0.00830078125 0.02125
1 0.748779296875 0.2434375 0.30029296875 0.388125
