17 0.290771484375 0.1134375 0.01513671875 0.009375
17 0.287841796875 0.124375 0.01708984375 0.01375
14 0.38232421875 0.1384375 0.0087890625 0.041875
15 0.357666015625 0.201875 0.03076171875 0.03125
11 0.38134765625 0.1603125 0.267578125 0.150625
179 0.373779296875 0.3596875 0.02001953125 0.023125
43 0.33740234375 0.4315625 0.0087890625 0.024375
81 0.34912109375 0.4315625 0.0107421875 0.026875
71 0.36474609375 0.43062500000000004 0.005859375 0.025
71 0.3759765625 0.43062500000000004 0.005859375 0.025
78 0.398681640625 0.431875 0.00927734375 0.0225
79 0.40966796875 0.4315625 0.0107421875 0.024375
99 0.3876953125 0.43125 0.0107421875 0.02375
18 0.37451171875 0.4296875 0.091796875 0.043125000000000004
1 0.38720703125 0.243125 0.3623046875 0.48625
