52 0.5205078125 0.29531250000000003 0.3955078125 0.535625
54 0.523193359375 0.215 0.29150390625 0.14625
59 0.44482421875 0.16125 0.0166015625 0.01375
59 0.459228515625 0.15875 0.01220703125 0.01875
59 0.4814453125 0.161875 0.0205078125 0.02125
0 0.526611328125 0.500625 0.08935546875 0.0325
55 0.486328125 0.503125 0.013671875 0.03375
10 0.49951171875 0.5046875 0.0107421875 0.036875
39 0.51708984375 0.5028125 0.01171875 0.030625
28 0.528076171875 0.503125 0.00732421875 0.03375
8 0.53955078125 0.5021875 0.0107421875 0.035625000000000004
15 0.55322265625 0.5028125 0.009765625 0.030625
5 0.56298828125 0.5021875 0.009765625 0.031875
63 0.52294921875 0.4353125 0.041015625 0.049375