2 0.08447265625 0.45937500000000003 0.1591796875 0.67375
17 0.46044921875 0.10625 0.015625 0.015
14 0.553466796875 0.1465625 0.01416015625 0.033125
15 0.564697265625 0.1934375 0.03271484375 0.024375
16 0.45068359375 0.2046875 0.0068359375 0.019375
16 0.463623046875 0.203125 0.00927734375 0.01625
16 0.49267578125 0.2190625 0.0068359375 0.019375
16 0.667724609375 0.2178125 0.01318359375 0.023125
12 0.615966796875 0.1125 0.06494140625 0.025
11 0.556640625 0.169375 0.2626953125 0.15125
122 0.5595703125 0.39937500000000004 0.029296875 0.015
43 0.523193359375 0.4565625 0.00927734375 0.023125
81 0.534912109375 0.45625 0.01123046875 0.02375
77 0.550048828125 0.45687500000000003 0.01123046875 0.025
101 0.562255859375 0.4565625 0.01025390625 0.023125
101 0.57373046875 0.45625 0.009765625 0.0225
72 0.5849609375 0.4565625 0.009765625 0.023125
75 0.5966796875 0.4565625 0.009765625 0.024375
18 0.561279296875 0.4575 0.08740234375 0.03625
2 0.551025390625 0.253125 0.37353515625 0.50375
