3 0.625 0.2125 0.2890625 0.4225
165 0.628173828125 0.30625 0.02392578125 0.0325
18 0.628173828125 0.37625000000000003 0.06689453125 0.0325
43 0.600830078125 0.37593750000000004 0.00927734375 0.026875
81 0.60986328125 0.37593750000000004 0.0087890625 0.026875
71 0.621337890625 0.37593750000000004 0.00830078125 0.024375
91 0.649169921875 0.3765625 0.00927734375 0.023125
79 0.630615234375 0.3753125 0.00830078125 0.025625000000000002
79 0.64013671875 0.3765625 0.0087890625 0.023125
79 0.65869140625 0.3765625 0.0078125 0.023125
11 0.629638671875 0.1428125 0.23291015625 0.136875
17 0.5419921875 0.0896875 0.015625 0.015625
17 0.5595703125 0.08750000000000001 0.0126953125 0.0125
17 0.572998046875 0.088125 0.01123046875 0.0125
