69 0.34521484375 0.3303125 0.337890625 0.473125
54 0.349609375 0.2475 0.25 0.16
59 0.264404296875 0.1934375 0.01220703125 0.013125
59 0.2841796875 0.193125 0.015625 0.01625
59 0.25830078125 0.2246875 0.0234375 0.021875000000000002
66 0.351318359375 0.28375 0.04833984375 0.0375
0 0.343017578125 0.5059375 0.07763671875 0.029375000000000002
55 0.3115234375 0.5053125 0.01171875 0.029375000000000002
10 0.32275390625 0.506875 0.0078125 0.03375
6 0.3359375 0.505625 0.0078125 0.02875
5 0.34619140625 0.506875 0.0087890625 0.03125
42 0.356201171875 0.5078125 0.01025390625 0.031875
33 0.366943359375 0.5071875 0.00732421875 0.031875
11 0.37841796875 0.5065625 0.0126953125 0.031875
58 0.344970703125 0.381875 0.02978515625 0.0325