17 0.442626953125 0.08 0.01416015625 0.015
17 0.4404296875 0.093125 0.015625 0.01125
17 0.435302734375 0.10875 0.01513671875 0.01375
17 0.43212890625 0.125 0.0166015625 0.01625
17 0.4287109375 0.14250000000000002 0.0146484375 0.0125
17 0.42724609375 0.1609375 0.015625 0.013125
15 0.43603515625 0.1834375 0.0302734375 0.023125
14 0.545654296875 0.1340625 0.00732421875 0.069375
11 0.548583984375 0.1403125 0.26708984375 0.151875
151 0.548583984375 0.3559375 0.04150390625 0.011875
43 0.512939453125 0.45875 0.01025390625 0.02875
81 0.523193359375 0.4590625 0.01025390625 0.028125
94 0.539794921875 0.45875 0.01220703125 0.02625
94 0.56298828125 0.45937500000000003 0.01171875 0.0275
75 0.552001953125 0.4584375 0.01025390625 0.026875
75 0.586669921875 0.4590625 0.01318359375 0.028125
80 0.574462890625 0.45937500000000003 0.01123046875 0.02875
18 0.549560546875 0.4584375 0.09033203125 0.034375
2 0.547607421875 0.2471875 0.40478515625 0.49312500000000004
