53 0.6560766515380737 0.36205016357688113 0.3177004538577913 0.7197382769901854
54 0.6606152294503278 0.2562704471101418 0.22491174987392842 0.24427480916030536
59 0.5864851235501766 0.16684841875681572 0.016137165910237016 0.019629225736095966
59 0.5857286938981342 0.19029443838604146 0.016641452344931924 0.02726281352235551
0 0.6628845184064549 0.6341330425299891 0.07312153303076148 0.04907306434023991
55 0.6313666162380233 0.6330425299890949 0.012102874432677761 0.04252998909487459
10 0.6422087745839637 0.6319520174482007 0.010590015128593042 0.04471101417666303
9 0.6550680786686839 0.6330425299890949 0.009077155824508321 0.04689203925845147
16 0.6649016641452345 0.6324972737186478 0.008572869389813415 0.04143947655398037
8 0.6734745335350479 0.633587786259542 0.007564296520423602 0.04143947655398037
9 0.6828038325769037 0.633587786259542 0.010085728693898136 0.04143947655398037
26 0.6926374180534545 0.6319520174482007 0.008572869389813415 0.03816793893129771
64 0.6628845184064549 0.5370774263904036 0.02471003530005043 0.04034896401308615