128 0.277099609375 0.335625 0.02294921875 0.0175
43 0.248291015625 0.41875 0.00830078125 0.01625
81 0.25732421875 0.4184375 0.0068359375 0.018125
101 0.27001953125 0.4196875 0.0068359375 0.018125
91 0.2783203125 0.42031250000000003 0.0068359375 0.018125
78 0.2880859375 0.42031250000000003 0.0068359375 0.018125
72 0.296875 0.4215625 0.0068359375 0.018125
18 0.277099609375 0.42031250000000003 0.06884765625 0.026875
14 0.28662109375 0.1534375 0.0107421875 0.055625
12 0.333984375 0.12687500000000002 0.0625 0.03
12 0.235107421875 0.1259375 0.06298828125 0.029375000000000002
17 0.20849609375 0.1284375 0.0126953125 0.011875
17 0.2041015625 0.143125 0.0126953125 0.01375
17 0.201416015625 0.16 0.01220703125 0.01375
11 0.2802734375 0.17625 0.2177734375 0.15125
3 0.2841796875 0.2303125 0.2890625 0.460625
