69 0.6572265625 0.2753125 0.328125 0.545625
54 0.6611328125 0.2425 0.2431640625 0.1675
59 0.566162109375 0.1909375 0.01708984375 0.019375
59 0.565673828125 0.21 0.01806640625 0.01875
59 0.558837890625 0.2421875 0.01513671875 0.018125
59 0.55712890625 0.2578125 0.0185546875 0.016875
59 0.57763671875 0.1790625 0.015625 0.015625
59 0.591796875 0.18 0.013671875 0.01875
66 0.615478515625 0.275625 0.02783203125 0.03375
66 0.641357421875 0.2790625 0.02783203125 0.035625000000000004
71 0.656005859375 0.2228125 0.01806640625 0.07187500000000001
0 0.658447265625 0.5021875 0.07861328125 0.033125
127 0.62451171875 0.5025000000000001 0.009765625 0.03375
34 0.63525390625 0.5021875 0.01171875 0.035625000000000004
2 0.649169921875 0.50125 0.00927734375 0.0325
14 0.660888671875 0.500625 0.01220703125 0.03125
15 0.6708984375 0.5 0.01171875 0.03375
5 0.68115234375 0.501875 0.009765625 0.03625
11 0.69140625 0.5021875 0.0107421875 0.030625
77 0.6591796875 0.4109375 0.044921875 0.036875