69 0.6098901098901099 0.32890625 0.4432234432234432 0.65625
54 0.6117216117216118 0.25234375000000003 0.3333333333333333 0.178125
59 0.4826007326007326 0.19882812500000002 0.022588522588522588 0.025781250000000002
59 0.5021367521367521 0.198046875 0.021367521367521368 0.02421875
59 0.5241147741147741 0.193359375 0.022588522588522588 0.02109375
0 0.6175213675213675 0.595703125 0.09584859584859586 0.04296875
55 0.5769230769230769 0.594140625 0.014652014652014652 0.04296875
10 0.5894383394383395 0.597265625 0.010378510378510378 0.049218750000000006
6 0.6056166056166056 0.59765625 0.013431013431013432 0.043750000000000004
11 0.6193528693528694 0.597265625 0.01282051282051282 0.041406250000000006
6 0.6318681318681318 0.596875 0.01221001221001221 0.046875
3 0.6443833943833944 0.595703125 0.010378510378510378 0.04453125
8 0.6584249084249084 0.5953125 0.014041514041514042 0.045312500000000006
58 0.6178266178266179 0.470703125 0.03907203907203907 0.05390625