149 0.705810546875 0.336875 0.01806640625 0.02
43 0.67822265625 0.3953125 0.0078125 0.018125
81 0.687255859375 0.395 0.00732421875 0.01875
94 0.7001953125 0.3946875 0.0068359375 0.018125
72 0.709228515625 0.3946875 0.00732421875 0.019375
93 0.718505859375 0.39375 0.00732421875 0.01875
71 0.727294921875 0.39375 0.00341796875 0.01875
79 0.73681640625 0.393125 0.0068359375 0.0175
18 0.707275390625 0.39437500000000003 0.06982421875 0.0275
15 0.61328125 0.2109375 0.03125 0.016875
15 0.687744140625 0.2071875 0.03173828125 0.018125
15 0.697509765625 0.2125 0.03076171875 0.01375
14 0.67822265625 0.1675 0.005859375 0.055
17 0.596435546875 0.121875 0.00927734375 0.0075
17 0.60693359375 0.12125 0.0078125 0.00875
11 0.68603515625 0.171875 0.2236328125 0.13375
1 0.6787109375 0.2421875 0.3115234375 0.406875
