17 0.5888671875 0.15375 0.013671875 0.015
17 0.584716796875 0.168125 0.01513671875 0.01375
17 0.6328125 0.1409375 0.015625 0.011875
17 0.602294921875 0.1396875 0.00927734375 0.011875
17 0.64990234375 0.1365625 0.0146484375 0.013125
11 0.689697265625 0.1896875 0.26708984375 0.160625
142 0.708740234375 0.4096875 0.02490234375 0.028125
43 0.6767578125 0.503125 0.0107421875 0.02375
81 0.688720703125 0.5028125 0.01123046875 0.023125
73 0.71435546875 0.5015625 0.009765625 0.024375
79 0.737060546875 0.498125 0.01025390625 0.02375
79 0.748291015625 0.4978125 0.01025390625 0.023125
91 0.726318359375 0.499375 0.01123046875 0.0225
104 0.702880859375 0.5025000000000001 0.01220703125 0.025
18 0.71337890625 0.5 0.0908203125 0.04
1 0.68896484375 0.275 0.3740234375 0.54
