125 0.52001953125 0.43375 0.033203125 0.04
43 0.488037109375 0.4903125 0.00830078125 0.019375
81 0.49853515625 0.489375 0.0087890625 0.01875
104 0.512939453125 0.4890625 0.00732421875 0.019375
77 0.522705078125 0.4890625 0.00732421875 0.019375
82 0.533203125 0.4890625 0.0078125 0.018125
78 0.54345703125 0.48875 0.0078125 0.0175
80 0.553466796875 0.4884375 0.00830078125 0.018125
18 0.521484375 0.48875 0.0771484375 0.03
17 0.436279296875 0.2165625 0.01318359375 0.010625
17 0.42041015625 0.2265625 0.013671875 0.011875
17 0.42724609375 0.2053125 0.0087890625 0.006875
11 0.511474609375 0.2509375 0.24951171875 0.12562500000000001
1 0.510986328125 0.318125 0.33251953125 0.42875
