7 0.140625 0.40750000000000003 0.12890625 0.3575
17 0.53955078125 0.2090625 0.0126953125 0.015625
17 0.538330078125 0.2278125 0.01416015625 0.011875
17 0.541015625 0.2421875 0.0146484375 0.014375
14 0.628662109375 0.2240625 0.01123046875 0.054375
11 0.631591796875 0.23125 0.21728515625 0.12875
128 0.63232421875 0.4259375 0.0322265625 0.024375
43 0.601318359375 0.475625 0.00927734375 0.0225
81 0.611083984375 0.4759375 0.01025390625 0.025625000000000002
71 0.625244140625 0.474375 0.00830078125 0.025
71 0.66357421875 0.476875 0.0078125 0.02375
75 0.634521484375 0.4753125 0.01123046875 0.025625000000000002
87 0.644287109375 0.4759375 0.01025390625 0.025625000000000002
87 0.654541015625 0.4759375 0.01220703125 0.025625000000000002
18 0.6328125 0.475625 0.0751953125 0.03375
3 0.632080078125 0.2815625 0.32080078125 0.509375
3 0.937255859375 0.19125 0.12548828125 0.38125000000000003
