2 0.234375 0.26 0.30078125 0.4825
122 0.21630859375 0.3765625 0.025390625 0.026875
18 0.21728515625 0.44125000000000003 0.072265625 0.02625
11 0.233642578125 0.1865625 0.21142578125 0.109375
17 0.150390625 0.151875 0.013671875 0.0125
17 0.146240234375 0.165 0.01318359375 0.01
14 0.236083984375 0.1878125 0.00927734375 0.059375000000000004
15 0.240234375 0.23093750000000002 0.025390625 0.023125
43 0.1875 0.4403125 0.009765625 0.021875000000000002
81 0.196533203125 0.44 0.00830078125 0.02125
77 0.2099609375 0.4415625 0.0078125 0.024375
73 0.219482421875 0.44125000000000003 0.01123046875 0.0225
99 0.229248046875 0.4409375 0.00732421875 0.023125
72 0.238525390625 0.4415625 0.00927734375 0.024375
71 0.248046875 0.4415625 0.0068359375 0.024375
