2 0.4755859375 0.28125 0.298828125 0.465
149 0.474609375 0.36125 0.01953125 0.025
11 0.47265625 0.21406250000000002 0.21875 0.11812500000000001
17 0.38818359375 0.1715625 0.0126953125 0.008125
17 0.3837890625 0.1825 0.0126953125 0.01375
17 0.39697265625 0.18031250000000001 0.01171875 0.011875
18 0.476318359375 0.4559375 0.07763671875 0.028125
43 0.444091796875 0.4553125 0.00927734375 0.024375
81 0.45458984375 0.4553125 0.009765625 0.026875
83 0.468505859375 0.4546875 0.00927734375 0.023125
105 0.478271484375 0.4553125 0.01025390625 0.026875
76 0.489013671875 0.4546875 0.00830078125 0.025625000000000002
72 0.499267578125 0.4565625 0.01025390625 0.026875
76 0.509765625 0.4546875 0.0087890625 0.025625000000000002
