1 0.353515625 0.25375000000000003 0.29296875 0.395
11 0.355224609375 0.18812500000000001 0.20849609375 0.1075
125 0.356689453125 0.345625 0.02392578125 0.02875
18 0.35595703125 0.3925 0.068359375 0.0275
17 0.292236328125 0.1440625 0.01025390625 0.009375
17 0.305908203125 0.1428125 0.01318359375 0.011875
17 0.279541015625 0.15375 0.01318359375 0.0125
43 0.327880859375 0.3928125 0.00927734375 0.024375
81 0.337158203125 0.39187500000000003 0.00927734375 0.0225
104 0.349853515625 0.3928125 0.00927734375 0.021875000000000002
98 0.3671875 0.3934375 0.0087890625 0.025625000000000002
77 0.358642578125 0.3934375 0.00830078125 0.023125
78 0.377197265625 0.3934375 0.00927734375 0.025625000000000002
77 0.385986328125 0.39156250000000004 0.00830078125 0.024375
