2 0.7265625 0.225 0.3125 0.4475
11 0.72998046875 0.139375 0.2216796875 0.11375
17 0.631103515625 0.155625 0.01318359375 0.0125
17 0.632080078125 0.141875 0.01220703125 0.0125
17 0.634765625 0.1271875 0.013671875 0.009375
17 0.652587890625 0.1128125 0.01220703125 0.011875
17 0.63671875 0.11093750000000001 0.01171875 0.010625
17 0.640869140625 0.099375 0.00830078125 0.0075
14 0.72509765625 0.1475 0.013671875 0.07125000000000001
143 0.74072265625 0.3165625 0.0419921875 0.029375000000000002
18 0.73974609375 0.379375 0.0703125 0.03
43 0.710693359375 0.3790625 0.00830078125 0.021875000000000002
81 0.71923828125 0.3790625 0.0087890625 0.023125
76 0.732177734375 0.37875000000000003 0.00927734375 0.02125
78 0.74169921875 0.379375 0.0087890625 0.02125
102 0.75146484375 0.37875000000000003 0.0087890625 0.0225
77 0.76025390625 0.379375 0.0087890625 0.0225
71 0.76953125 0.3796875 0.0068359375 0.021875000000000002
