1 0.5 0.25 0.296875 0.3825
112 0.508544921875 0.34375 0.01806640625 0.01875
18 0.509765625 0.3990625 0.0703125 0.024375
43 0.4814453125 0.4 0.009765625 0.02
81 0.490966796875 0.40125 0.00732421875 0.02
98 0.50390625 0.40125 0.009765625 0.02
73 0.512939453125 0.4 0.00830078125 0.0225
74 0.5224609375 0.39937500000000004 0.0087890625 0.02125
75 0.531494140625 0.39937500000000004 0.00927734375 0.02125
75 0.540283203125 0.39937500000000004 0.00830078125 0.02125
11 0.500732421875 0.1734375 0.20263671875 0.106875
14 0.497802734375 0.1784375 0.01025390625 0.058125
15 0.42578125 0.19968750000000002 0.0341796875 0.021875000000000002
17 0.423095703125 0.134375 0.01123046875 0.01125
17 0.4365234375 0.134375 0.01171875 0.0075
17 0.45068359375 0.13343750000000001 0.013671875 0.011875
17 0.463134765625 0.1328125 0.01123046875 0.010625
