17 0.462890625 0.2240625 0.0166015625 0.014375
17 0.459228515625 0.241875 0.01318359375 0.0175
17 0.4541015625 0.27625 0.015625 0.01625
14 0.57177734375 0.2675 0.01171875 0.065
15 0.523681640625 0.33 0.04150390625 0.0275
15 0.5634765625 0.3290625 0.0322265625 0.030625
11 0.570556640625 0.2859375 0.28173828125 0.175625
125 0.572021484375 0.476875 0.01904296875 0.025
43 0.535888671875 0.56625 0.01123046875 0.0225
81 0.547119140625 0.5671875000000001 0.01025390625 0.021875000000000002
106 0.5615234375 0.568125 0.009765625 0.0225
99 0.572509765625 0.56625 0.01025390625 0.02125
79 0.59326171875 0.5675 0.0087890625 0.02125
79 0.603515625 0.566875 0.0078125 0.02125
71 0.583251953125 0.566875 0.00634765625 0.01875
18 0.56982421875 0.5653125 0.0830078125 0.030625
3 0.57080078125 0.301875 0.3671875 0.60375
