17 0.3076171875 0.16468750000000001 0.0146484375 0.014375
17 0.323486328125 0.161875 0.01513671875 0.015
17 0.306396484375 0.1790625 0.01708984375 0.016875
17 0.3212890625 0.17625 0.013671875 0.015
11 0.396728515625 0.21875 0.23974609375 0.1675
128 0.398193359375 0.39125 0.02783203125 0.02125
43 0.367919921875 0.48781250000000004 0.00927734375 0.021875000000000002
81 0.378173828125 0.4875 0.00830078125 0.0225
83 0.412109375 0.4859375 0.0087890625 0.020625
98 0.431640625 0.4859375 0.0087890625 0.021875000000000002
78 0.39208984375 0.48812500000000003 0.0087890625 0.02125
77 0.422119140625 0.48625 0.00927734375 0.0225
74 0.401611328125 0.486875 0.00830078125 0.02125
18 0.39990234375 0.48625 0.0791015625 0.02875
3 0.39501953125 0.2709375 0.330078125 0.541875
