53 0.486083984375 0.26156250000000003 0.36376953125 0.513125
54 0.4853515625 0.19843750000000002 0.263671875 0.148125
59 0.393798828125 0.150625 0.01513671875 0.01625
59 0.409423828125 0.1521875 0.01513671875 0.016875
59 0.387939453125 0.16375 0.01708984375 0.0125
0 0.494873046875 0.44 0.08837890625 0.0375
55 0.458984375 0.440625 0.0166015625 0.035
10 0.4716796875 0.44 0.0087890625 0.03375
30 0.48486328125 0.438125 0.01171875 0.0325
15 0.49560546875 0.4396875 0.0087890625 0.038125
26 0.50634765625 0.4378125 0.00390625 0.038125
32 0.51513671875 0.43843750000000004 0.01171875 0.036875
11 0.529052734375 0.4375 0.01318359375 0.03625
99 0.49365234375 0.40625 0.01953125 0.02375