52 0.4765625 0.240625 0.3203125 0.42375
54 0.474365234375 0.175625 0.21630859375 0.12
59 0.39794921875 0.13125 0.0185546875 0.01
59 0.39404296875 0.139375 0.021484375 0.01125
59 0.3935546875 0.15156250000000002 0.021484375 0.008125
0 0.48388671875 0.3875 0.07421875 0.03375
55 0.4521484375 0.38906250000000003 0.009765625 0.028125
10 0.463134765625 0.39 0.01025390625 0.03125
15 0.476806640625 0.389375 0.00732421875 0.0275
11 0.485107421875 0.3903125 0.00927734375 0.029375000000000002
21 0.49462890625 0.389375 0.0087890625 0.02875
3 0.503173828125 0.3909375 0.01025390625 0.031875
20 0.512451171875 0.3903125 0.00830078125 0.030625
63 0.481689453125 0.3409375 0.03759765625 0.050625