125 0.35826558265582653 0.36546943919344677 0.03252032520325203 0.03276622558286074
43 0.3260162601626016 0.4124133585381223 0.008130081300813007 0.018273471959672338
81 0.33550135501355016 0.4136735979836169 0.007588075880758808 0.017013232514177693
104 0.35013550135501353 0.41398865784499056 0.008672086720867209 0.017643352236925015
80 0.36016260162601627 0.4136735979836169 0.00921409214092141 0.017013232514177693
85 0.370189701897019 0.41398865784499056 0.008672086720867209 0.017643352236925015
77 0.3802168021680217 0.41398865784499056 0.008130081300813007 0.017643352236925015
79 0.3905149051490515 0.41398865784499056 0.007046070460704607 0.017643352236925015
18 0.35826558265582653 0.41304347826086957 0.07696476964769648 0.02835538752362949
17 0.3311653116531165 0.15879017013232516 0.013008130081300813 0.010081915563957152
17 0.3032520325203252 0.15784499054820417 0.011382113821138212 0.00945179584120983
17 0.2859078590785908 0.16824196597353497 0.014634146341463414 0.008821676118462508
17 0.28075880758807586 0.1786389413988658 0.013008130081300813 0.00945179584120983
17 0.2948509485094851 0.17989918084436043 0.013008130081300813 0.010712035286704474
17 0.27696476964769645 0.1899810964083176 0.013008130081300813 0.010712035286704474
17 0.2897018970189702 0.19250157529930687 0.013550135501355014 0.00945179584120983
11 0.36937669376693766 0.2010081915563957 0.24769647696476965 0.11216131064902332
1 0.37398373983739835 0.261184625078765 0.3262872628726287 0.3837429111531191
