1 0.513671875 0.2725 0.30078125 0.3875
181 0.513427734375 0.34875 0.02099609375 0.01125
11 0.512939453125 0.2003125 0.19970703125 0.108125
18 0.51318359375 0.4246875 0.0712890625 0.026875
14 0.509765625 0.195 0.0087890625 0.0525
17 0.4375 0.1684375 0.0126953125 0.011875
17 0.456787109375 0.1584375 0.01123046875 0.008125
17 0.44091796875 0.1584375 0.013671875 0.008125
43 0.484130859375 0.42375 0.00927734375 0.02
81 0.493896484375 0.424375 0.00830078125 0.02125
100 0.506103515625 0.425 0.00927734375 0.0225
91 0.532958984375 0.425 0.01025390625 0.025
79 0.514892578125 0.424375 0.00830078125 0.02375
77 0.523681640625 0.425 0.00830078125 0.025
71 0.5419921875 0.424375 0.0078125 0.0225
