2 0.671875 0.23500000000000001 0.3203125 0.4475
18 0.689453125 0.3978125 0.0703125 0.030625
43 0.66064453125 0.3978125 0.009765625 0.024375
81 0.66943359375 0.39875 0.0087890625 0.02375
76 0.6826171875 0.3984375 0.0078125 0.023125
75 0.69140625 0.3971875 0.009765625 0.023125
100 0.700439453125 0.3975 0.00830078125 0.02125
97 0.7099609375 0.3971875 0.0087890625 0.023125
75 0.7197265625 0.39687500000000003 0.0087890625 0.02375
115 0.689208984375 0.355 0.04736328125 0.02125
11 0.67138671875 0.1440625 0.224609375 0.106875
17 0.586181640625 0.110625 0.01220703125 0.01375
17 0.58349609375 0.123125 0.0146484375 0.01125
