17 0.418701171875 0.0878125 0.01318359375 0.011875
17 0.43212890625 0.0884375 0.013671875 0.010625
15 0.51123046875 0.15031250000000002 0.0244140625 0.028125
11 0.50830078125 0.1271875 0.2265625 0.099375
126 0.530517578125 0.3015625 0.01416015625 0.014375
43 0.502197265625 0.3965625 0.00830078125 0.021875000000000002
81 0.51123046875 0.3971875 0.009765625 0.023125
71 0.524169921875 0.3953125 0.00830078125 0.021875000000000002
78 0.533203125 0.395625 0.0087890625 0.02
91 0.542724609375 0.3946875 0.00927734375 0.021875000000000002
75 0.551513671875 0.3934375 0.00927734375 0.020625
18 0.53125 0.39437500000000003 0.072265625 0.03
2 0.511962890625 0.226875 0.32666015625 0.4525
