159 0.6701599558742416 0.4492163009404389 0.024269167126309985 0.029467084639498434
43 0.6323772752344181 0.5047021943573669 0.008273579702151132 0.02006269592476489
81 0.6439602868174297 0.5053291536050157 0.009376723662437948 0.02006269592476489
79 0.660507446221732 0.5056426332288402 0.008273579702151132 0.020689655172413793
71 0.6720904578047435 0.5059561128526646 0.003861003861003861 0.022570532915360503
101 0.6831218974076118 0.5056426332288402 0.009376723662437948 0.01943573667711599
76 0.6952564809707668 0.5059561128526646 0.009376723662437948 0.02006269592476489
99 0.70711527854385 0.5053291536050157 0.00882515168229454 0.021316614420062698
18 0.6696083838940983 0.5050156739811913 0.08935466078323222 0.029467084639498434
15 0.5926640926640927 0.27429467084639503 0.04357418643132929 0.026959247648902823
17 0.57280750137893 0.2 0.017098731384445672 0.011285266457680252
11 0.6701599558742416 0.24075235109717869 0.2757859900717044 0.14169278996865203
1 0.6709873138444568 0.31285266457680255 0.3976833976833977 0.45141065830721006
