17 0.32470703125 0.0865625 0.01953125 0.015625
14 0.439208984375 0.13625 0.01025390625 0.07375
11 0.436767578125 0.1271875 0.29736328125 0.15687500000000001
43 0.397216796875 0.425 0.01123046875 0.0225
81 0.40966796875 0.42625 0.009765625 0.02125
83 0.459716796875 0.4253125 0.01025390625 0.024375
75 0.4248046875 0.425 0.009765625 0.0225
75 0.4482421875 0.4259375 0.0107421875 0.025625000000000002
78 0.4716796875 0.4246875 0.009765625 0.023125
96 0.43603515625 0.4253125 0.009765625 0.024375
18 0.433837890625 0.42562500000000003 0.08935546875 0.035
2 0.4404296875 0.253125 0.4130859375 0.50625
