2 0.41455078125 0.930625 0.353515625 0.0575
17 0.144775390625 0.100625 0.01904296875 0.01125
11 0.2451171875 0.15875 0.294921875 0.15875
176 0.240234375 0.413125 0.0322265625 0.035
43 0.2041015625 0.471875 0.01171875 0.02375
81 0.2158203125 0.47375 0.01171875 0.0275
83 0.243896484375 0.470625 0.01220703125 0.02375
88 0.26806640625 0.4703125 0.01171875 0.024375
77 0.23193359375 0.4715625 0.009765625 0.025625000000000002
71 0.256103515625 0.47125 0.01025390625 0.0275
79 0.279541015625 0.47000000000000003 0.01025390625 0.02625
18 0.240966796875 0.4715625 0.09228515625 0.036875
2 0.25244140625 0.2675 0.41015625 0.535
