43 0.28337408312958434 0.504885993485342 0.008312958435207823 0.023452768729641693
81 0.293643031784841 0.5055374592833877 0.009290953545232274 0.020846905537459284
74 0.30684596577017115 0.5042345276872965 0.008312958435207823 0.02214983713355049
72 0.317359413202934 0.504885993485342 0.007823960880195598 0.01954397394136808
81 0.3278728606356968 0.5061889250814332 0.008312958435207823 0.02214983713355049
87 0.3376528117359413 0.5055374592833877 0.008312958435207823 0.02214983713355049
76 0.34816625916870414 0.5068403908794789 0.007823960880195598 0.02214983713355049
18 0.31491442542787285 0.5045602605863192 0.07823960880195599 0.03322475570032574
142 0.3161369193154034 0.44006514657980456 0.02396088019559902 0.03192182410423453
17 0.2635696821515892 0.17622149837133552 0.013691931540342296 0.008469055374592834
17 0.27726161369193153 0.17459283387622151 0.013691931540342296 0.009120521172638438
17 0.26136919315403423 0.18501628664495115 0.013202933985330073 0.010423452768729642
16 0.33887530562347185 0.26123778501628664 0.013691931540342296 0.02214983713355049
11 0.33496332518337407 0.23257328990228013 0.23569682151589239 0.14201954397394137
2 0.3398533007334963 0.2973941368078176 0.33740831295843515 0.511400651465798
