2 0.09521484375 0.9028125 0.1904296875 0.110625
17 0.462890625 0.19 0.0146484375 0.01125
17 0.4775390625 0.18875 0.013671875 0.01125
17 0.46240234375 0.2028125 0.015625 0.011875
15 0.45849609375 0.268125 0.0263671875 0.01875
11 0.544677734375 0.2303125 0.24658203125 0.130625
159 0.5458984375 0.45125 0.02734375 0.03375
43 0.51513671875 0.504375 0.009765625 0.0225
81 0.525390625 0.5046875 0.009765625 0.024375
84 0.558837890625 0.5040625 0.00927734375 0.023125
84 0.578857421875 0.5046875 0.00927734375 0.023125
80 0.54931640625 0.5046875 0.0078125 0.020625
78 0.539306640625 0.505 0.01025390625 0.0225
72 0.5693359375 0.5046875 0.0087890625 0.020625
18 0.5478515625 0.5053125 0.080078125 0.036875
1 0.545654296875 0.315625 0.34423828125 0.4625
