17 0.286376953125 0.1453125 0.01416015625 0.011875
17 0.302734375 0.1471875 0.0107421875 0.013125
17 0.28466796875 0.15937500000000002 0.0068359375 0.01125
17 0.303955078125 0.1653125 0.01708984375 0.010625
11 0.389892578125 0.2084375 0.25537109375 0.148125
124 0.38232421875 0.4503125 0.03125 0.029375000000000002
43 0.345458984375 0.506875 0.01220703125 0.025
81 0.35693359375 0.5071875 0.0078125 0.025625000000000002
81 0.39599609375 0.50875 0.0107421875 0.0275
78 0.373779296875 0.5084375 0.00927734375 0.024375
93 0.384765625 0.5084375 0.01171875 0.026875
73 0.408203125 0.506875 0.0126953125 0.025
73 0.419677734375 0.50875 0.01318359375 0.02875
18 0.382080078125 0.5078125 0.09228515625 0.035625000000000004
1 0.395751953125 0.290625 0.36376953125 0.52
