52 0.4560546875 0.26875 0.3310546875 0.41875
54 0.458740234375 0.1940625 0.23193359375 0.11937500000000001
59 0.371826171875 0.1603125 0.01806640625 0.015625
0 0.462646484375 0.4421875 0.07568359375 0.029375000000000002
55 0.433837890625 0.445625 0.00927734375 0.02625
10 0.4443359375 0.4446875 0.0087890625 0.026875
11 0.45654296875 0.44625000000000004 0.0107421875 0.02625
11 0.466064453125 0.445625 0.00732421875 0.02375
36 0.47509765625 0.44625000000000004 0.0087890625 0.02375
31 0.484375 0.4459375 0.0126953125 0.024375
26 0.49462890625 0.445 0.0078125 0.025
90 0.46240234375 0.3925 0.0283203125 0.03