17 0.39013671875 0.135625 0.0146484375 0.01
17 0.38671875 0.1465625 0.01171875 0.009375
14 0.465087890625 0.170625 0.01123046875 0.05
16 0.4599609375 0.2040625 0.0166015625 0.014375
11 0.467041015625 0.1771875 0.22509765625 0.111875
127 0.47509765625 0.36875 0.0224609375 0.02625
43 0.4462890625 0.4059375 0.0087890625 0.018125
81 0.455322265625 0.4059375 0.00927734375 0.019375
90 0.468017578125 0.405 0.00732421875 0.01875
80 0.503662109375 0.405 0.00927734375 0.01875
84 0.48583984375 0.40468750000000003 0.0078125 0.019375
76 0.477294921875 0.405 0.00830078125 0.0175
79 0.494384765625 0.404375 0.00732421875 0.0175
18 0.475341796875 0.4059375 0.07080078125 0.029375000000000002
1 0.46533203125 0.248125 0.3115234375 0.39875
11 0.04736328125 0.0521875 0.0947265625 0.104375
2 0.079833984375 0.1465625 0.15966796875 0.293125
