52 0.543212890625 0.2821875 0.33837890625 0.469375
54 0.540283203125 0.21125 0.22607421875 0.12125
59 0.459716796875 0.1684375 0.01806640625 0.013125
59 0.454833984375 0.179375 0.01416015625 0.01125
59 0.452392578125 0.1990625 0.01513671875 0.019375
0 0.546142578125 0.44875 0.07861328125 0.03875
55 0.5126953125 0.449375 0.0107421875 0.03875
10 0.523193359375 0.450625 0.01220703125 0.04875
30 0.535888671875 0.449375 0.01513671875 0.03375
14 0.549072265625 0.450625 0.00927734375 0.03375
10 0.5576171875 0.44875 0.0078125 0.035
14 0.567138671875 0.45 0.01123046875 0.0325
5 0.578125 0.448125 0.0087890625 0.03625
70 0.54638671875 0.405 0.0302734375 0.035