17 0.65771484375 0.206875 0.0126953125 0.01125
17 0.671142578125 0.2034375 0.01416015625 0.011875
17 0.6845703125 0.20375000000000001 0.013671875 0.0125
11 0.7509765625 0.2371875 0.2451171875 0.114375
125 0.7587890625 0.4271875 0.033203125 0.041875
43 0.726806640625 0.4875 0.01025390625 0.02375
81 0.736328125 0.4871875 0.0078125 0.025625000000000002
104 0.750732421875 0.48625 0.01025390625 0.025
80 0.76171875 0.486875 0.01171875 0.02625
80 0.79248046875 0.4859375 0.0107421875 0.025625000000000002
77 0.7822265625 0.48625 0.009765625 0.025
90 0.771728515625 0.4865625 0.00927734375 0.026875
18 0.759033203125 0.485 0.07958984375 0.02875
1 0.74853515625 0.3090625 0.33203125 0.441875
