113 0.495849609375 0.295625 0.01904296875 0.02
43 0.468017578125 0.3678125 0.00732421875 0.019375
81 0.477783203125 0.3678125 0.00732421875 0.019375
76 0.489990234375 0.366875 0.00830078125 0.0175
85 0.498779296875 0.366875 0.00830078125 0.0175
106 0.50830078125 0.366875 0.0078125 0.0175
78 0.517333984375 0.36625 0.00732421875 0.01625
78 0.526123046875 0.3665625 0.00634765625 0.018125
18 0.496826171875 0.3678125 0.06982421875 0.026875
12 0.533203125 0.088125 0.060546875 0.02625
17 0.40234375 0.084375 0.0107421875 0.00875
17 0.3994140625 0.09625 0.01171875 0.0075
17 0.398193359375 0.105625 0.01220703125 0.00875
17 0.395751953125 0.1184375 0.00830078125 0.009375
17 0.39404296875 0.129375 0.009765625 0.00875
17 0.393310546875 0.1396875 0.00927734375 0.008125
15 0.399169921875 0.164375 0.02392578125 0.01375
16 0.486328125 0.1603125 0.009765625 0.016875
11 0.484130859375 0.1271875 0.21533203125 0.113125
2 0.48095703125 0.2059375 0.3115234375 0.411875
