17 0.251953125 0.1375 0.013671875 0.00625
17 0.249755859375 0.1471875 0.01416015625 0.011875
11 0.33837890625 0.1909375 0.244140625 0.155625
142 0.3349609375 0.3809375 0.0205078125 0.024375
43 0.30419921875 0.436875 0.009765625 0.02125
81 0.313720703125 0.436875 0.00830078125 0.02125
73 0.32666015625 0.4375 0.009765625 0.02
77 0.3359375 0.4378125 0.0078125 0.020625
98 0.34521484375 0.43843750000000004 0.009765625 0.021875000000000002
91 0.355224609375 0.438125 0.00732421875 0.02
80 0.36474609375 0.43875000000000003 0.0087890625 0.02125
18 0.33447265625 0.439375 0.0751953125 0.03375
3 0.33984375 0.2553125 0.318359375 0.509375
