17 0.3837890625 0.1178125 0.015625 0.011875
17 0.3828125 0.1290625 0.0126953125 0.009375
17 0.380859375 0.1396875 0.013671875 0.010625
17 0.379150390625 0.15375 0.01220703125 0.01125
14 0.46240234375 0.14625 0.01171875 0.05
16 0.472412109375 0.1903125 0.00927734375 0.013125
11 0.466064453125 0.1553125 0.22705078125 0.106875
112 0.47509765625 0.346875 0.0166015625 0.025
37 0.447021484375 0.4003125 0.00927734375 0.019375
83 0.455810546875 0.4 0.00927734375 0.02
86 0.486572265625 0.3984375 0.00830078125 0.018125
75 0.468994140625 0.39937500000000004 0.00927734375 0.02
75 0.4970703125 0.39937500000000004 0.0087890625 0.02125
72 0.478515625 0.39875 0.009765625 0.02125
76 0.50634765625 0.39875 0.0087890625 0.01875
18 0.476318359375 0.39875 0.07177734375 0.03125
1 0.46435546875 0.2384375 0.310546875 0.429375
