52 0.35009765625 0.275625 0.2919921875 0.42
54 0.34765625 0.22187500000000002 0.2041015625 0.1325
59 0.277587890625 0.1690625 0.01025390625 0.009375
59 0.292236328125 0.1696875 0.01318359375 0.013125
59 0.275634765625 0.1846875 0.01611328125 0.021875000000000002
74 0.378173828125 0.2509375 0.01416015625 0.030625
0 0.343994140625 0.42812500000000003 0.07275390625 0.0325
55 0.31298828125 0.42812500000000003 0.0078125 0.03
10 0.322021484375 0.4303125 0.00830078125 0.025625000000000002
14 0.333984375 0.4303125 0.0078125 0.028125
15 0.343505859375 0.426875 0.00927734375 0.0275
16 0.353759765625 0.4278125 0.00927734375 0.023125
31 0.36279296875 0.4290625 0.0087890625 0.023125
6 0.371826171875 0.43093750000000003 0.00732421875 0.026875
113 0.342041015625 0.3803125 0.02197265625 0.024375