1 0.1728515625 0.47500000000000003 0.326171875 0.5025000000000001
125 0.16796875 0.6109375 0.0322265625 0.035625000000000004
11 0.17138671875 0.3928125 0.2607421875 0.140625
17 0.076416015625 0.366875 0.01416015625 0.01125
17 0.07275390625 0.3803125 0.0107421875 0.013125
18 0.168701171875 0.6703125 0.08642578125 0.028125
43 0.13330078125 0.6696875 0.0087890625 0.024375
81 0.14501953125 0.6696875 0.0087890625 0.026875
104 0.159423828125 0.6696875 0.01123046875 0.024375
71 0.17041015625 0.6696875 0.0087890625 0.029375000000000002
103 0.182373046875 0.6690625 0.01318359375 0.025625000000000002
73 0.19384765625 0.6703125 0.009765625 0.028125
73 0.205078125 0.6690625 0.009765625 0.030625
