52 0.552734375 0.28500000000000003 0.3525390625 0.445
54 0.55126953125 0.2096875 0.2431640625 0.136875
59 0.453125 0.180625 0.017578125 0.0075
59 0.45947265625 0.1921875 0.021484375 0.008125
0 0.556640625 0.4634375 0.0830078125 0.028125
55 0.52587890625 0.465 0.009765625 0.025
10 0.5361328125 0.465 0.009765625 0.0275
2 0.5498046875 0.465625 0.0078125 0.02625
47 0.559814453125 0.465 0.01025390625 0.025
13 0.57080078125 0.465 0.0107421875 0.025
7 0.580078125 0.465 0.0078125 0.0275
6 0.59033203125 0.465625 0.009765625 0.02625
61 0.561279296875 0.414375 0.03466796875 0.03125