52 0.50927734375 0.2878125 0.404296875 0.489375
54 0.513427734375 0.2096875 0.25830078125 0.133125
59 0.41455078125 0.1690625 0.009765625 0.016875
59 0.431884765625 0.1728125 0.01318359375 0.015625
0 0.517578125 0.470625 0.076171875 0.03125
55 0.486328125 0.4715625 0.0126953125 0.030625
10 0.497314453125 0.4715625 0.00830078125 0.030625
18 0.5107421875 0.4703125 0.009765625 0.033125
33 0.5224609375 0.47000000000000003 0.009765625 0.03
15 0.531982421875 0.4703125 0.00927734375 0.036875
11 0.541748046875 0.47000000000000003 0.00927734375 0.03
20 0.55224609375 0.4703125 0.009765625 0.033125
80 0.517333984375 0.39625 0.02001953125 0.0225