17 0.302734375 0.1403125 0.013671875 0.011875
17 0.3203125 0.1409375 0.0185546875 0.013125
17 0.298828125 0.1534375 0.0166015625 0.014375
14 0.409912109375 0.1640625 0.01025390625 0.046875
11 0.40869140625 0.1875 0.283203125 0.15125
113 0.40234375 0.43843750000000004 0.025390625 0.026875
43 0.365966796875 0.48531250000000004 0.01123046875 0.024375
81 0.377685546875 0.4865625 0.01025390625 0.025625000000000002
79 0.39306640625 0.48562500000000003 0.01171875 0.025
78 0.405517578125 0.48531250000000004 0.01025390625 0.024375
90 0.417724609375 0.48531250000000004 0.01025390625 0.024375
98 0.429443359375 0.48531250000000004 0.01123046875 0.024375
77 0.441162109375 0.4865625 0.00927734375 0.024375
18 0.403076171875 0.4859375 0.09228515625 0.036875
1 0.411376953125 0.2809375 0.40478515625 0.541875
