1 0.6513671875 0.30125 0.369140625 0.53
11 0.653564453125 0.2215625 0.25146484375 0.136875
15 0.55517578125 0.2640625 0.0439453125 0.044375
17 0.54736328125 0.18812500000000001 0.0146484375 0.015
17 0.550537109375 0.1709375 0.01318359375 0.011875
17 0.65087890625 0.2196875 0.0107421875 0.068125
18 0.66162109375 0.5296875 0.087890625 0.034375
127 0.65966796875 0.47375 0.0283203125 0.0325
43 0.623779296875 0.528125 0.01220703125 0.03375
81 0.63623046875 0.5296875 0.0107421875 0.030625
77 0.65185546875 0.5296875 0.0107421875 0.028125
105 0.663330078125 0.5296875 0.01220703125 0.028125
85 0.675537109375 0.5290625 0.01220703125 0.029375000000000002
78 0.68798828125 0.52875 0.0107421875 0.02625
79 0.698974609375 0.5290625 0.01123046875 0.029375000000000002
