1 0.415771484375 0.35531250000000003 0.33447265625 0.438125
125 0.41015625 0.46968750000000004 0.03515625 0.040625
18 0.40869140625 0.5246875 0.080078125 0.030625
11 0.412109375 0.27187500000000003 0.236328125 0.12125
43 0.3779296875 0.525 0.01171875 0.02625
81 0.388916015625 0.5246875 0.00830078125 0.025625000000000002
81 0.40234375 0.5253125 0.0107421875 0.024375
86 0.41259765625 0.525625 0.009765625 0.025
74 0.42333984375 0.5246875 0.009765625 0.025625000000000002
71 0.4326171875 0.525625 0.0068359375 0.025
71 0.443115234375 0.5246875 0.00732421875 0.025625000000000002
17 0.333740234375 0.23093750000000002 0.01220703125 0.016875
