122 0.36767578125 0.4234375 0.029296875 0.015625
43 0.3310546875 0.4784375 0.009765625 0.021875000000000002
81 0.342529296875 0.4784375 0.00927734375 0.023125
71 0.35791015625 0.4784375 0.00390625 0.021875000000000002
90 0.3701171875 0.47781250000000003 0.009765625 0.023125
92 0.3818359375 0.47875 0.009765625 0.0225
72 0.3935546875 0.4784375 0.009765625 0.021875000000000002
73 0.405029296875 0.478125 0.00927734375 0.02125
18 0.367431640625 0.4784375 0.08837890625 0.031875
15 0.26123046875 0.2325 0.029296875 0.0325
14 0.370849609375 0.16625 0.00830078125 0.045
12 0.435791015625 0.135625 0.06396484375 0.03125
17 0.27490234375 0.12875 0.0126953125 0.0125
17 0.271240234375 0.1453125 0.01513671875 0.011875
11 0.36962890625 0.1934375 0.2841796875 0.171875
1 0.37060546875 0.2671875 0.375 0.534375
