125 0.472900390625 0.4303125 0.03076171875 0.035625000000000004
43 0.441162109375 0.48562500000000003 0.00927734375 0.01875
81 0.450927734375 0.48562500000000003 0.00732421875 0.01875
104 0.46533203125 0.4859375 0.0078125 0.020625
75 0.475341796875 0.48562500000000003 0.00732421875 0.01875
88 0.486083984375 0.48531250000000004 0.00830078125 0.019375
80 0.49609375 0.485 0.0078125 0.0175
80 0.506103515625 0.484375 0.00830078125 0.01875
18 0.473388671875 0.485 0.07958984375 0.03125
14 0.45849609375 0.2415625 0.0087890625 0.045625
17 0.373046875 0.2209375 0.013671875 0.010625
17 0.3701171875 0.23375 0.0126953125 0.01125
11 0.46484375 0.2459375 0.25 0.124375
1 0.464111328125 0.3121875 0.32958984375 0.441875
