142 0.471923828125 0.4553125 0.01416015625 0.020625
43 0.43798828125 0.5140625 0.0087890625 0.021875000000000002
81 0.448974609375 0.514375 0.00830078125 0.0225
77 0.463134765625 0.514375 0.00830078125 0.02125
100 0.474365234375 0.5153125000000001 0.00927734375 0.020625
83 0.484375 0.5159375 0.0078125 0.021875000000000002
80 0.494873046875 0.51625 0.00927734375 0.02125
72 0.50537109375 0.5159375 0.0087890625 0.021875000000000002
18 0.471923828125 0.5153125000000001 0.08056640625 0.033125
15 0.424560546875 0.289375 0.03466796875 0.0225
14 0.47705078125 0.224375 0.005859375 0.058750000000000004
17 0.387451171875 0.18125 0.01416015625 0.0125
17 0.403564453125 0.18156250000000002 0.01416015625 0.014375
17 0.42333984375 0.18031250000000001 0.013671875 0.011875
17 0.4658203125 0.18625 0.0126953125 0.01125
17 0.445068359375 0.1846875 0.01806640625 0.014375
11 0.47607421875 0.2503125 0.263671875 0.176875
3 0.480224609375 0.30125 0.34619140625 0.5975
