2 0.0224609375 0.100625 0.044921875 0.20125
7 0.3837890625 0.028125 0.0400390625 0.05625
17 0.615234375 0.1825 0.0146484375 0.01
16 0.701416015625 0.2475 0.02880859375 0.01875
11 0.703125 0.2228125 0.23828125 0.143125
113 0.709228515625 0.413125 0.02978515625 0.03
43 0.675537109375 0.4625 0.00830078125 0.02125
81 0.685546875 0.4628125 0.0078125 0.021875000000000002
80 0.740966796875 0.4628125 0.01025390625 0.020625
75 0.7001953125 0.4628125 0.0087890625 0.020625
78 0.711181640625 0.4628125 0.00927734375 0.020625
100 0.720703125 0.4625 0.0087890625 0.02125
93 0.73046875 0.4634375 0.0107421875 0.020625
18 0.70751953125 0.4628125 0.0791015625 0.033125
2 0.701904296875 0.2940625 0.33740234375 0.473125
