17 nan nan nan nan
16 0.458251953125 0.128125 0.01416015625 0.0125
11 0.61181640625 0.1934375 0.03125 0.033125
125 0.536865234375 0.1678125 0.21142578125 0.115625
43 0.549560546875 0.32875 0.02880859375 0.03375
81 0.521240234375 0.3778125 0.00830078125 0.020625
104 0.529541015625 0.3765625 0.00732421875 0.023125
77 0.54296875 0.3765625 0.0087890625 0.020625
74 0.55126953125 0.3753125 0.0078125 0.021875000000000002
78 0.56982421875 0.3753125 0.0087890625 0.019375
103 0.57861328125 0.375 0.0078125 0.02
18 0.560302734375 0.37593750000000004 0.00927734375 0.018125
1 0.549560546875 0.3746875 0.07568359375 0.031875
