17 0.04931640625 0.259375 0.0146484375 0.0125
17 0.048828125 0.27 0.015625 0.01125
15 0.23095703125 0.3440625 0.0234375 0.018125
11 0.131591796875 0.30875 0.23291015625 0.12875
43 0.077392578125 0.5846875 0.01025390625 0.025625000000000002
81 0.087890625 0.5865625 0.009765625 0.024375
78 0.1025390625 0.5865625 0.0087890625 0.023125
72 0.113037109375 0.5865625 0.00927734375 0.023125
106 0.1240234375 0.585 0.0126953125 0.02375
90 0.134521484375 0.5840625 0.00927734375 0.023125
78 0.144287109375 0.5840625 0.01025390625 0.020625
18 0.111083984375 0.585 0.08154296875 0.0325
1 0.159423828125 0.3846875 0.31689453125 0.470625
