17 0.394775390625 0.07875 0.01416015625 0.01
17 0.410888671875 0.075625 0.01611328125 0.01
15 0.499267578125 0.1303125 0.01708984375 0.058125
16 0.498046875 0.1759375 0.0224609375 0.015625
11 0.491455078125 0.1290625 0.25927734375 0.140625
181 0.501220703125 0.3746875 0.03271484375 0.018125
43 0.465087890625 0.46875 0.01025390625 0.02625
81 0.4765625 0.4678125 0.0107421875 0.024375
71 0.492431640625 0.4678125 0.01123046875 0.028125
104 0.504638671875 0.4678125 0.01318359375 0.029375000000000002
93 0.516357421875 0.4678125 0.01318359375 0.029375000000000002
78 0.52783203125 0.46875 0.01171875 0.02625
75 0.5400390625 0.4675 0.013671875 0.02875
18 0.50244140625 0.468125 0.08984375 0.0375
2 0.504150390625 0.2665625 0.43798828125 0.5181250000000001
