1 0.4736328125 0.22375 0.296875 0.38
11 0.46826171875 0.1484375 0.1962890625 0.105625
181 0.4794921875 0.2959375 0.01953125 0.011875
18 0.482421875 0.3690625 0.0673828125 0.025625000000000002
17 0.394287109375 0.11031250000000001 0.01123046875 0.009375
17 0.390625 0.1228125 0.0126953125 0.011875
15 0.469482421875 0.1821875 0.02490234375 0.026875
43 0.453857421875 0.36843750000000003 0.00830078125 0.023125
81 0.463623046875 0.36843750000000003 0.00927734375 0.023125
80 0.475341796875 0.3671875 0.00927734375 0.020625
83 0.484619140625 0.368125 0.00927734375 0.02125
102 0.493408203125 0.3671875 0.00830078125 0.020625
76 0.50146484375 0.3671875 0.0078125 0.020625
80 0.510986328125 0.3678125 0.00927734375 0.021875000000000002
