1 0.5947265625 0.2625 0.333984375 0.47750000000000004
122 0.591552734375 0.4271875 0.02783203125 0.016875
11 0.5849609375 0.185625 0.2626953125 0.145
18 0.592529296875 0.4721875 0.08447265625 0.029375000000000002
43 0.556640625 0.4734375 0.0107421875 0.028125
81 0.567626953125 0.4721875 0.01123046875 0.025625000000000002
100 0.58349609375 0.4721875 0.01171875 0.025625000000000002
94 0.616943359375 0.4709375 0.01123046875 0.025625000000000002
73 0.593994140625 0.4721875 0.01123046875 0.025625000000000002
73 0.60595703125 0.4709375 0.0087890625 0.025625000000000002
78 0.62841796875 0.4715625 0.0078125 0.026875
14 0.5830078125 0.18875 0.015625 0.0675
17 0.488037109375 0.1403125 0.01220703125 0.015625
17 0.482666015625 0.1546875 0.01220703125 0.016875
17 0.505615234375 0.139375 0.01220703125 0.01375
