17 0.360107421875 0.1340625 0.01220703125 0.010625
15 0.438232421875 0.216875 0.03857421875 0.0175
15 0.5302734375 0.214375 0.025390625 0.03375
11 0.440185546875 0.18375 0.22607421875 0.135
149 0.443115234375 0.3490625 0.01708984375 0.020625
43 0.414794921875 0.406875 0.00927734375 0.02125
83 0.424072265625 0.4084375 0.00830078125 0.020625
77 0.447021484375 0.40718750000000004 0.00732421875 0.018125
77 0.455810546875 0.4065625 0.00732421875 0.018125
73 0.4658203125 0.4078125 0.0078125 0.020625
76 0.47412109375 0.4065625 0.0078125 0.019375
101 0.43701171875 0.406875 0.0087890625 0.02
18 0.444580078125 0.406875 0.07275390625 0.02875
1 0.439208984375 0.2559375 0.31982421875 0.413125
