215 0.44677734375 0.385625 0.0537109375 0.01875
43 0.416015625 0.4884375 0.0087890625 0.020625
81 0.42626953125 0.48875 0.0087890625 0.02125
71 0.4404296875 0.4896875 0.00390625 0.020625
77 0.450927734375 0.48875 0.00732421875 0.02
77 0.481689453125 0.4890625 0.00830078125 0.019375
105 0.4609375 0.48875 0.0068359375 0.01875
78 0.47119140625 0.4884375 0.0068359375 0.019375
18 0.44970703125 0.4903125 0.078125 0.030625
17 0.31396484375 0.091875 0.013671875 0.01625
17 0.329833984375 0.091875 0.01220703125 0.01375
17 0.312255859375 0.11 0.01123046875 0.0125
11 0.446044921875 0.15125 0.31298828125 0.16875
3 0.445068359375 0.25875 0.41064453125 0.515
