52 0.58642578125 0.3440625 0.3603515625 0.49062500000000003
54 0.583984375 0.254375 0.2421875 0.15125
59 0.500732421875 0.22968750000000002 0.02294921875 0.015625
74 0.492431640625 0.293125 0.03759765625 0.0275
0 0.582763671875 0.516875 0.08056640625 0.03375
55 0.549560546875 0.5121875 0.01220703125 0.030625
10 0.562255859375 0.5153125000000001 0.01318359375 0.030625
26 0.5732421875 0.5175 0.0107421875 0.03875
39 0.58349609375 0.5190625 0.009765625 0.038125
37 0.595947265625 0.5178125 0.01318359375 0.035625000000000004
5 0.606201171875 0.516875 0.00732421875 0.03375
6 0.617919921875 0.5178125 0.01318359375 0.035625000000000004
94 0.582763671875 0.42875 0.02978515625 0.02125