17 0.44775390625 0.1353125 0.017578125 0.013125
17 0.46484375 0.1340625 0.013671875 0.011875
14 0.542236328125 0.1653125 0.01025390625 0.029375000000000002
15 0.49267578125 0.226875 0.046875 0.02125
15 0.65087890625 0.225 0.0322265625 0.0175
11 0.548828125 0.180625 0.25390625 0.14625
159 0.557861328125 0.4103125 0.02490234375 0.031875
43 0.524169921875 0.4653125 0.01025390625 0.023125
81 0.535888671875 0.465 0.01025390625 0.02375
82 0.55078125 0.46468750000000003 0.0107421875 0.024375
78 0.56201171875 0.464375 0.009765625 0.0225
72 0.5849609375 0.4628125 0.009765625 0.021875000000000002
73 0.595947265625 0.46125 0.01025390625 0.02375
104 0.5732421875 0.463125 0.0107421875 0.02375
18 0.5595703125 0.46375 0.08984375 0.03875
1 0.544189453125 0.265 0.36962890625 0.4925
