17 0.3466796875 0.1178125 0.0185546875 0.013125
17 0.364013671875 0.1184375 0.01708984375 0.015625
15 0.43505859375 0.2221875 0.0341796875 0.035625000000000004
11 0.4423828125 0.1821875 0.27734375 0.170625
113 0.438232421875 0.40468750000000003 0.03173828125 0.030625
43 0.402587890625 0.4715625 0.01025390625 0.024375
81 0.414306640625 0.471875 0.01123046875 0.025
87 0.477294921875 0.47250000000000003 0.01220703125 0.025
75 0.431396484375 0.4721875 0.01123046875 0.024375
72 0.4423828125 0.4728125 0.009765625 0.024375
73 0.465576171875 0.4721875 0.01025390625 0.024375
93 0.454345703125 0.47250000000000003 0.01220703125 0.0275
18 0.43994140625 0.4721875 0.091796875 0.036875
2 0.443603515625 0.27468750000000003 0.39306640625 0.5493750000000001
