53 0.19287109375 0.34125 0.3466796875 0.5387500000000001
54 0.189697265625 0.24 0.26708984375 0.1375
59 0.09326171875 0.1978125 0.0185546875 0.011875
59 0.091064453125 0.2125 0.01708984375 0.01375
0 0.1826171875 0.5090625 0.0849609375 0.030625
55 0.146728515625 0.5125 0.01416015625 0.035
10 0.1591796875 0.5103125000000001 0.0107421875 0.031875
7 0.1728515625 0.509375 0.01171875 0.03
11 0.18359375 0.5103125000000001 0.009765625 0.033125
3 0.19384765625 0.5109375 0.009765625 0.035625000000000004
35 0.20458984375 0.5103125000000001 0.009765625 0.031875
15 0.216064453125 0.5096875 0.01318359375 0.030625
65 0.229736328125 0.450625 0.01904296875 0.0175