1 0.673828125 0.23875000000000002 0.287109375 0.39375
125 0.684814453125 0.3465625 0.02294921875 0.031875
18 0.6845703125 0.39875 0.072265625 0.02875
11 0.672607421875 0.165625 0.20556640625 0.10125
43 0.6552734375 0.398125 0.009765625 0.0225
81 0.664306640625 0.3975 0.00830078125 0.02125
76 0.67724609375 0.3975 0.009765625 0.02375
101 0.686767578125 0.39687500000000003 0.00927734375 0.0225
96 0.695068359375 0.39875 0.00927734375 0.02375
76 0.705322265625 0.3975 0.00830078125 0.02375
76 0.714599609375 0.3971875 0.01123046875 0.023125
14 0.66796875 0.1740625 0.0087890625 0.046875
