7 0.0498046875 0.1059375 0.1005859375 0.215625
149 0.425537109375 0.4275 0.01611328125 0.025
43 0.392822265625 0.4740625 0.00830078125 0.020625
81 0.4033203125 0.4740625 0.0087890625 0.020625
72 0.417724609375 0.47375 0.00830078125 0.02
75 0.427734375 0.4740625 0.0078125 0.019375
104 0.4384765625 0.4740625 0.0078125 0.020625
78 0.44873046875 0.474375 0.0078125 0.01875
85 0.459228515625 0.4740625 0.00830078125 0.019375
18 0.426025390625 0.4740625 0.07861328125 0.028125
15 0.428466796875 0.24875 0.03369140625 0.0125
14 0.42529296875 0.2121875 0.0078125 0.045625
13 0.486083984375 0.1746875 0.02001953125 0.013125
17 0.337890625 0.164375 0.013671875 0.01125
17 0.33740234375 0.178125 0.01171875 0.00875
11 0.42724609375 0.21531250000000002 0.259765625 0.146875
2 0.42529296875 0.286875 0.3544921875 0.51875
