2 0.4150390625 0.265 0.400390625 0.5275
11 0.417236328125 0.1634375 0.26416015625 0.149375
17 0.319091796875 0.1140625 0.01611328125 0.016875
17 0.318603515625 0.1303125 0.01513671875 0.015625
15 0.3037109375 0.2109375 0.0380859375 0.028125
16 0.404052734375 0.2046875 0.01318359375 0.029375000000000002
16 0.422607421875 0.2053125 0.01318359375 0.025625000000000002
14 0.412353515625 0.15 0.01220703125 0.06625
120 0.408447265625 0.4065625 0.03759765625 0.028125
18 0.41015625 0.47375 0.0869140625 0.03375
43 0.372802734375 0.474375 0.01220703125 0.02375
81 0.384765625 0.47375 0.009765625 0.03125
75 0.400146484375 0.47375 0.01220703125 0.025
86 0.411865234375 0.47375 0.01123046875 0.025
75 0.424560546875 0.4728125 0.01220703125 0.026875
86 0.435546875 0.47375 0.009765625 0.025
80 0.447265625 0.4728125 0.009765625 0.026875
