53 0.509521484375 0.23500000000000001 0.31787109375 0.47125
54 0.51318359375 0.1434375 0.22265625 0.134375
59 0.425048828125 0.0984375 0.01806640625 0.010625
59 0.42626953125 0.1165625 0.0205078125 0.011875
66 0.431640625 0.181875 0.029296875 0.0325
71 0.51025390625 0.1453125 0.0205078125 0.058125
0 0.522216796875 0.388125 0.07470703125 0.02875
55 0.490478515625 0.3878125 0.01025390625 0.026875
10 0.500732421875 0.388125 0.01025390625 0.02625
14 0.51318359375 0.3871875 0.009765625 0.025625000000000002
21 0.5234375 0.3871875 0.009765625 0.026875
7 0.5322265625 0.38656250000000003 0.0078125 0.024375
34 0.540771484375 0.3871875 0.00927734375 0.023125
26 0.550537109375 0.384375 0.01123046875 0.02
58 0.518798828125 0.33718750000000003 0.03564453125 0.035625000000000004