2 0.40625 0.29875 0.3515625 0.535
11 0.400634765625 0.225625 0.23876953125 0.125
14 0.40087890625 0.2228125 0.017578125 0.063125
17 0.31298828125 0.185 0.015625 0.0125
17 0.310791015625 0.2034375 0.01318359375 0.015625
12 0.46728515625 0.184375 0.0625 0.025
127 0.399169921875 0.4421875 0.02978515625 0.029375000000000002
18 0.400146484375 0.506875 0.08251953125 0.0325
16 0.319091796875 0.2728125 0.01025390625 0.019375
16 0.332763671875 0.27375 0.01123046875 0.02125
16 0.3564453125 0.26875 0.025390625 0.03125
16 0.37890625 0.26375 0.01953125 0.0325
43 0.367431640625 0.5053125 0.01220703125 0.029375000000000002
81 0.377197265625 0.5065625 0.01025390625 0.026875
78 0.391357421875 0.5059375 0.01416015625 0.025625000000000002
77 0.403076171875 0.5065625 0.01123046875 0.026875
82 0.4130859375 0.5059375 0.0087890625 0.028125
77 0.423828125 0.5059375 0.0087890625 0.028125
82 0.434326171875 0.5053125 0.01220703125 0.026875
