17 0.31298828125 0.210625 0.013671875 0.01875
124 0.375 0.4615625 0.0244140625 0.025625000000000002
43 0.343505859375 0.5103125000000001 0.01123046875 0.026875
81 0.35400390625 0.5109375 0.009765625 0.025625000000000002
76 0.367919921875 0.5109375 0.01025390625 0.023125
76 0.378662109375 0.5115625 0.01025390625 0.024375
98 0.387939453125 0.5115625 0.00927734375 0.023125
79 0.399658203125 0.5109375 0.00830078125 0.025625000000000002
77 0.40966796875 0.5090625 0.01171875 0.024375
18 0.37744140625 0.5078125 0.080078125 0.034375
1 0.396240234375 0.333125 0.32763671875 0.43625
