3 0.412109375 0.036875 0.1796875 0.07375
113 0.45263671875 0.3075 0.021484375 0.0225
43 0.42578125 0.353125 0.0078125 0.01875
81 0.43505859375 0.35281250000000003 0.0078125 0.018125
93 0.447021484375 0.35281250000000003 0.00732421875 0.018125
98 0.45556640625 0.35281250000000003 0.0078125 0.018125
80 0.464599609375 0.3525 0.00732421875 0.01625
72 0.473388671875 0.35281250000000003 0.00830078125 0.018125
71 0.482177734375 0.3521875 0.00439453125 0.016875
18 0.453857421875 0.35281250000000003 0.06787109375 0.026875
16 0.373046875 0.1678125 0.0263671875 0.020625
16 0.443115234375 0.1640625 0.01220703125 0.021875000000000002
17 0.37109375 0.09625 0.01171875 0.0075
11 0.44775390625 0.13875 0.203125 0.11625
2 0.447021484375 0.2025 0.29150390625 0.36875
17 0.366943359375 0.750625 0.01904296875 0.01375
17 0.364013671875 0.7703125000000001 0.01708984375 0.016875
17 0.36083984375 0.7878125 0.017578125 0.016875
11 0.49560546875 0.828125 0.353515625 0.21875
1 0.49072265625 0.760625 0.4853515625 0.40125
125 0.9716796875 0.194375 0.025390625 0.03
43 0.947998046875 0.2378125 0.00634765625 0.015625
81 0.955810546875 0.2378125 0.00634765625 0.016875
104 0.96728515625 0.2378125 0.0068359375 0.016875
80 0.9755859375 0.2384375 0.0068359375 0.015625
85 0.984130859375 0.2378125 0.00732421875 0.015625
77 0.992431640625 0.236875 0.00732421875 0.01625
79 0.99853515625 0.238125 0.001953125 0.015
18 0.971435546875 0.23750000000000002 0.05615234375 0.0225
17 0.894775390625 0.0159375 0.01025390625 0.009375
17 0.917236328125 0.0159375 0.01220703125 0.008125
17 0.880615234375 0.025 0.01123046875 0.0075
17 0.877197265625 0.0346875 0.01220703125 0.008125
17 0.889892578125 0.035937500000000004 0.01123046875 0.009375
17 0.8759765625 0.045 0.0107421875 0.01125
17 0.88671875 0.0459375 0.0107421875 0.006875
11 0.927490234375 0.051562500000000004 0.14404296875 0.094375
1 0.9091796875 0.141875 0.1767578125 0.28375
