17 0.4248046875 0.1703125 0.009765625 0.009375
17 0.420654296875 0.18156250000000002 0.01123046875 0.013125
17 0.431884765625 0.1875 0.01416015625 0.01625
17 0.452880859375 0.17125 0.01416015625 0.01625
17 0.418212890625 0.2003125 0.01318359375 0.011875
17 0.43212890625 0.2034375 0.0146484375 0.016875
14 0.519775390625 0.2096875 0.01025390625 0.078125
12 0.58544921875 0.178125 0.076171875 0.03
11 0.521728515625 0.225 0.26416015625 0.14875
134 0.5234375 0.4009375 0.0302734375 0.033125
43 0.493408203125 0.4715625 0.00927734375 0.020625
81 0.50390625 0.471875 0.0107421875 0.02125
85 0.51806640625 0.4721875 0.0087890625 0.021875000000000002
76 0.529052734375 0.4709375 0.01025390625 0.021875000000000002
76 0.549560546875 0.47250000000000003 0.00830078125 0.02125
78 0.559814453125 0.473125 0.00927734375 0.02375
97 0.538818359375 0.4728125 0.00927734375 0.023125
18 0.52685546875 0.473125 0.08203125 0.03375
3 0.52490234375 0.27468750000000003 0.34375 0.5493750000000001
