52 0.48193359375 0.3053125 0.349609375 0.515625
54 0.48828125 0.2253125 0.2568359375 0.128125
59 0.420166015625 0.1821875 0.01318359375 0.016875
59 0.43603515625 0.18375 0.01171875 0.02
59 0.448974609375 0.183125 0.01416015625 0.02125
59 0.462890625 0.18156250000000002 0.0107421875 0.015625
0 0.4892578125 0.4759375 0.0791015625 0.030625
55 0.45458984375 0.474375 0.009765625 0.03125
10 0.466064453125 0.4759375 0.01123046875 0.030625
39 0.48046875 0.47250000000000003 0.0087890625 0.0325
15 0.490234375 0.4759375 0.0087890625 0.030625
3 0.5 0.473125 0.0087890625 0.025
11 0.5107421875 0.4753125 0.0078125 0.029375000000000002
8 0.521728515625 0.4765625 0.01318359375 0.030625
63 0.487548828125 0.4190625 0.04052734375 0.049375