17 0.376220703125 0.091875 0.01708984375 0.01
17 0.369873046875 0.1040625 0.01513671875 0.010625
17 0.36865234375 0.1159375 0.013671875 0.013125
17 0.365478515625 0.1325 0.01708984375 0.015
16 0.475830078125 0.19187500000000002 0.01904296875 0.02375
11 0.4736328125 0.14906250000000001 0.2578125 0.144375
127 0.468505859375 0.3971875 0.03076171875 0.033125
43 0.431396484375 0.4609375 0.01220703125 0.024375
81 0.443359375 0.46125 0.01171875 0.0275
90 0.458740234375 0.460625 0.01220703125 0.02625
79 0.470703125 0.4603125 0.01171875 0.025625000000000002
72 0.483154296875 0.4609375 0.01025390625 0.028125
73 0.505859375 0.46125 0.0126953125 0.0275
92 0.493408203125 0.460625 0.01220703125 0.03
18 0.46826171875 0.46187500000000004 0.0927734375 0.035
2 0.475830078125 0.2621875 0.39501953125 0.525625
