17 0.350830078125 0.0996875 0.01708984375 0.013125
12 0.504150390625 0.105625 0.06787109375 0.0225
14 0.4453125 0.14875 0.009765625 0.06
16 0.541748046875 0.19375 0.04833984375 0.02875
11 0.442138671875 0.1609375 0.27490234375 0.165625
113 0.441162109375 0.381875 0.02587890625 0.0275
43 0.40576171875 0.4275 0.01171875 0.02625
81 0.41650390625 0.4296875 0.009765625 0.025625000000000002
102 0.433837890625 0.42875 0.01025390625 0.02625
79 0.4443359375 0.4271875 0.01171875 0.023125
73 0.4560546875 0.4284375 0.009765625 0.024375
73 0.479248046875 0.4290625 0.01123046875 0.025625000000000002
100 0.46728515625 0.42812500000000003 0.009765625 0.025
18 0.441650390625 0.4265625 0.09033203125 0.036875
2 0.44140625 0.2640625 0.3896484375 0.528125
