17 0.343017578125 0.2234375 0.01318359375 0.011875
17 0.341552734375 0.2371875 0.01123046875 0.010625
15 0.391845703125 0.3 0.03271484375 0.03
11 0.42626953125 0.2740625 0.220703125 0.123125
43 0.393310546875 0.52625 0.01025390625 0.0225
81 0.403076171875 0.5275 0.01025390625 0.0225
75 0.417724609375 0.5275 0.01025390625 0.02375
79 0.459228515625 0.5265625 0.01123046875 0.021875000000000002
83 0.42822265625 0.5265625 0.0107421875 0.023125
94 0.438720703125 0.52625 0.01123046875 0.02375
71 0.44921875 0.5265625 0.0087890625 0.025625000000000002
18 0.4267578125 0.5265625 0.0771484375 0.025625000000000002
2 0.42529296875 0.33437500000000003 0.3125 0.4675
