69 0.389404296875 0.28750000000000003 0.36181640625 0.56625
54 0.380126953125 0.2475 0.27392578125 0.16875
59 0.27783203125 0.1865625 0.015625 0.015625
59 0.297607421875 0.1903125 0.01904296875 0.016875
0 0.3798828125 0.5065625 0.0771484375 0.035625000000000004
55 0.345947265625 0.5053125 0.00927734375 0.035625000000000004
10 0.356201171875 0.5059375 0.00830078125 0.036875
11 0.369873046875 0.5046875 0.01220703125 0.036875
20 0.382080078125 0.5053125 0.00927734375 0.038125
30 0.39306640625 0.50375 0.009765625 0.03875
13 0.402587890625 0.5046875 0.00927734375 0.036875
20 0.413330078125 0.5059375 0.01220703125 0.034375
70 0.37841796875 0.444375 0.0263671875 0.03375