2 0.451171875 0.21125 0.3125 0.42
11 0.454833984375 0.138125 0.21728515625 0.1075
18 0.45751953125 0.3659375 0.0693359375 0.028125
111 0.457763671875 0.31875000000000003 0.02392578125 0.03125
15 0.447509765625 0.15812500000000002 0.03662109375 0.035
14 0.450439453125 0.1275 0.01123046875 0.04125
17 0.36865234375 0.110625 0.013671875 0.01
17 0.37060546875 0.0978125 0.009765625 0.010625
37 0.428466796875 0.3659375 0.00927734375 0.023125
83 0.437255859375 0.3659375 0.01025390625 0.023125
74 0.450439453125 0.3659375 0.00927734375 0.020625
72 0.4599609375 0.3659375 0.0078125 0.023125
76 0.468505859375 0.3659375 0.00927734375 0.020625
76 0.477783203125 0.3659375 0.00927734375 0.020625
105 0.486572265625 0.3646875 0.00830078125 0.020625
