7 0.19921875 0.17250000000000001 0.13671875 0.34
17 0.627685546875 0.1390625 0.01513671875 0.015625
17 0.645751953125 0.139375 0.01611328125 0.01625
11 0.708740234375 0.1928125 0.25537109375 0.138125
149 0.7197265625 0.4440625 0.021484375 0.025625000000000002
43 0.68310546875 0.48875 0.013671875 0.02875
81 0.694580078125 0.4909375 0.01123046875 0.030625
71 0.710693359375 0.48781250000000004 0.01025390625 0.030625
71 0.719970703125 0.4871875 0.01025390625 0.029375000000000002
71 0.744873046875 0.4865625 0.01025390625 0.030625
85 0.733154296875 0.4871875 0.01611328125 0.031875
74 0.75634765625 0.4871875 0.0126953125 0.031875
18 0.720703125 0.489375 0.0908203125 0.03625
1 0.703857421875 0.2884375 0.38525390625 0.520625
