52 0.5071743929359823 0.3067741935483871 0.3708609271523179 0.4561290322580645
54 0.5019315673289183 0.24387096774193548 0.2577262693156733 0.13548387096774195
59 0.407560706401766 0.2170967741935484 0.02041942604856512 0.012258064516129033
59 0.40590507726269315 0.23161290322580644 0.016004415011037526 0.014193548387096775
0 0.5121412803532008 0.4687096774193548 0.08498896247240618 0.027741935483870966
55 0.4768211920529801 0.46838709677419355 0.013245033112582781 0.02838709677419355
10 0.48841059602649006 0.46838709677419355 0.013245033112582781 0.02838709677419355
39 0.5041390728476821 0.46774193548387094 0.010485651214128035 0.027096774193548386
17 0.5149006622516556 0.4696774193548387 0.008830022075055188 0.02838709677419355
9 0.5256622516556292 0.46806451612903227 0.009381898454746136 0.026451612903225806
7 0.5375275938189845 0.46838709677419355 0.009933774834437087 0.02967741935483871
6 0.5469094922737306 0.4670967741935484 0.009933774834437087 0.025806451612903226
63 0.5107615894039735 0.41870967741935483 0.04249448123620309 0.03354838709677419