14 0.695068359375 0.1284375 0.01513671875 0.068125
11 0.698974609375 0.121875 0.23095703125 0.09625
111 0.71826171875 0.3065625 0.0234375 0.030625
43 0.688720703125 0.3625 0.00927734375 0.02375
81 0.697998046875 0.3621875 0.01025390625 0.021875000000000002
71 0.710693359375 0.36312500000000003 0.00830078125 0.02625
94 0.7197265625 0.36312500000000003 0.0087890625 0.02625
80 0.728759765625 0.36125 0.01025390625 0.0225
90 0.738525390625 0.3615625 0.00830078125 0.025625000000000002
76 0.74755859375 0.36125 0.009765625 0.02625
18 0.71826171875 0.36125 0.072265625 0.03125
2 0.697998046875 0.214375 0.34130859375 0.43
