11 0.511962890625 0.3934375 0.01806640625 0.024375
43 0.482421875 0.4715625 0.0078125 0.020625
81 0.492431640625 0.4728125 0.00732421875 0.019375
99 0.506103515625 0.47250000000000003 0.00732421875 0.01875
78 0.5166015625 0.47250000000000003 0.0068359375 0.01875
75 0.527099609375 0.47250000000000003 0.00732421875 0.01875
72 0.53662109375 0.47250000000000003 0.0078125 0.01875
73 0.546630859375 0.47250000000000003 0.00830078125 0.02
18 0.5146484375 0.47250000000000003 0.0771484375 0.03
14 0.50244140625 0.2371875 0.0068359375 0.053125
17 0.4189453125 0.1853125 0.0087890625 0.008125
17 0.43212890625 0.1840625 0.01171875 0.010625
17 0.4462890625 0.185 0.0107421875 0.00875
17 0.46240234375 0.1840625 0.0126953125 0.011875
11 0.505859375 0.236875 0.2333984375 0.135
1 0.505615234375 0.309375 0.31689453125 0.41500000000000004
