17 0.685546875 0.1378125 0.0185546875 0.016875
17 0.706298828125 0.1378125 0.01416015625 0.014375
14 0.784912109375 0.1990625 0.00927734375 0.065625
112 0.814208984375 0.4371875 0.03662109375 0.034375
43 0.777099609375 0.529375 0.01220703125 0.02875
81 0.788818359375 0.53125 0.01123046875 0.03
78 0.806396484375 0.529375 0.01318359375 0.02625
76 0.818115234375 0.529375 0.01220703125 0.03125
77 0.841796875 0.5278125 0.009765625 0.030625
76 0.818115234375 0.528125 0.01220703125 0.02875
87 0.854248046875 0.52875 0.01416015625 0.0325
18 0.815185546875 0.5278125 0.09423828125 0.036875
2 0.7939453125 0.2996875 0.4150390625 0.601875
