2 0.025390625 0.7887500000000001 0.05078125 0.3375
17 0.3447265625 0.21406250000000002 0.01171875 0.009375
17 0.3408203125 0.2228125 0.013671875 0.014375
12 0.481201171875 0.2221875 0.06005859375 0.023125
15 0.381591796875 0.30062500000000003 0.02783203125 0.02625
11 0.419677734375 0.265 0.24951171875 0.135
164 0.400146484375 0.4709375 0.02783203125 0.024375
43 0.36767578125 0.51375 0.0107421875 0.02125
81 0.37744140625 0.5146875 0.0078125 0.020625
81 0.422607421875 0.5153125000000001 0.00927734375 0.023125
79 0.40283203125 0.5140625 0.0087890625 0.020625
79 0.412353515625 0.514375 0.00830078125 0.02125
79 0.431884765625 0.5140625 0.00927734375 0.023125
100 0.39111328125 0.5134375 0.0078125 0.023125
18 0.399658203125 0.5140625 0.08056640625 0.035625000000000004
1 0.423095703125 0.344375 0.32763671875 0.47000000000000003
