2 0.330078125 0.22625 0.296875 0.425
175 0.327880859375 0.276875 0.11083984375 0.015
18 0.328369140625 0.3540625 0.06884765625 0.028125
11 0.32763671875 0.1321875 0.21875 0.099375
43 0.300048828125 0.3546875 0.00830078125 0.023125
81 0.308837890625 0.3546875 0.00732421875 0.023125
79 0.321533203125 0.35375 0.00830078125 0.02125
85 0.330078125 0.354375 0.0087890625 0.02625
98 0.34814453125 0.35375 0.0087890625 0.025
72 0.339111328125 0.35375 0.00732421875 0.025
76 0.357177734375 0.3521875 0.00732421875 0.028125
