52 0.69873046875 0.3259375 0.353515625 0.474375
54 0.697509765625 0.253125 0.26123046875 0.15875
59 0.613037109375 0.199375 0.00927734375 0.01125
59 0.626220703125 0.198125 0.01025390625 0.0125
59 0.62255859375 0.211875 0.0087890625 0.01
59 0.6103515625 0.22062500000000002 0.0126953125 0.0125
59 0.625244140625 0.2234375 0.01904296875 0.013125
59 0.6240234375 0.23750000000000002 0.0166015625 0.01375
59 0.621337890625 0.2603125 0.02001953125 0.018125
73 0.75 0.20375000000000001 0.0625 0.0275
0 0.7041015625 0.5046875 0.083984375 0.036875
55 0.66796875 0.505 0.013671875 0.04
10 0.678955078125 0.5040625 0.01123046875 0.036875
3 0.693603515625 0.505625 0.01123046875 0.03875
39 0.705078125 0.50375 0.0107421875 0.04125
15 0.714599609375 0.5053125 0.00830078125 0.036875
8 0.72509765625 0.505625 0.01171875 0.03875
6 0.73779296875 0.5059375 0.0107421875 0.039375
63 0.70556640625 0.4440625 0.03515625 0.055625