17 0.136474609375 0.1471875 0.01318359375 0.010625
17 0.134033203125 0.15875 0.01318359375 0.01375
11 0.215576171875 0.204375 0.24365234375 0.16125
142 0.205078125 0.39875 0.017578125 0.0225
43 0.17529296875 0.4415625 0.0087890625 0.021875000000000002
81 0.185302734375 0.4421875 0.00927734375 0.024375
81 0.217529296875 0.4415625 0.00830078125 0.020625
74 0.207275390625 0.441875 0.00830078125 0.02125
74 0.226806640625 0.44125000000000003 0.00830078125 0.02125
72 0.23583984375 0.4403125 0.0068359375 0.020625
78 0.198486328125 0.4403125 0.00830078125 0.021875000000000002
18 0.20556640625 0.4403125 0.07421875 0.033125
3 0.22412109375 0.259375 0.3212890625 0.51875
