17 0.42919921875 0.1290625 0.01171875 0.008125
17 0.440673828125 0.1303125 0.01318359375 0.010625
17 0.45703125 0.129375 0.01171875 0.01
14 0.504150390625 0.164375 0.00830078125 0.051250000000000004
11 0.505615234375 0.171875 0.21337890625 0.11375
43 0.487548828125 0.400625 0.00732421875 0.01875
81 0.496826171875 0.401875 0.00732421875 0.01875
81 0.52685546875 0.40125 0.0078125 0.01875
85 0.536376953125 0.40218750000000003 0.00830078125 0.018125
78 0.50927734375 0.401875 0.0068359375 0.01875
77 0.517822265625 0.401875 0.00732421875 0.02
73 0.544921875 0.401875 0.0068359375 0.01875
18 0.516845703125 0.401875 0.06982421875 0.03
1 0.502197265625 0.215625 0.29931640625 0.43125
1 0.039794921875 0.476875 0.07958984375 0.48625
