2 0.333984375 0.29625 0.32421875 0.555
118 0.322509765625 0.403125 0.02783203125 0.0275
11 0.333251953125 0.2059375 0.22900390625 0.123125
17 0.249267578125 0.16468750000000001 0.01318359375 0.014375
17 0.243896484375 0.17875 0.01318359375 0.01375
17 0.257568359375 0.178125 0.01220703125 0.015
17 0.26416015625 0.1653125 0.01171875 0.015625
18 0.3212890625 0.5109375 0.078125 0.035625000000000004
43 0.288818359375 0.5075000000000001 0.01123046875 0.025
81 0.29931640625 0.50875 0.009765625 0.03125
72 0.3134765625 0.509375 0.009765625 0.02375
74 0.323486328125 0.50875 0.01025390625 0.025
76 0.33447265625 0.508125 0.009765625 0.02375
91 0.34423828125 0.508125 0.009765625 0.02625
71 0.3544921875 0.508125 0.0087890625 0.02375
