52 0.21232534930139718 0.3371647509578544 0.3577844311377245 0.4814814814814815
54 0.20683632734530935 0.274904214559387 0.26297405189620754 0.148786717752235
59 0.12649700598802394 0.21998722860791828 0.018463073852295408 0.012132822477650065
59 0.12499999999999999 0.235632183908046 0.020459081836327345 0.014048531289910602
0 0.19161676646706585 0.5431034482758621 0.08582834331337325 0.037675606641123884
55 0.155688622754491 0.5431034482758621 0.012974051896207584 0.0351213282247765
10 0.1689121756487026 0.5446998722860792 0.011477045908183632 0.04086845466155811
20 0.18163672654690619 0.5421455938697318 0.011976047904191616 0.04086845466155811
5 0.19311377245508982 0.5434227330779056 0.010978043912175647 0.03959131545338442
34 0.20359281437125748 0.5434227330779056 0.011976047904191616 0.03831417624521073
33 0.2145708582834331 0.5440613026819924 0.00998003992015968 0.03703703703703704
5 0.22654690618762474 0.5408684546615582 0.010978043912175647 0.034482758620689655
90 0.18812375249500995 0.48914431673052367 0.03792415169660678 0.03959131545338442