1 0.52734375 0.28 0.375 0.5475
117 0.530029296875 0.37875000000000003 0.01611328125 0.03125
11 0.525634765625 0.17375000000000002 0.27587890625 0.1375
18 0.53076171875 0.515 0.0888671875 0.0375
43 0.493896484375 0.5146875 0.01318359375 0.028125
81 0.505126953125 0.5146875 0.01318359375 0.028125
80 0.521728515625 0.5146875 0.01220703125 0.025625000000000002
80 0.533447265625 0.5153125000000001 0.01123046875 0.026875
79 0.54541015625 0.5146875 0.0126953125 0.026875
104 0.55712890625 0.5146875 0.0126953125 0.026875
79 0.569091796875 0.51375 0.01123046875 0.025
