11 0.4765625 0.38671875 0.19921875 0.08854166666666666
181 0.48291015625 0.5511067708333333 0.021484375 0.013671875
47 0.455078125 0.5911458333333333 0.0078125 0.020833333333333332
84 0.4638671875 0.5911458333333333 0.0087890625 0.0234375
83 0.476318359375 0.5908203125 0.00927734375 0.022786458333333332
97 0.485595703125 0.5908203125 0.00927734375 0.022786458333333332
76 0.494384765625 0.5901692708333333 0.00830078125 0.021484375
79 0.502685546875 0.5904947916666666 0.00927734375 0.022135416666666664
71 0.51123046875 0.5904947916666666 0.0087890625 0.022135416666666664
18 0.485107421875 0.5911458333333333 0.06884765625 0.03255208333333333
1 0.47607421875 0.45377604166666663 0.29296875 0.37890625
