17 0.467529296875 0.4065755208333333 0.01318359375 0.012369791666666666
17 0.48193359375 0.40494791666666663 0.0126953125 0.015625
17 0.463623046875 0.42154947916666663 0.00830078125 0.012369791666666666
17 0.479248046875 0.42252604166666663 0.01220703125 0.015625
17 0.462158203125 0.4365234375 0.01318359375 0.016276041666666664
11 0.580078125 0.4710286458333333 0.2724609375 0.166015625
165 0.57568359375 0.7044270833333333 0.02734375 0.03255208333333333
47 0.54296875 0.7578125 0.0078125 0.0234375
84 0.552490234375 0.7594401041666666 0.00927734375 0.022786458333333332
83 0.56591796875 0.759765625 0.0107421875 0.0234375
92 0.575927734375 0.7594401041666666 0.00927734375 0.024088541666666664
80 0.58544921875 0.7584635416666666 0.009765625 0.022135416666666664
72 0.59521484375 0.7594401041666666 0.0107421875 0.024088541666666664
78 0.60546875 0.7591145833333333 0.009765625 0.022135416666666664
18 0.574462890625 0.7584635416666666 0.07568359375 0.029947916666666664
5 0.577880859375 0.4378255208333333 0.40478515625 0.693359375
