17 0.421875 0.4007161458333333 0.009765625 0.011067708333333332
17 0.436767578125 0.4013671875 0.01513671875 0.012369791666666666
16 0.448486328125 0.478515625 0.02490234375 0.014322916666666666
11 0.510498046875 0.4358723958333333 0.23681640625 0.09049479166666666
115 0.510009765625 0.6451822916666666 0.04736328125 0.0234375
47 0.477294921875 0.68359375 0.00830078125 0.029947916666666664
84 0.486083984375 0.6865234375 0.01025390625 0.024088541666666664
77 0.5 0.685546875 0.01171875 0.026041666666666664
71 0.508544921875 0.6868489583333333 0.00830078125 0.02734375
76 0.519287109375 0.6858723958333333 0.01025390625 0.022786458333333332
76 0.52880859375 0.6858723958333333 0.009765625 0.025390625
79 0.5400390625 0.6848958333333333 0.0107421875 0.024739583333333332
18 0.50830078125 0.68359375 0.076171875 0.033854166666666664
1 0.5107421875 0.5247395833333333 0.333984375 0.4114583333333333
