11 0.23079427083333331 0.712360594795539 0.19986979166666666 0.0604089219330855
128 0.2314453125 0.7520910780669144 0.024088541666666664 0.010687732342007435
47 0.20279947916666666 0.7799721189591078 0.005859375 0.010687732342007435
84 0.2119140625 0.779042750929368 0.008463541666666666 0.010687732342007435
81 0.22493489583333331 0.779042750929368 0.007161458333333333 0.010687732342007435
106 0.234375 0.7788104089219331 0.009114583333333332 0.011152416356877323
77 0.2431640625 0.7788104089219331 0.007161458333333333 0.011152416356877323
78 0.25260416666666663 0.7785780669144982 0.006510416666666666 0.010687732342007435
72 0.26171875 0.7785780669144982 0.0078125 0.010687732342007435
18 0.232421875 0.7785780669144982 0.07161458333333333 0.016263940520446097
3 0.26041666666666663 0.7216542750929368 0.2942708333333333 0.241635687732342
18 0.3115234375 0.33596654275092935 0.022786458333333332 0.007434944237918215
11 0.3050130208333333 0.3157527881040892 0.072265625 0.019981412639405203
2 0.2679036458333333 0.33178438661710036 0.16861979166666666 0.0724907063197026
