17 0.486328125 0.5107421875 0.0146484375 0.008463541666666666
17 0.501220703125 0.5123697916666666 0.01416015625 0.010416666666666666
15 0.572509765625 0.5764973958333333 0.02587890625 0.024088541666666664
11 0.5703125 0.55078125 0.2197265625 0.12109375
133 0.591064453125 0.7529296875 0.02392578125 0.016276041666666664
47 0.558349609375 0.8102213541666666 0.00927734375 0.025390625
83 0.568115234375 0.8092447916666666 0.01025390625 0.0234375
80 0.582275390625 0.8102213541666666 0.01123046875 0.025390625
79 0.592041015625 0.8092447916666666 0.00927734375 0.0234375
81 0.6015625 0.8092447916666666 0.009765625 0.024739583333333332
73 0.612548828125 0.8089192708333333 0.01025390625 0.024088541666666664
71 0.622314453125 0.8108723958333333 0.00732421875 0.026692708333333332
18 0.59033203125 0.8092447916666666 0.0771484375 0.03125
1 0.566162109375 0.6357421875 0.33447265625 0.462890625
