47 0.63134765625 0.6171875 0.0068359375 0.01953125
97 0.639404296875 0.6178385416666666 0.00732421875 0.01953125
99 0.6513671875 0.6162109375 0.0068359375 0.017578125
105 0.659912109375 0.6165364583333333 0.00634765625 0.018229166666666664
78 0.66845703125 0.6168619791666666 0.0068359375 0.017578125
78 0.676513671875 0.6171875 0.00634765625 0.018229166666666664
73 0.685302734375 0.6171875 0.00634765625 0.018229166666666664
18 0.658203125 0.6168619791666666 0.0654296875 0.027994791666666664
151 0.65869140625 0.5830078125 0.0869140625 0.012369791666666666
11 0.65576171875 0.5279947916666666 0.1884765625 0.07161458333333333
2 0.626708984375 0.5813802083333333 0.29150390625 0.35026041666666663
