8 0.21983045212765956 0.5382011605415861 0.07164228723404255 0.47195357833655704
8 0.718500664893617 0.5425531914893617 0.06964760638297872 0.4864603481624758
97 0.02908909574468085 0.20067698259187622 0.0029920212765957447 0.019342359767891684
73 0.03399268617021276 0.19922630560928434 0.0024933510638297874 0.019342359767891684
77 0.037317154255319146 0.19729206963249515 0.002160904255319149 0.019342359767891684
101 0.04089095744680851 0.19874274661508703 0.0036569148936170214 0.020309477756286266
75 0.04504654255319149 0.19705029013539652 0.003324468085106383 0.019825918762088977
18 0.03291223404255319 0.19874274661508703 0.029587765957446808 0.029980657640232108
11 0.043966090425531915 0.0304642166344294 0.08793218085106383 0.061895551257253385
1 0.059175531914893616 0.13297872340425532 0.11835106382978723 0.2678916827852998
97 0.5296708776595744 0.20043520309477755 0.003490691489361702 0.020793036750483558
73 0.5336602393617021 0.20043520309477755 0.003490691489361702 0.020793036750483558
77 0.5371509308510638 0.19777562862669246 0.0028257978723404253 0.019342359767891684
101 0.5409740691489362 0.1989845261121857 0.0038231382978723403 0.020793036750483558
75 0.5452127659574468 0.19874274661508703 0.003324468085106383 0.020309477756286266
18 0.5329953457446809 0.1985009671179884 0.029753989361702128 0.028529980657640234
11 0.5438829787234042 0.03288201160541586 0.08843085106382978 0.06576402321083172
1 0.5587599734042553 0.13031914893617022 0.11884973404255318 0.26063829787234044
