3 0.57666015625 0.45768229166666663 0.265625 0.5338541666666666
134 0.583251953125 0.59765625 0.02978515625 0.033854166666666664
11 0.575927734375 0.3974609375 0.20849609375 0.119140625
17 0.504638671875 0.35319010416666663 0.01416015625 0.014973958333333332
17 0.505126953125 0.36783854166666663 0.01318359375 0.01171875
17 0.487548828125 0.36783854166666663 0.01220703125 0.01171875
17 0.487060546875 0.3811848958333333 0.01123046875 0.012369791666666666
17 0.487060546875 0.3955078125 0.01318359375 0.016276041666666664
14 0.572998046875 0.39615885416666663 0.01416015625 0.055338541666666664
15 0.5791015625 0.4462890625 0.0322265625 0.018880208333333332
18 0.584716796875 0.6585286458333333 0.07177734375 0.026692708333333332
47 0.555419921875 0.6575520833333333 0.00927734375 0.0234375
84 0.564208984375 0.6575520833333333 0.00830078125 0.0234375
82 0.577392578125 0.6572265625 0.00927734375 0.024088541666666664
105 0.586669921875 0.6565755208333333 0.00830078125 0.022786458333333332
73 0.595458984375 0.6559244791666666 0.00927734375 0.024088541666666664
72 0.60546875 0.6572265625 0.0107421875 0.024088541666666664
79 0.615234375 0.6578776041666666 0.009765625 0.025390625
