5 0.23470052083333331 0.4980828220858896 0.46940104166666663 0.9838957055214724
11 0.8040364583333333 0.531441717791411 0.21744791666666666 0.10889570552147239
128 0.8079427083333333 0.5985429447852761 0.02734375 0.02070552147239264
47 0.7783203125 0.647239263803681 0.009765625 0.019938650306748466
84 0.7887369791666666 0.6476226993865031 0.009765625 0.02070552147239264
82 0.8024088541666666 0.6460889570552147 0.008463541666666666 0.02070552147239264
72 0.841796875 0.6434049079754601 0.009114583333333332 0.02147239263803681
78 0.8216145833333333 0.6445552147239264 0.0078125 0.019171779141104295
75 0.83203125 0.6430214723926381 0.010416666666666666 0.02070552147239264
102 0.8121744791666666 0.6453220858895705 0.009765625 0.02070552147239264
18 0.8098958333333333 0.6453220858895705 0.08072916666666666 0.03297546012269939
3 0.7819010416666666 0.5502300613496932 0.33463541666666663 0.4486196319018405
