7 0.23046875 0.13670886075949368 0.05989583333333333 0.10632911392405063
1 0.15462239583333331 0.5531645569620254 0.30924479166666663 0.27974683544303797
11 0.115234375 0.5069620253164557 0.18619791666666666 0.07341772151898734
117 0.09505208333333333 0.575632911392405 0.015625 0.01708860759493671
18 0.09375 0.6028481012658228 0.0625 0.025949367088607594
47 0.0693359375 0.600632911392405 0.011067708333333332 0.016455696202531647
84 0.07845052083333333 0.6012658227848101 0.009765625 0.01518987341772152
85 0.08951822916666666 0.6012658227848101 0.009765625 0.017721518987341773
90 0.0986328125 0.6025316455696202 0.008463541666666666 0.017721518987341773
71 0.10709635416666666 0.6025316455696202 0.005859375 0.020253164556962026
71 0.12239583333333333 0.6037974683544304 0.005208333333333333 0.017721518987341773
71 0.11555989583333333 0.6031645569620253 0.005859375 0.0189873417721519
2 0.6256510416666666 0.4262658227848101 0.20703125 0.2310126582278481
111 0.62890625 0.44208860759493673 0.014322916666666666 0.01708860759493671
11 0.6302083333333333 0.39651898734177216 0.1484375 0.056329113924050635
18 0.6266276041666666 0.4835443037974684 0.052734375 0.0189873417721519
47 0.6048177083333333 0.4825949367088608 0.006510416666666666 0.015822784810126583
84 0.6116536458333333 0.4819620253164557 0.007161458333333333 0.014556962025316455
86 0.6214192708333333 0.4829113924050633 0.007161458333333333 0.01518987341772152
91 0.6279296875 0.4819620253164557 0.007161458333333333 0.014556962025316455
80 0.6357421875 0.48322784810126584 0.005859375 0.015822784810126583
80 0.642578125 0.48417721518987344 0.0078125 0.013924050632911392
76 0.6497395833333333 0.48322784810126584 0.005208333333333333 0.01708860759493671
