1 0.6224755700325734 0.40808591282375234 0.1947882736156352 0.1996209728363866
113 0.6263843648208469 0.41977258370183196 0.01237785016286645 0.009475679090334806
18 0.6250814332247557 0.43651295009475677 0.051465798045602605 0.018951358180669613
47 0.6042345276872965 0.43493367024636764 0.007166123778501629 0.014529374605180037
84 0.6110749185667753 0.43556538218572327 0.007817589576547232 0.015792798483891344
76 0.6201954397394137 0.43493367024636764 0.007817589576547232 0.014529374605180037
79 0.6270358306188926 0.43493367024636764 0.005863192182410423 0.014529374605180037
79 0.6335504885993486 0.43556538218572327 0.005863192182410423 0.01326595072646873
77 0.6403908794788273 0.4358812381554011 0.007817589576547232 0.015161086544535692
77 0.6472312703583062 0.43651295009475677 0.005863192182410423 0.013897662665824383
11 0.6254071661237786 0.3711307643714466 0.13029315960912052 0.051168667087807956
2 0.142671009771987 0.5688566013897662 0.285342019543974 0.3063802905874921
133 0.06840390879478828 0.5903348073278585 0.02214983713355049 0.015792798483891344
11 0.08469055374592835 0.5404295641187619 0.16807817589576549 0.061276058117498415
18 0.06840390879478828 0.6118130132659507 0.06775244299674267 0.02716361339229311
47 0.04006514657980456 0.6102337334175616 0.011074918566775244 0.017687934301958304
84 0.049837133550488605 0.6096020214782059 0.008469055374592834 0.018951358180669613
78 0.06221498371335505 0.6108654453569172 0.007166123778501629 0.018951358180669613
71 0.0713355048859935 0.6114971572962729 0.005863192182410423 0.02021478205938092
71 0.07947882736156352 0.6114971572962729 0.007817589576547232 0.02021478205938092
71 0.08859934853420195 0.6121288692356285 0.006514657980456026 0.018951358180669613
73 0.0973941368078176 0.6114971572962729 0.00977198697068404 0.02021478205938092
