53 0.22667034787410273 0.07705479452054795 0.09110988404196578 0.04965753424657534
51 0.19906129210381007 0.3698630136986301 0.08448371065709553 0.148972602739726
52 0.6385974599668692 0.5173373287671232 0.2876863611264495 0.21018835616438356
54 0.6446714522363336 0.47217465753424653 0.20485919381557152 0.059931506849315065
59 0.5701270016565434 0.45847602739726023 0.014908890115958036 0.00684931506849315
74 0.6361126449475428 0.48565924657534243 0.014356709000552182 0.011558219178082191
0 0.6593042517945887 0.5886130136986301 0.06405300938707897 0.0136986301369863
55 0.6344561016013253 0.5890410958904109 0.007730535615681945 0.012842465753424657
3 0.6427388183324131 0.5896832191780822 0.007730535615681945 0.013270547945205479
30 0.6535063500828272 0.5883989726027397 0.008282716731087797 0.013270547945205479
28 0.6623412479293209 0.5886130136986301 0.007178354500276091 0.011986301369863013
14 0.669519602429597 0.5881849315068493 0.008282716731087797 0.0136986301369863
14 0.6778023191606848 0.5883989726027397 0.009387078961899505 0.014126712328767123
14 0.6863611264494754 0.5881849315068493 0.00883489784649365 0.0136986301369863
103 0.6598564329099945 0.5554366438356164 0.034235229155162895 0.014126712328767123