92 0.09619140625 0.389375 0.009765625 0.02125
98 0.1064453125 0.3884375 0.009765625 0.020625
77 0.115478515625 0.3878125 0.00830078125 0.021875000000000002
18 0.085205078125 0.38906250000000003 0.07275390625 0.029375000000000002
14 0.13916015625 0.1196875 0.0146484375 0.038125
17 0.0498046875 0.0740625 0.009765625 0.008125
17 0.063232421875 0.07187500000000001 0.01123046875 0.00875
17 0.045166015625 0.08687500000000001 0.01318359375 0.0125
11 0.125244140625 0.111875 0.24169921875 0.11750000000000001
1 0.164794921875 0.21125 0.32763671875 0.42125
