6 0.8251953125 0.5808550185873605 0.34440104166666663 0.4795539033457249
11 0.2698567708333333 0.7032992565055761 0.20768229166666666 0.06923791821561338
111 0.2646484375 0.770910780669145 0.017578125 0.013011152416356878
37 0.23567708333333331 0.7901951672862453 0.01171875 0.013475836431226766
83 0.24576822916666666 0.7894981412639405 0.009765625 0.0120817843866171
82 0.2698567708333333 0.7881040892193308 0.009765625 0.0120817843866171
102 0.259765625 0.7892657992565055 0.010416666666666666 0.011617100371747211
71 0.2802734375 0.7878717472118959 0.007161458333333333 0.012546468401486988
76 0.2903645833333333 0.787407063197026 0.009114583333333332 0.011617100371747211
78 0.29947916666666663 0.7867100371747211 0.009114583333333332 0.0120817843866171
18 0.2679036458333333 0.7894981412639405 0.07747395833333333 0.018587360594795536
1 0.2861328125 0.7237453531598512 0.310546875 0.2495353159851301
