7 0.19689162234042554 0.15401353965183753 0.051695478723404256 0.30802707930367507
7 0.6973071808510638 0.16102514506769827 0.06050531914893617 0.33945841392649906
80 0.13646941489361702 0.6426499032882012 0.003989361702127659 0.01644100580270793
77 0.1395445478723404 0.6414410058027079 0.0031582446808510636 0.015957446808510637
75 0.14486369680851063 0.6395067698259188 0.0028257978723404253 0.016924564796905222
78 0.1478557180851064 0.6395067698259188 0.0024933510638297874 0.016924564796905222
18 0.14212101063829788 0.6346711798839458 0.015957446808510637 0.024661508704061894
7 0.14469747340425532 0.59284332688588 0.0703125 0.47292069632495165
80 0.6368018617021276 0.6424081237911026 0.0029920212765957447 0.016924564796905222
77 0.6397107712765957 0.6419245647969052 0.0028257978723404253 0.017891682785299807
75 0.6447805851063829 0.6404738878143134 0.0036569148936170214 0.017891682785299807
78 0.6480219414893617 0.6385396518375241 0.003490691489361702 0.016924564796905222
18 0.6421210106382979 0.6368471953578336 0.016622340425531915 0.02611218568665377
7 0.6451961436170213 0.5945357833655706 0.06698803191489361 0.4753384912959381
