17 0.498046875 0.31119791666666663 0.013671875 0.0078125
17 0.51220703125 0.31119791666666663 0.0126953125 0.01171875
17 0.529296875 0.3115234375 0.0126953125 0.014973958333333332
16 0.5791015625 0.384765625 0.0068359375 0.01171875
11 0.57958984375 0.3557942708333333 0.205078125 0.099609375
127 0.58056640625 0.5260416666666666 0.0234375 0.028645833333333332
47 0.551025390625 0.5908203125 0.00830078125 0.022786458333333332
83 0.559814453125 0.5914713541666666 0.00927734375 0.022786458333333332
96 0.572021484375 0.5911458333333333 0.00927734375 0.022135416666666664
97 0.582275390625 0.5904947916666666 0.01123046875 0.020833333333333332
74 0.590576171875 0.5911458333333333 0.00830078125 0.0234375
79 0.599609375 0.5908203125 0.0078125 0.022786458333333332
79 0.60888671875 0.5901692708333333 0.0078125 0.021484375
18 0.578857421875 0.5882161458333333 0.06982421875 0.030598958333333332
2 0.57568359375 0.41861979166666663 0.3125 0.45703125
