17 0.588134765625 0.4466145833333333 0.01123046875 0.014322916666666666
17 0.576904296875 0.45865885416666663 0.01123046875 0.012369791666666666
17 0.588623046875 0.458984375 0.01123046875 0.009114583333333332
14 0.665283203125 0.48046875 0.00634765625 0.057291666666666664
15 0.60595703125 0.53125 0.0341796875 0.022135416666666664
11 0.67236328125 0.4798177083333333 0.21484375 0.12109375
128 0.678955078125 0.6783854166666666 0.02587890625 0.01953125
47 0.648193359375 0.7229817708333333 0.00927734375 0.022786458333333332
84 0.657470703125 0.724609375 0.01123046875 0.024739583333333332
103 0.6708984375 0.7239583333333333 0.009765625 0.0234375
73 0.6806640625 0.7233072916666666 0.009765625 0.022135416666666664
75 0.690673828125 0.7239583333333333 0.01123046875 0.024739583333333332
75 0.69970703125 0.7242838541666666 0.0107421875 0.022786458333333332
80 0.7099609375 0.7233072916666666 0.009765625 0.022135416666666664
18 0.678955078125 0.7239583333333333 0.07568359375 0.03515625
4 0.669677734375 0.5335286458333333 0.31005859375 0.5188802083333333
