8 0.534912109375 0.14906250000000001 0.10107421875 0.29812500000000003
43 0.056396484375 0.3909375 0.00830078125 0.019375
81 0.066162109375 0.3909375 0.00732421875 0.019375
74 0.078125 0.390625 0.0087890625 0.02
74 0.08837890625 0.390625 0.0078125 0.02
92 0.097900390625 0.38906250000000003 0.00830078125 0.019375
98 0.107666015625 0.389375 0.00830078125 0.02
77 0.1162109375 0.38875 0.0087890625 0.02
18 0.08642578125 0.39 0.0732421875 0.03125
17 0.0517578125 0.074375 0.009765625 0.00875
17 0.065185546875 0.0715625 0.01123046875 0.006875
17 0.046142578125 0.08687500000000001 0.01220703125 0.01125
14 0.138427734375 0.1171875 0.01708984375 0.044375
11 0.125 0.11156250000000001 0.2431640625 0.11812500000000001
1 0.165283203125 0.2084375 0.33056640625 0.416875
