88 0.19759114583333331 0.3435430463576159 0.21419270833333331 0.1915011037527594
52 0.21354166666666666 0.5662251655629139 0.30729166666666663 0.24061810154525387
54 0.21126302083333331 0.53780353200883 0.212890625 0.06015452538631347
0 0.22233072916666666 0.6285871964679912 0.072265625 0.018763796909492272
55 0.19173177083333331 0.6307947019867549 0.011067708333333332 0.019867549668874173
3 0.20279947916666666 0.6285871964679912 0.009765625 0.019867549668874173
36 0.21451822916666666 0.6285871964679912 0.009765625 0.018763796909492272
15 0.22265625 0.6263796909492274 0.005208333333333333 0.016556291390728478
14 0.23079427083333331 0.6280353200883002 0.008463541666666666 0.018763796909492272
6 0.23860677083333331 0.6280353200883002 0.007161458333333333 0.01434878587196468
26 0.24772135416666666 0.6280353200883002 0.011067708333333332 0.017660044150110375
53 0.7145182291666666 0.5648454746136865 0.38346354166666663 0.30629139072847683
54 0.7760416666666666 0.5604304635761589 0.19791666666666666 0.054635761589403975
0 0.7884114583333333 0.6727373068432672 0.06510416666666666 0.015452538631346577
55 0.7600911458333333 0.6730132450331126 0.009765625 0.018211920529801324
3 0.7711588541666666 0.6724613686534217 0.008463541666666666 0.017108167770419427
34 0.7809244791666666 0.6721854304635762 0.008463541666666666 0.017660044150110375
9 0.7897135416666666 0.6721854304635762 0.009114583333333332 0.016556291390728478
20 0.7981770833333333 0.6730132450331126 0.0078125 0.019315673289183224
15 0.8076171875 0.6705298013245033 0.004557291666666666 0.017660044150110375
20 0.814453125 0.6710816777041942 0.0078125 0.017660044150110375