51 0.14696276943174397 0.39626963350785344 0.08229915088177663 0.14070680628272253
51 0.21587197909862835 0.5379581151832461 0.1378184193337688 0.21073298429319373
88 0.49869366427171785 0.40183246073298434 0.25930764206401047 0.29450261780104714
0 0.5297191378184194 0.506217277486911 0.04702808621815807 0.015052356020942409
55 0.5117570215545395 0.5078534031413613 0.005878510777269759 0.017015706806282723
3 0.5176355323318093 0.5071989528795812 0.007184846505551927 0.013089005235602094
13 0.5238406270411496 0.506217277486911 0.006531678641410843 0.015052356020942409
6 0.5303723056825604 0.506217277486911 0.003919007184846506 0.0137434554973822
5 0.534944480731548 0.506217277486911 0.006531678641410843 0.015052356020942409
7 0.5398432397126062 0.506544502617801 0.0045721750489875895 0.011780104712041885
11 0.5460483344219464 0.505890052356021 0.007838014369693011 0.013089005235602094