159 0.4521484375 0.5061848958333333 0.0166015625 0.020182291666666664
47 0.427490234375 0.5458984375 0.00537109375 0.014973958333333332
84 0.43505859375 0.5462239583333333 0.0068359375 0.015625
91 0.445556640625 0.5462239583333333 0.00634765625 0.015625
105 0.453125 0.5465494791666666 0.005859375 0.016276041666666664
77 0.460693359375 0.5462239583333333 0.00537109375 0.015625
78 0.4677734375 0.5472005208333333 0.005859375 0.014973958333333332
78 0.4755859375 0.5462239583333333 0.005859375 0.015625
18 0.451171875 0.5458984375 0.0576171875 0.024088541666666664
17 0.3818359375 0.32389322916666663 0.009765625 0.007161458333333333
17 0.37890625 0.33268229166666663 0.0087890625 0.006510416666666666
11 0.446533203125 0.35611979166666663 0.18310546875 0.0859375
1 0.44580078125 0.4212239583333333 0.2578125 0.32421875
