17 0.186279296875 0.5485026041666666 0.01416015625 0.011067708333333332
17 0.20263671875 0.5504557291666666 0.0166015625 0.013671875
11 0.26123046875 0.6077473958333333 0.2568359375 0.150390625
125 0.25537109375 0.80859375 0.029296875 0.0390625
47 0.220947265625 0.8701171875 0.00927734375 0.024088541666666664
84 0.2314453125 0.8688151041666666 0.01171875 0.026692708333333332
82 0.246337890625 0.8701171875 0.01318359375 0.025390625
100 0.25732421875 0.8704427083333333 0.01171875 0.028645833333333332
77 0.26806640625 0.87109375 0.01171875 0.03125
77 0.2783203125 0.8707682291666666 0.0107421875 0.029296875
75 0.2890625 0.8717447916666666 0.01171875 0.03125
18 0.254150390625 0.8701171875 0.08349609375 0.037109375
1 0.266357421875 0.689453125 0.35986328125 0.4921875
