8 0.2197265625 0.5946875 0.13671875 0.398125
128 0.412109375 0.059687500000000004 0.0185546875 0.014375
43 0.392333984375 0.1234375 0.00634765625 0.015625
81 0.399169921875 0.1234375 0.00634765625 0.015625
92 0.40771484375 0.1228125 0.0068359375 0.015625
78 0.414306640625 0.1228125 0.00634765625 0.014375
75 0.42138671875 0.1225 0.0068359375 0.015
81 0.428466796875 0.1221875 0.00634765625 0.015625
71 0.434326171875 0.1215625 0.00439453125 0.015625
18 0.412841796875 0.1215625 0.05029296875 0.019375
3 0.4091796875 0.08375 0.1845703125 0.1675
