2 0.730224609375 0.44140625 0.30419921875 0.46744791666666663
124 0.751953125 0.5693359375 0.0263671875 0.029296875
11 0.732177734375 0.3720703125 0.22607421875 0.12434895833333333
18 0.750244140625 0.6337890625 0.06982421875 0.033203125
47 0.721923828125 0.6331380208333333 0.00732421875 0.022786458333333332
84 0.730224609375 0.6337890625 0.00927734375 0.024088541666666664
75 0.7431640625 0.6331380208333333 0.009765625 0.026692708333333332
73 0.752197265625 0.6331380208333333 0.00830078125 0.026692708333333332
75 0.761474609375 0.6337890625 0.01025390625 0.027994791666666664
73 0.77099609375 0.6331380208333333 0.0068359375 0.026692708333333332
80 0.779052734375 0.6324869791666666 0.00732421875 0.025390625
17 0.642578125 0.32486979166666663 0.013671875 0.01171875
