17 0.67041015625 0.3763020833333333 0.0107421875 0.009114583333333332
17 0.670166015625 0.3860677083333333 0.01318359375 0.009114583333333332
11 0.75732421875 0.4182942708333333 0.2001953125 0.10091145833333333
22 0.767578125 0.6396484375 0.0087890625 0.022786458333333332
88 0.77685546875 0.6393229166666666 0.009765625 0.022135416666666664
85 0.7890625 0.6373697916666666 0.0087890625 0.020833333333333332
97 0.798095703125 0.6373697916666666 0.00927734375 0.022135416666666664
78 0.806640625 0.6373697916666666 0.0087890625 0.020833333333333332
78 0.823974609375 0.63671875 0.00732421875 0.0234375
73 0.815673828125 0.6370442708333333 0.00830078125 0.021484375
18 0.796142578125 0.6370442708333333 0.06982421875 0.027994791666666664
1 0.740966796875 0.4925130208333333 0.32373046875 0.39127604166666663
