135 0.445068359375 0.5068359375 0.01806640625 0.029296875
47 0.42041015625 0.5478515625 0.005859375 0.016276041666666664
84 0.427734375 0.5475260416666666 0.0068359375 0.015625
84 0.438232421875 0.5475260416666666 0.00634765625 0.015625
82 0.446533203125 0.5478515625 0.00537109375 0.016276041666666664
78 0.4541015625 0.5485026041666666 0.005859375 0.016276041666666664
73 0.4619140625 0.5485026041666666 0.005859375 0.016276041666666664
80 0.4697265625 0.5478515625 0.005859375 0.014973958333333332
18 0.444580078125 0.5475260416666666 0.05908203125 0.024739583333333332
15 0.394287109375 0.37955729166666663 0.02490234375 0.020833333333333332
17 0.37060546875 0.322265625 0.009765625 0.0078125
17 0.370361328125 0.3323567708333333 0.01025390625 0.008463541666666666
11 0.442626953125 0.35319010416666663 0.18798828125 0.107421875
2 0.441650390625 0.42057291666666663 0.26611328125 0.37890625
