159 0.481201171875 0.4990234375 0.01611328125 0.021484375
47 0.456787109375 0.5345052083333333 0.00537109375 0.015625
84 0.464111328125 0.5345052083333333 0.00537109375 0.014322916666666666
82 0.474609375 0.5338541666666666 0.0048828125 0.015625
104 0.482177734375 0.5348307291666666 0.00634765625 0.014973958333333332
75 0.48974609375 0.5348307291666666 0.005859375 0.014973958333333332
77 0.4970703125 0.5348307291666666 0.0048828125 0.014973958333333332
78 0.505126953125 0.53515625 0.00537109375 0.015625
18 0.480712890625 0.5345052083333333 0.05810546875 0.024739583333333332
11 0.4111328125 0.33463541666666663 0.0087890625 0.00390625
1 0.47607421875 0.36197916666666663 0.17578125 0.09375
