73 0.22647938829787234 0.5802707930367504 0.002160904255319149 0.0183752417794971
73 0.23520611702127658 0.5807543520309478 0.0026595744680851063 0.014506769825918761
72 0.22947140957446807 0.5802707930367504 0.003490691489361702 0.015473887814313346
77 0.2321309840425532 0.5800290135396519 0.0031582446808510636 0.015957446808510637
71 0.23844747340425532 0.5800290135396519 0.004155585106382979 0.014990328820116054
18 0.2325465425531915 0.5747098646034816 0.018284574468085107 0.026595744680851064
18 0.23163231382978722 0.5270793036750484 0.07330452127659574 0.4700193423597679
2 0.038397606382978726 0.5461798839458414 0.07679521276595745 0.6252417794970987
2 0.5360704787234042 0.5469052224371374 0.0694813829787234 0.6499032882011605
73 0.7264793882978723 0.5802707930367504 0.0028257978723404253 0.015473887814313346
73 0.7352061170212766 0.5807543520309478 0.002327127659574468 0.014506769825918761
72 0.7293051861702128 0.5802707930367504 0.0024933510638297874 0.015473887814313346
77 0.7321309840425532 0.5802707930367504 0.0038231382978723403 0.015473887814313346
71 0.7381981382978723 0.5802707930367504 0.0036569148936170214 0.015473887814313346
18 0.7330452127659575 0.5749516441005803 0.01695478723404255 0.025145067698259187
7 0.7314660904255319 0.5203094777562862 0.0686502659574468 0.45938104448742745
