3 0.7822265625 0.4609375 0.283203125 0.5078125
18 0.80322265625 0.6507161458333333 0.072265625 0.030598958333333332
11 0.785888671875 0.41666666666666663 0.19677734375 0.12239583333333333
128 0.8037109375 0.6080729166666666 0.025390625 0.022135416666666664
14 0.77978515625 0.4143880208333333 0.0107421875 0.06184895833333333
17 0.70556640625 0.39225260416666663 0.009765625 0.011067708333333332
17 0.70556640625 0.3772786458333333 0.009765625 0.014973958333333332
17 0.694580078125 0.39029947916666663 0.01220703125 0.014973958333333332
15 0.72607421875 0.46061197916666663 0.0322265625 0.025390625
47 0.774658203125 0.6516927083333333 0.00927734375 0.0234375
84 0.7841796875 0.65234375 0.01171875 0.026041666666666664
103 0.797119140625 0.6516927083333333 0.00927734375 0.02734375
73 0.806396484375 0.6513671875 0.00927734375 0.026692708333333332
75 0.815673828125 0.6516927083333333 0.00830078125 0.02734375
75 0.824951171875 0.6507161458333333 0.01025390625 0.025390625
80 0.833984375 0.6513671875 0.0078125 0.026692708333333332
