17 0.251953125 0.2991536458333333 0.01171875 0.013671875
17 0.249755859375 0.32291666666666663 0.01220703125 0.016927083333333332
17 0.25244140625 0.34375 0.01953125 0.01953125
11 0.389404296875 0.3538411458333333 0.29443359375 0.146484375
206 0.390625 0.5084635416666666 0.01953125 0.033854166666666664
42 0.36181640625 0.6344401041666666 0.009765625 0.021484375
93 0.370849609375 0.6328125 0.01025390625 0.01953125
71 0.3837890625 0.6334635416666666 0.0068359375 0.022135416666666664
81 0.392578125 0.6334635416666666 0.0087890625 0.022135416666666664
100 0.401611328125 0.6324869791666666 0.00830078125 0.021484375
79 0.4111328125 0.6334635416666666 0.009765625 0.0234375
79 0.4189453125 0.6328125 0.0078125 0.0234375
18 0.390380859375 0.6324869791666666 0.06689453125 0.025390625
5 0.388671875 0.37890625 0.4296875 0.5833333333333333
