7 0.1276595744680851 0.5408607350096711 0.06914893617021277 0.44148936170212766
7 0.6279920212765957 0.5440038684719536 0.07180851063829786 0.44294003868471954
43 0.04030917553191489 0.021760154738878143 0.0024933510638297874 0.013539651837524178
81 0.043550531914893616 0.022243713733075435 0.0026595744680851063 0.015473887814313346
104 0.04803856382978723 0.022243713733075435 0.0026595744680851063 0.015473887814313346
73 0.051446143617021274 0.02127659574468085 0.002160904255319149 0.013539651837524178
74 0.05518617021276596 0.02248549323017408 0.0026595744680851063 0.014990328820116054
71 0.0581781914893617 0.0215183752417795 0.0016622340425531915 0.01402321083172147
80 0.061585771276595744 0.022727272727272728 0.0024933510638297874 0.013539651837524178
18 0.05152925531914893 0.0215183752417795 0.02559840425531915 0.018858800773694392
1 0.05784574468085106 0.036508704061895554 0.0954122340425532 0.07495164410058028
43 0.5403922872340425 0.02248549323017408 0.0026595744680851063 0.014990328820116054
81 0.543467420212766 0.022969052224371372 0.0018284574468085107 0.01402321083172147
104 0.5480385638297872 0.02248549323017408 0.0019946808510638296 0.01402321083172147
73 0.5517785904255319 0.022243713733075435 0.002160904255319149 0.015473887814313346
74 0.5550199468085106 0.02248549323017408 0.002327127659574468 0.013056092843326886
71 0.558095079787234 0.02248549323017408 0.0018284574468085107 0.013056092843326886
80 0.5614195478723404 0.02321083172147002 0.0031582446808510636 0.014506769825918761
18 0.5509474734042553 0.021760154738878143 0.025764627659574466 0.020309477756286266
1 0.5574301861702128 0.037717601547388784 0.09491356382978723 0.0735009671179884
