17 0.690185546875 0.3430989583333333 0.01513671875 0.013020833333333332
17 0.687744140625 0.3544921875 0.01220703125 0.009765625
14 0.763916015625 0.384765625 0.00927734375 0.053385416666666664
16 0.767333984375 0.4261067708333333 0.01220703125 0.016276041666666664
16 0.771240234375 0.3818359375 0.20947265625 0.10221354166666666
47 0.75830078125 0.6285807291666666 0.009765625 0.021484375
88 0.767578125 0.6276041666666666 0.009765625 0.022135416666666664
77 0.780517578125 0.6285807291666666 0.00830078125 0.022786458333333332
77 0.808837890625 0.6292317708333333 0.00927734375 0.024088541666666664
76 0.790283203125 0.6285807291666666 0.00927734375 0.025390625
75 0.818603515625 0.6292317708333333 0.00732421875 0.022786458333333332
71 0.799072265625 0.6279296875 0.00830078125 0.024088541666666664
18 0.787841796875 0.6279296875 0.07177734375 0.029296875
1 0.763916015625 0.46842447916666663 0.31689453125 0.40690104166666663
