7 0.4609375 0.40875 0.1318359375 0.3975
43 0.055419921875 0.390625 0.00830078125 0.01875
81 0.0654296875 0.3896875 0.0068359375 0.020625
74 0.07861328125 0.3896875 0.0078125 0.019375
74 0.088134765625 0.389375 0.00732421875 0.02
92 0.097412109375 0.38875 0.00830078125 0.01875
98 0.10693359375 0.38875 0.0087890625 0.02125
77 0.115966796875 0.38875 0.00732421875 0.02
18 0.0859375 0.3896875 0.0732421875 0.030625
17 0.05029296875 0.0740625 0.0107421875 0.008125
17 0.063720703125 0.07062500000000001 0.01025390625 0.0075
17 0.0458984375 0.0865625 0.01171875 0.010625
14 0.13916015625 0.1171875 0.0146484375 0.039375
11 0.124267578125 0.11156250000000001 0.24462890625 0.11812500000000001
1 0.165283203125 0.2096875 0.33056640625 0.420625
