134 0.15950520833333331 0.7551115241635687 0.01953125 0.0120817843866171
11 0.15983072916666666 0.7067843866171003 0.19075520833333331 0.061338289962825275
47 0.13899739583333331 0.7815985130111524 0.007161458333333333 0.008364312267657992
101 0.1474609375 0.7809014869888475 0.008463541666666666 0.009758364312267658
94 0.16015625 0.7802044609665427 0.0078125 0.010223048327137546
78 0.1689453125 0.7799721189591078 0.007161458333333333 0.009758364312267658
75 0.17838541666666666 0.7797397769516728 0.0078125 0.011152416356877323
71 0.18717447916666666 0.779275092936803 0.004557291666666666 0.011152416356877323
72 0.19596354166666666 0.779042750929368 0.0078125 0.010687732342007435
18 0.16666666666666666 0.779275092936803 0.06901041666666666 0.015799256505576207
3 0.19303385416666666 0.7160780669144982 0.283203125 0.24814126394052044
