150 0.2724609375 0.7551115241635687 0.022786458333333332 0.008364312267657992
47 0.24479166666666666 0.7776486988847583 0.0078125 0.010687732342007435
84 0.25358072916666663 0.7776486988847583 0.008463541666666666 0.010687732342007435
97 0.2666015625 0.7769516728624535 0.007161458333333333 0.010223048327137546
79 0.275390625 0.7764869888475836 0.0078125 0.010223048327137546
75 0.28483072916666663 0.7764869888475836 0.007161458333333333 0.010223048327137546
76 0.29361979166666663 0.7757899628252788 0.006510416666666666 0.010687732342007435
78 0.302734375 0.7755576208178439 0.0078125 0.010223048327137546
18 0.2737630208333333 0.7767193308550185 0.07096354166666666 0.017193308550185873
11 0.27799479166666663 0.6967936802973977 0.19270833333333331 0.055297397769516726
1 0.2998046875 0.725139405204461 0.2923177083333333 0.20213754646840149
47 0.8346354166666666 0.46584572490706316 0.0026041666666666665 0.005111524163568773
84 0.8391927083333333 0.4660780669144981 0.005208333333333333 0.006505576208178439
97 0.845703125 0.46677509293680297 0.00390625 0.00604089219330855
72 0.8502604166666666 0.46677509293680297 0.005208333333333333 0.00604089219330855
72 0.8551432291666666 0.46723977695167285 0.004557291666666666 0.005111524163568773
72 0.8597005208333333 0.46723977695167285 0.004557291666666666 0.006970260223048327
78 0.8649088541666666 0.4677044609665427 0.004557291666666666 0.00604089219330855
18 0.849609375 0.4670074349442379 0.037760416666666664 0.0120817843866171
11 0.8736979166666666 0.43564126394052044 0.109375 0.02648698884758364
1 0.8955078125 0.45678438661710036 0.20768229166666666 0.10780669144981413
