17 0.365478515625 0.3876953125 0.01123046875 0.009765625
11 0.44970703125 0.421875 0.21875 0.10677083333333333
159 0.450927734375 0.6223958333333333 0.02587890625 0.033854166666666664
47 0.4208984375 0.689453125 0.0078125 0.022135416666666664
84 0.430419921875 0.6888020833333333 0.01123046875 0.024739583333333332
76 0.44384765625 0.6901041666666666 0.009765625 0.026041666666666664
79 0.453125 0.6878255208333333 0.0078125 0.025390625
77 0.461669921875 0.6878255208333333 0.00830078125 0.026692708333333332
75 0.470947265625 0.6875 0.00830078125 0.022135416666666664
75 0.480712890625 0.6878255208333333 0.00830078125 0.029296875
18 0.451171875 0.6868489583333333 0.076171875 0.03515625
2 0.4453125 0.5146484375 0.3212890625 0.49283854166666663
