7 0.23429188829787234 0.5454545454545454 0.06466090425531915 0.4748549323017408
7 0.7339594414893617 0.5483558994197292 0.06665558510638298 0.4864603481624758
2 0.052194148936170214 0.07301740812379111 0.10438829787234043 0.1470019342359768
43 0.00789561170212766 0.3372823984526112 0.0038231382978723403 0.020793036750483558
83 0.012051196808510639 0.33631528046421666 0.0038231382978723403 0.022727272727272728
90 0.018367686170212765 0.33583172147001933 0.0038231382978723403 0.020793036750483558
76 0.022606382978723402 0.3355899419729207 0.0036569148936170214 0.020309477756286266
71 0.02676196808510638 0.3341392649903288 0.0019946808510638296 0.022243713733075435
76 0.031499335106382975 0.33365570599613154 0.0038231382978723403 0.02127659574468085
76 0.035738031914893616 0.3334139264990329 0.003324468085106383 0.020793036750483558
18 0.02169215425531915 0.3334139264990329 0.035738031914893616 0.03723404255319149
111 0.021027260638297872 0.2901353965183752 0.01180186170212766 0.031914893617021274
11 0.03789893617021276 0.11750483558994197 0.07513297872340426 0.10251450676982592
1 0.049368351063829786 0.20575435203094777 0.09873670212765957 0.36895551257253384
43 0.5078956117021276 0.3372823984526112 0.004155585106382979 0.021760154738878143
83 0.512217420212766 0.33607350096711797 0.0038231382978723403 0.020309477756286266
90 0.5184507978723404 0.33607350096711797 0.0036569148936170214 0.020309477756286266
76 0.5227726063829787 0.33534816247582205 0.003989361702127659 0.021760154738878143
71 0.526845079787234 0.3351063829787234 0.0018284574468085107 0.02321083172147002
76 0.5313331117021276 0.3338974854932302 0.003490691489361702 0.020793036750483558
76 0.5357380319148936 0.33365570599613154 0.0029920212765957447 0.020309477756286266
18 0.5220246010638298 0.3338974854932302 0.0347406914893617 0.03723404255319149
111 0.5211934840425532 0.2915860735009671 0.01180186170212766 0.03288201160541586
11 0.5386469414893617 0.11581237911025145 0.07430186170212766 0.10493230174081238
1 0.5493683510638298 0.20261121856866537 0.0990691489361702 0.3704061895551257
2 0.5517785904255319 0.07736943907156674 0.10422207446808511 0.15473887814313347
