7 0.258056640625 0.5746875 0.13623046875 0.39187500000000003
43 0.809814453125 0.14375000000000002 0.00537109375 0.015
81 0.81640625 0.144375 0.0048828125 0.015
80 0.8251953125 0.143125 0.0048828125 0.015
75 0.8330078125 0.143125 0.005859375 0.015
103 0.83984375 0.143125 0.005859375 0.015
79 0.845947265625 0.1434375 0.00634765625 0.014375
84 0.85302734375 0.1434375 0.005859375 0.014375
18 0.8310546875 0.143125 0.0517578125 0.02
127 0.831298828125 0.1015625 0.01708984375 0.021875000000000002
16 0.809814453125 0.00875 0.01611328125 0.015
11 0.8134765625 0.013125 0.1748046875 0.02625
2 0.804931640625 0.095 0.23974609375 0.19
