17 0.1792079207920792 0.15411764705882353 0.008580858085808581 0.008627450980392156
17 0.18745874587458747 0.15372549019607842 0.007920792079207921 0.00784313725490196
16 0.22112211221122113 0.18941176470588234 0.014521452145214522 0.01803921568627451
11 0.21815181518151816 0.1796078431372549 0.16171617161716173 0.08
43 0.12904290429042906 0.3466666666666667 0.005940594059405941 0.014117647058823528
81 0.1353135313531353 0.34823529411764703 0.006600660066006601 0.014117647058823528
80 0.1485148514851485 0.3474509803921568 0.005280528052805281 0.012549019607843137
93 0.1547854785478548 0.34705882352941175 0.007260726072607261 0.011764705882352941
91 0.1425742574257426 0.34705882352941175 0.005280528052805281 0.014901960784313726
74 0.1613861386138614 0.3474509803921568 0.005940594059405941 0.012549019607843137
79 0.16666666666666666 0.34705882352941175 0.0046204620462046205 0.011764705882352941
18 0.14884488448844885 0.3466666666666667 0.048184818481848184 0.020392156862745096
1 0.24158415841584158 0.23333333333333334 0.3405940594059406 0.2972549019607843
