3 0.44921875 0.4114583333333333 0.234375 0.4609375
11 0.457275390625 0.3548177083333333 0.20263671875 0.10807291666666666
17 0.3818359375 0.3157552083333333 0.0078125 0.0078125
17 0.393310546875 0.3173828125 0.01123046875 0.012369791666666666
17 0.379150390625 0.32486979166666663 0.01123046875 0.01171875
17 0.37548828125 0.3372395833333333 0.0107421875 0.013020833333333332
134 0.44970703125 0.498046875 0.017578125 0.03255208333333333
18 0.4453125 0.5826822916666666 0.0595703125 0.03125
42 0.420166015625 0.580078125 0.00732421875 0.022135416666666664
94 0.427978515625 0.5807291666666666 0.00830078125 0.020833333333333332
79 0.439208984375 0.58203125 0.00732421875 0.01953125
81 0.447509765625 0.5836588541666666 0.00732421875 0.022786458333333332
74 0.455322265625 0.583984375 0.00830078125 0.022135416666666664
72 0.463134765625 0.5843098958333333 0.00927734375 0.021484375
79 0.470947265625 0.5856119791666666 0.00732421875 0.021484375
