181 0.5263671875 0.501953125 0.015625 0.010416666666666666
47 0.49951171875 0.55859375 0.0068359375 0.018229166666666664
84 0.50830078125 0.55859375 0.0068359375 0.016927083333333332
98 0.5205078125 0.5582682291666666 0.0068359375 0.017578125
92 0.529052734375 0.55859375 0.00634765625 0.018229166666666664
77 0.5380859375 0.5576171875 0.0068359375 0.017578125
71 0.546875 0.556640625 0.0029296875 0.018229166666666664
77 0.55517578125 0.5569661458333333 0.005859375 0.018880208333333332
18 0.52734375 0.5579427083333333 0.06640625 0.026041666666666664
11 0.516845703125 0.3115234375 0.23486328125 0.130859375
3 0.516357421875 0.36783854166666663 0.31396484375 0.46484375
