7 0.50048828125 0.43343750000000003 0.140625 0.450625
43 0.055419921875 0.3903125 0.00927734375 0.020625
81 0.06494140625 0.390625 0.0078125 0.02
74 0.077880859375 0.389375 0.00830078125 0.02
74 0.08740234375 0.389375 0.0078125 0.02
92 0.096923828125 0.38906250000000003 0.00927734375 0.019375
98 0.1064453125 0.389375 0.0078125 0.02
77 0.11572265625 0.3884375 0.0068359375 0.019375
18 0.085205078125 0.3896875 0.07275390625 0.028125
17 0.050048828125 0.0740625 0.01025390625 0.009375
17 0.06494140625 0.0709375 0.009765625 0.008125
17 0.04541015625 0.0871875 0.0126953125 0.010625
14 0.138671875 0.1171875 0.013671875 0.040625
11 0.123779296875 0.11093750000000001 0.24560546875 0.116875
1 0.16455078125 0.2090625 0.330078125 0.418125
