17 0.5029296875 0.3753255208333333 0.01171875 0.013671875
11 0.57080078125 0.4033203125 0.1845703125 0.115234375
128 0.576416015625 0.544921875 0.02001953125 0.01953125
43 0.5498046875 0.6279296875 0.0068359375 0.018880208333333332
84 0.558349609375 0.6276041666666666 0.01025390625 0.020833333333333332
85 0.56982421875 0.6272786458333333 0.009765625 0.022786458333333332
105 0.579833984375 0.6272786458333333 0.00927734375 0.021484375
73 0.587646484375 0.6272786458333333 0.00830078125 0.021484375
78 0.596923828125 0.6272786458333333 0.00830078125 0.021484375
76 0.604736328125 0.6279296875 0.00732421875 0.022786458333333332
18 0.57763671875 0.6263020833333333 0.068359375 0.028645833333333332
3 0.575927734375 0.4514973958333333 0.26220703125 0.447265625
