142 0.42919921875 0.4778645833333333 0.0146484375 0.020833333333333332
47 0.405029296875 0.5426432291666666 0.00634765625 0.014973958333333332
84 0.41259765625 0.5423177083333333 0.005859375 0.015625
92 0.423095703125 0.5416666666666666 0.00732421875 0.016927083333333332
71 0.430908203125 0.5423177083333333 0.00244140625 0.016927083333333332
75 0.438720703125 0.5419921875 0.00634765625 0.016276041666666664
72 0.446533203125 0.5423177083333333 0.00634765625 0.016927083333333332
75 0.453857421875 0.5423177083333333 0.00634765625 0.016927083333333332
18 0.429443359375 0.5416666666666666 0.05810546875 0.026041666666666664
17 0.358642578125 0.31217447916666663 0.01025390625 0.008463541666666666
17 0.35595703125 0.322265625 0.009765625 0.010416666666666666
17 0.353759765625 0.3333333333333333 0.01025390625 0.009114583333333332
11 0.42626953125 0.34635416666666663 0.1884765625 0.09895833333333333
2 0.426025390625 0.3899739583333333 0.24365234375 0.42057291666666663
