17 0.39794921875 0.33756510416666663 0.0107421875 0.009765625
17 0.4130859375 0.3391927083333333 0.0107421875 0.01171875
11 0.47314453125 0.3772786458333333 0.193359375 0.095703125
127 0.47705078125 0.5631510416666666 0.01953125 0.0234375
47 0.44873046875 0.6083984375 0.0087890625 0.024088541666666664
84 0.458740234375 0.6077473958333333 0.01025390625 0.022786458333333332
102 0.47119140625 0.6090494791666666 0.0087890625 0.024088541666666664
77 0.480224609375 0.609375 0.00830078125 0.0234375
71 0.48779296875 0.6100260416666666 0.0087890625 0.02734375
79 0.497314453125 0.6077473958333333 0.00927734375 0.025390625
79 0.5068359375 0.6067708333333333 0.009765625 0.0234375
18 0.477783203125 0.6077473958333333 0.06982421875 0.026692708333333332
1 0.4755859375 0.4534505208333333 0.291015625 0.384765625
