69 0.5485148514851486 0.21859572133845312 0.17557755775577558 0.12781130005485464
54 0.5188118811881188 0.19967087218869994 0.09108910891089109 0.03181568842567197
0 0.5188118811881188 0.23203510696653867 0.031683168316831684 0.010970927043335162
69 0.22046204620462045 0.3195282501371366 0.2085808580858086 0.16182117388919365
54 0.23663366336633665 0.3121228743828854 0.14323432343234324 0.04827207899067471
0 0.2306930693069307 0.36204059243006037 0.04686468646864687 0.015359297860669228
55 0.2132013201320132 0.3628634119583105 0.006600660066006601 0.010422380691168404
3 0.22013201320132014 0.36231486560614373 0.005940594059405941 0.010422380691168404
36 0.2260726072607261 0.36341195831047723 0.005940594059405941 0.013713658804168954
39 0.23234323432343235 0.36231486560614373 0.005280528052805281 0.012616566099835436
20 0.23795379537953795 0.3628634119583105 0.0033003300330033004 0.013713658804168954
7 0.24356435643564356 0.36121777290181023 0.005280528052805281 0.01151947339550192
11 0.24917491749174916 0.3614920460778936 0.007260726072607261 0.014262205156335712
52 0.23102310231023102 0.49040043883708173 0.25214521452145217 0.18760285244103128
54 0.2386138613861386 0.46187602852441034 0.17491749174917492 0.05156335710367526
0 0.2429042904290429 0.5277015907844214 0.0594059405940594 0.014262205156335712
109 0.21914191419141915 0.5279758639605047 0.011881188118811881 0.017004936917169502
33 0.22838283828382838 0.5282501371365881 0.006600660066006601 0.01755348326933626
21 0.2363036303630363 0.5277015907844214 0.007920792079207921 0.015359297860669228
12 0.2438943894389439 0.5271530444322545 0.008580858085808581 0.014262205156335712
6 0.25214521452145217 0.5271530444322545 0.007920792079207921 0.015359297860669228
6 0.2590759075907591 0.5271530444322545 0.007260726072607261 0.014262205156335712
8 0.26765676567656765 0.5274273176083379 0.008580858085808581 0.015907844212835986
53 0.76006600660066 0.6503017004936917 0.40594059405940597 0.3000548546352167
54 0.8455445544554455 0.6387822270981899 0.20462046204620463 0.06198573779484367
0 0.8600660066006601 0.7035106966538673 0.08052805280528053 0.02029621503017005
55 0.8277227722772277 0.7051563357103675 0.013201320132013201 0.02029621503017005
3 0.8392739273927393 0.7062534284147011 0.007260726072607261 0.021393307734503566
36 0.8511551155115512 0.7037849698299506 0.011221122112211221 0.019747668678003292
17 0.8594059405940594 0.7032364234777839 0.007920792079207921 0.019747668678003292
7 0.8686468646864687 0.7035106966538673 0.007920792079207921 0.019199122325836534
11 0.8785478547854786 0.7029621503017005 0.007920792079207921 0.018102029621503018
133 0.8887788778877888 0.7040592430060341 0.009900990099009901 0.02029621503017005
52 0.34092409240924093 0.8346132748217224 0.4297029702970297 0.24190894130554033