47 0.22145545796737764 0.8531524341580208 0.03387703889585947 0.019154030327214685
84 0.2779171894604768 0.8511572226656026 0.03638644918444165 0.01675977653631285
83 0.18569636135508155 0.8802873104549083 0.030112923462986198 0.030327214684756586
77 0.28481806775407775 0.8770949720670391 0.02760351317440401 0.035115722266560255
77 0.3186951066499372 0.8762968874700718 0.030112923462986198 0.03192338387869114
75 0.22145545796737764 0.8810853950518756 0.03638644918444165 0.03192338387869114
78 0.254077791718946 0.879489225857941 0.028858218318695103 0.02873104549082203
18 0.25031367628607276 0.8699122106943337 0.18695106649937263 0.06384676775738228
11 0.2936010037641154 0.5598563447725459 0.5872020075282308 0.19393455706304868
4 0.42597239648682556 0.4940143655227454 0.8519447929736511 0.8986432561851557
