8 0.7068965517241379 0.14129443938012762 0.09852216748768472 0.24977210574293526
7 0.5205254515599343 0.26618049225159524 0.14285714285714285 0.2771194165907019
11 0.17241379310344826 0.6864175022789426 0.3004926108374384 0.1422060164083865
128 0.16707717569786534 0.7793983591613491 0.0451559934318555 0.027347310847766634
47 0.13177339901477833 0.8418413855970829 0.01231527093596059 0.022789425706472195
84 0.14573070607553365 0.8427529626253418 0.01231527093596059 0.022789425706472195
83 0.16338259441707717 0.8400182315405652 0.013136288998357963 0.022789425706472195
73 0.19006568144499178 0.840929808568824 0.013957307060755337 0.024612579762989972
73 0.2019704433497537 0.8391066545123063 0.013136288998357963 0.022789425706472195
71 0.21551724137931033 0.8386508659981768 0.0090311986863711 0.023701002734731084
103 0.17569786535303777 0.8413855970829535 0.013136288998357963 0.02552415679124886
18 0.17487684729064037 0.8418413855970829 0.10509031198686371 0.04102096627164995
3 0.21592775041050902 0.6914311759343664 0.41050903119868637 0.5205104831358249
