11 0.805921052631579 0.5749824807288016 0.19736842105263158 0.0889978976874562
47 0.8055921052631578 0.6825508058864751 0.007236842105263158 0.016818500350385422
84 0.8144736842105263 0.6825508058864751 0.007894736842105263 0.016818500350385422
87 0.8263157894736842 0.6822004204625087 0.007894736842105263 0.014716187806587245
71 0.8342105263157894 0.681499649614576 0.006578947368421052 0.0161177295024527
71 0.8595394736842105 0.6804484933426769 0.0059210526315789476 0.016818500350385422
72 0.8430921052631579 0.6811492641906096 0.008552631578947369 0.016818500350385422
79 0.8509868421052631 0.6807988787666432 0.007236842105263158 0.0161177295024527
18 0.8322368421052632 0.681499649614576 0.06578947368421052 0.02452697967764541
1 0.7598684210526315 0.614926419060967 0.3631578947368421 0.2964260686755431
