82 0.10197805851063829 0.629110251450677 0.0028257978723404253 0.01644100580270793
75 0.10538563829787234 0.6300773694390716 0.003324468085106383 0.01644100580270793
74 0.11486037234042552 0.629110251450677 0.0036569148936170214 0.014506769825918761
18 0.10846077127659574 0.6245164410058027 0.017121010638297872 0.02562862669245648
7 0.11269946808510638 0.5471470019342359 0.06582446808510638 0.4898452611218569
82 0.602061170212766 0.6310444874274661 0.0029920212765957447 0.015473887814313346
75 0.6051363031914894 0.6300773694390716 0.0031582446808510636 0.017408123791102514
74 0.6147772606382979 0.6300773694390716 0.002160904255319149 0.013539651837524178
18 0.6085438829787234 0.6259671179883946 0.018617021276595744 0.02562862669245648
7 0.6126994680851063 0.5476305609284333 0.0678191489361702 0.49758220502901357
