181 0.524169921875 0.552734375 0.01904296875 0.013020833333333332
47 0.4931640625 0.6315104166666666 0.0068359375 0.018229166666666664
84 0.502685546875 0.6318359375 0.00634765625 0.018880208333333332
99 0.515869140625 0.6321614583333333 0.00732421875 0.018229166666666664
83 0.525390625 0.6321614583333333 0.0068359375 0.018229166666666664
73 0.53466796875 0.6324869791666666 0.0068359375 0.017578125
78 0.544189453125 0.6324869791666666 0.00634765625 0.017578125
77 0.553955078125 0.6328125 0.00830078125 0.018229166666666664
18 0.52294921875 0.6324869791666666 0.072265625 0.029296875
13 0.572265625 0.373046875 0.021484375 0.014322916666666666
17 0.435791015625 0.3470052083333333 0.01220703125 0.010416666666666666
17 0.43408203125 0.3564453125 0.0126953125 0.008463541666666666
11 0.5185546875 0.3919270833333333 0.2236328125 0.125
2 0.517822265625 0.46940104166666663 0.31005859375 0.45703125
12 0.462158203125 0.3460286458333333 0.05712890625 0.014973958333333332
