72 nan nan nan nan
72 0.23986037234042554 0.6034816247582205 0.002327127659574468 0.01644100580270793
76 0.2527426861702128 0.6020309477756286 0.0028257978723404253 0.015473887814313346
73 0.24301861702127658 0.6029980657640233 0.002327127659574468 0.013539651837524178
73 0.24617686170212766 0.6020309477756286 0.0026595744680851063 0.015473887814313346
18 0.24966755319148937 0.6029980657640233 0.002327127659574468 0.013539651837524178
7 0.24642619680851063 0.5971953578336557 0.01778590425531915 0.025145067698259187
72 0.24368351063829788 0.5553675048355899 0.0641622340425532 0.48694390715667313
72 0.7398603723404256 0.6029980657640233 0.0029920212765957447 0.01644100580270793
73 0.7528257978723404 0.6022727272727273 0.0036569148936170214 0.014990328820116054
73 0.7464261968085106 0.6025145067698259 0.0028257978723404253 0.015473887814313346
76 0.749750664893617 0.6020309477756286 0.003490691489361702 0.015473887814313346
76 0.7430186170212766 0.6029980657640233 0.0026595744680851063 0.014506769825918761
7 0.7464261968085106 0.597678916827853 0.01745345744680851 0.027079303675048357
