11 0.6471354166666666 0.7311802973977695 0.22265625 0.06273234200743494
128 0.64453125 0.770910780669145 0.029947916666666664 0.013940520446096654
47 0.6149088541666666 0.79182156133829 0.007161458333333333 0.011152416356877323
84 0.6253255208333333 0.7922862453531598 0.008463541666666666 0.011152416356877323
85 0.6389973958333333 0.7922862453531598 0.008463541666666666 0.011152416356877323
101 0.6484375 0.79182156133829 0.0078125 0.011152416356877323
77 0.6575520833333333 0.7920539033457249 0.006510416666666666 0.010687732342007435
77 0.6676432291666666 0.79182156133829 0.008463541666666666 0.011152416356877323
72 0.6780598958333333 0.7920539033457249 0.007161458333333333 0.011617100371747211
18 0.6471354166666666 0.7922862453531598 0.07421875 0.018587360594795536
3 0.6595052083333333 0.7348977695167286 0.28515625 0.24488847583643122
