17 0.46240234375 0.2998046875 0.01171875 0.012369791666666666
17 0.4765625 0.2998046875 0.009765625 0.011067708333333332
17 0.458251953125 0.3134765625 0.01416015625 0.011067708333333332
11 0.547607421875 0.34244791666666663 0.22119140625 0.1015625
118 0.54150390625 0.4990234375 0.0205078125 0.024088541666666664
19 0.51123046875 0.5804036458333333 0.0068359375 0.022786458333333332
91 0.519775390625 0.5813802083333333 0.00927734375 0.0234375
87 0.531982421875 0.5810546875 0.00927734375 0.022786458333333332
78 0.541748046875 0.5810546875 0.00830078125 0.021484375
78 0.559326171875 0.5823567708333333 0.00830078125 0.022786458333333332
77 0.550048828125 0.5817057291666666 0.01025390625 0.024088541666666664
72 0.5693359375 0.5836588541666666 0.0107421875 0.022786458333333332
18 0.539794921875 0.580078125 0.06982421875 0.029947916666666664
2 0.538818359375 0.40299479166666663 0.30615234375 0.43359375
