7 0.7099609375 0.10546875 0.1220703125 0.21223958333333331
1 0.512939453125 0.515625 0.29638671875 0.42838541666666663
111 0.52197265625 0.6295572916666666 0.025390625 0.033854166666666664
11 0.50927734375 0.4384765625 0.2099609375 0.10091145833333333
18 0.522216796875 0.6744791666666666 0.07177734375 0.02734375
47 0.492431640625 0.673828125 0.01025390625 0.026041666666666664
84 0.502685546875 0.6731770833333333 0.01025390625 0.024739583333333332
87 0.51513671875 0.673828125 0.0087890625 0.026041666666666664
94 0.525390625 0.673828125 0.0087890625 0.026041666666666664
75 0.534423828125 0.673828125 0.00927734375 0.026041666666666664
72 0.5439453125 0.6731770833333333 0.009765625 0.024739583333333332
71 0.552978515625 0.6731770833333333 0.00634765625 0.02734375
17 0.43212890625 0.4026692708333333 0.01171875 0.012369791666666666
17 0.4296875 0.41764322916666663 0.0107421875 0.012369791666666666
