17 0.777587890625 0.36686197916666663 0.01318359375 0.013671875
17 0.7919921875 0.36490885416666663 0.0126953125 0.011067708333333332
17 0.790771484375 0.3779296875 0.01318359375 0.013671875
14 0.860107421875 0.4095052083333333 0.00830078125 0.046875
11 0.864990234375 0.4026692708333333 0.20166015625 0.10221354166666666
134 0.886474609375 0.5891927083333333 0.02880859375 0.029947916666666664
47 0.85986328125 0.6477864583333333 0.0087890625 0.020833333333333332
84 0.868408203125 0.6471354166666666 0.01025390625 0.022135416666666664
87 0.88037109375 0.6471354166666666 0.0087890625 0.022135416666666664
98 0.889404296875 0.6468098958333333 0.00927734375 0.021484375
78 0.8984375 0.646484375 0.009765625 0.020833333333333332
78 0.90771484375 0.646484375 0.009765625 0.020833333333333332
75 0.916748046875 0.646484375 0.00927734375 0.0234375
18 0.887451171875 0.6471354166666666 0.07177734375 0.02734375
4 0.8525390625 0.4563802083333333 0.302734375 0.47135416666666663
8 0.120849609375 0.6376953125 0.12646484375 0.39908854166666663
