11 0.55859375 0.13444010416666666 0.390625 0.158203125
47 0.514404296875 0.5107421875 0.00830078125 0.024088541666666664
81 0.523193359375 0.5107421875 0.00927734375 0.025390625
75 0.5361328125 0.5120442708333333 0.009765625 0.025390625
75 0.5458984375 0.51171875 0.0087890625 0.026041666666666664
75 0.57373046875 0.5130208333333333 0.009765625 0.026041666666666664
72 0.55615234375 0.5120442708333333 0.0087890625 0.025390625
72 0.565185546875 0.5126953125 0.00830078125 0.025390625
18 0.544189453125 0.5120442708333333 0.07177734375 0.029296875
5 0.5419921875 0.3212890625 0.5009765625 0.646484375
