134 0.44091796875 0.47233072916666663 0.0205078125 0.024088541666666664
47 0.416748046875 0.5296223958333333 0.00634765625 0.014973958333333332
84 0.42431640625 0.529296875 0.005859375 0.014322916666666666
98 0.4345703125 0.5296223958333333 0.005859375 0.014973958333333332
83 0.442138671875 0.5296223958333333 0.00537109375 0.014973958333333332
80 0.44970703125 0.5296223958333333 0.005859375 0.014973958333333332
73 0.457275390625 0.5299479166666666 0.00634765625 0.015625
78 0.464599609375 0.529296875 0.00537109375 0.014322916666666666
18 0.44091796875 0.5302734375 0.056640625 0.022786458333333332
14 0.439453125 0.3330078125 0.005859375 0.039713541666666664
17 0.37060546875 0.2919921875 0.0107421875 0.009765625
17 0.38232421875 0.29069010416666663 0.0107421875 0.009765625
17 0.379150390625 0.30240885416666663 0.00927734375 0.009765625
17 0.3671875 0.31119791666666663 0.0107421875 0.009114583333333332
15 0.43505859375 0.36100260416666663 0.01953125 0.014973958333333332
11 0.438232421875 0.3304036458333333 0.17431640625 0.107421875
3 0.436767578125 0.3837890625 0.24853515625 0.400390625
