11 0.3020833333333333 0.7030669144981412 0.22265625 0.07434944237918215
111 0.29557291666666663 0.7718401486988847 0.022135416666666664 0.013940520446096654
47 0.2688802083333333 0.7908921933085501 0.009114583333333332 0.0120817843866171
84 0.279296875 0.7899628252788103 0.010416666666666666 0.0120817843866171
75 0.29361979166666663 0.7894981412639405 0.009114583333333332 0.0120817843866171
76 0.302734375 0.7894981412639405 0.0078125 0.0120817843866171
76 0.32194010416666663 0.7883364312267658 0.008463541666666666 0.010687732342007435
76 0.3313802083333333 0.7883364312267658 0.010416666666666666 0.011617100371747211
76 0.3118489583333333 0.7890334572490706 0.005208333333333333 0.013011152416356878
18 0.3011067708333333 0.7892657992565055 0.076171875 0.015334572490706319
1 0.3186848958333333 0.7211895910780669 0.3118489583333333 0.2537174721189591
