1 0.5009765625 0.484375 0.255859375 0.3567708333333333
111 0.501220703125 0.560546875 0.01904296875 0.026041666666666664
11 0.506103515625 0.40690104166666663 0.19775390625 0.09375
18 0.500244140625 0.5966796875 0.06494140625 0.029296875
17 0.4404296875 0.3671875 0.0126953125 0.0078125
17 0.436767578125 0.3779296875 0.01123046875 0.009765625
42 0.474853515625 0.5973307291666666 0.00830078125 0.024088541666666664
94 0.481201171875 0.59765625 0.00830078125 0.0234375
79 0.494384765625 0.5983072916666666 0.00732421875 0.022135416666666664
99 0.502685546875 0.5989583333333333 0.00732421875 0.0234375
83 0.510498046875 0.5983072916666666 0.00830078125 0.022135416666666664
78 0.51904296875 0.5983072916666666 0.0078125 0.024739583333333332
78 0.527099609375 0.5989583333333333 0.00830078125 0.0234375
