2 0.61669921875 0.453125 0.2802734375 0.4739583333333333
11 0.614990234375 0.38053385416666663 0.20166015625 0.115234375
112 0.62353515625 0.572265625 0.0263671875 0.02734375
18 0.624267578125 0.638671875 0.06884765625 0.028645833333333332
17 0.533447265625 0.34244791666666663 0.01318359375 0.013020833333333332
17 0.547119140625 0.341796875 0.01220703125 0.01171875
47 0.5947265625 0.6376953125 0.0087890625 0.022786458333333332
84 0.603759765625 0.6376953125 0.00927734375 0.022786458333333332
85 0.617431640625 0.6370442708333333 0.01025390625 0.024088541666666664
77 0.626220703125 0.6370442708333333 0.00830078125 0.022786458333333332
78 0.635498046875 0.6370442708333333 0.00927734375 0.025390625
77 0.644775390625 0.6370442708333333 0.00927734375 0.025390625
75 0.654052734375 0.6370442708333333 0.00927734375 0.025390625
