11 0.49609375 0.42936197916666663 0.2001953125 0.111328125
184 0.494873046875 0.6061197916666666 0.01513671875 0.02734375
47 0.466796875 0.666015625 0.0078125 0.020833333333333332
84 0.4755859375 0.6666666666666666 0.009765625 0.0234375
73 0.488037109375 0.6666666666666666 0.00927734375 0.0234375
79 0.49853515625 0.6656901041666666 0.009765625 0.021484375
78 0.508056640625 0.6656901041666666 0.01025390625 0.024088541666666664
71 0.51611328125 0.6666666666666666 0.0078125 0.024739583333333332
75 0.526123046875 0.666015625 0.01025390625 0.0234375
18 0.49658203125 0.6653645833333333 0.0693359375 0.026041666666666664
2 0.494873046875 0.48111979166666663 0.30712890625 0.5078125
