111 0.50927734375 0.5807291666666666 0.021484375 0.028645833333333332
47 0.480224609375 0.6256510416666666 0.00830078125 0.01953125
84 0.48974609375 0.6253255208333333 0.0068359375 0.018880208333333332
101 0.50244140625 0.625 0.0078125 0.01953125
72 0.51220703125 0.6259765625 0.0068359375 0.018880208333333332
79 0.521484375 0.6259765625 0.0068359375 0.017578125
78 0.53076171875 0.6259765625 0.0068359375 0.017578125
75 0.539794921875 0.6259765625 0.00634765625 0.017578125
18 0.509765625 0.6243489583333333 0.072265625 0.028645833333333332
15 0.411376953125 0.431640625 0.01416015625 0.0234375
12 0.551025390625 0.3681640625 0.05517578125 0.020182291666666664
12 0.4462890625 0.365234375 0.0419921875 0.015625
17 0.4287109375 0.36328125 0.015625 0.01171875
17 0.420166015625 0.3733723958333333 0.01318359375 0.009765625
17 0.41650390625 0.38346354166666663 0.0126953125 0.010416666666666666
16 0.478759765625 0.41959635416666663 0.02099609375 0.031901041666666664
16 0.43994140625 0.4306640625 0.0419921875 0.030598958333333332
11 0.503662109375 0.4104817708333333 0.21337890625 0.11393229166666666
1 0.503173828125 0.4677734375 0.29150390625 0.423828125
