47 0.495849609375 0.5764973958333333 0.00732421875 0.009765625
80 0.509765625 0.576171875 0.0048828125 0.009114583333333332
78 0.51708984375 0.576171875 0.0048828125 0.009114583333333332
85 0.488037109375 0.5914713541666666 0.00732421875 0.016276041666666664
80 0.4970703125 0.5911458333333333 0.0068359375 0.014322916666666666
76 0.505615234375 0.5904947916666666 0.00634765625 0.015625
75 0.515380859375 0.5908203125 0.00732421875 0.016276041666666664
78 0.524169921875 0.5911458333333333 0.00634765625 0.016927083333333332
18 0.506591796875 0.5846354166666666 0.04833984375 0.03255208333333333
17 0.408447265625 0.23274739583333331 0.01123046875 0.013671875
17 0.42236328125 0.22916666666666666 0.01171875 0.010416666666666666
17 0.435546875 0.2314453125 0.01171875 0.013671875
17 0.419189453125 0.24251302083333331 0.01318359375 0.013671875
17 0.4326171875 0.24446614583333331 0.0107421875 0.012369791666666666
17 0.412841796875 0.25260416666666663 0.01025390625 0.01171875
17 0.4267578125 0.2578125 0.0126953125 0.014322916666666666
14 0.504150390625 0.26236979166666663 0.00830078125 0.015625
11 0.50341796875 0.2763671875 0.2255859375 0.12044270833333333
6 0.493408203125 0.3333333333333333 0.34814453125 0.6653645833333333
122 0.900634765625 0.21256510416666666 0.01513671875 0.013671875
47 0.87890625 0.25358072916666663 0.0048828125 0.012369791666666666
84 0.885498046875 0.2529296875 0.00537109375 0.013671875
81 0.894775390625 0.2532552083333333 0.00537109375 0.014322916666666666
97 0.901611328125 0.25390625 0.00537109375 0.013020833333333332
73 0.907958984375 0.25390625 0.00537109375 0.013020833333333332
77 0.9150390625 0.2532552083333333 0.0048828125 0.014322916666666666
80 0.921142578125 0.25390625 0.00537109375 0.013020833333333332
18 0.89990234375 0.2542317708333333 0.0517578125 0.022786458333333332
15 0.875244140625 0.1171875 0.02294921875 0.014322916666666666
12 0.91162109375 0.06673177083333333 0.041015625 0.024088541666666664
17 0.8173828125 0.0576171875 0.009765625 0.007161458333333333
17 0.81689453125 0.06640625 0.0087890625 0.0078125
11 0.8828125 0.08984375 0.1552734375 0.09505208333333333
3 0.86669921875 0.15852864583333331 0.2421875 0.31705729166666663
