96 0.7061170212765957 0.594294003868472 0.0036569148936170214 0.01644100580270793
72 0.7098570478723404 0.5947775628626693 0.0028257978723404253 0.015473887814313346
79 0.7130984042553191 0.593568665377176 0.0036569148936170214 0.01402321083172147
79 0.7160073138297872 0.5930851063829787 0.002160904255319149 0.015957446808510637
77 0.7194980053191489 0.5926015473887815 0.0031582446808510636 0.014990328820116054
18 0.7126828457446809 0.589458413926499 0.01745345744680851 0.025145067698259187
7 0.7121010638297872 0.5263539651837524 0.07180851063829786 0.46663442940038685
96 0.20628324468085105 0.594294003868472 0.003989361702127659 0.01644100580270793
72 0.2096908244680851 0.5947775628626693 0.0028257978723404253 0.01644100580270793
79 0.21284906914893617 0.5938104448742747 0.003490691489361702 0.014506769825918761
79 0.21609042553191488 0.5938104448742747 0.003324468085106383 0.014506769825918761
77 0.21941489361702127 0.5930851063829787 0.0029920212765957447 0.014990328820116054
18 0.2130152925531915 0.589458413926499 0.018450797872340424 0.024177949709864605
7 0.21002327127659573 0.5157156673114119 0.06998005319148937 0.4811411992263056
