1 0.7333984375 0.5152994791666666 0.310546875 0.439453125
181 0.75537109375 0.59765625 0.021484375 0.015625
11 0.73583984375 0.43619791666666663 0.2138671875 0.10546875
18 0.7548828125 0.6819661458333333 0.0712890625 0.029296875
17 0.646240234375 0.40006510416666663 0.01318359375 0.014973958333333332
17 0.646728515625 0.4140625 0.01416015625 0.013020833333333332
47 0.72509765625 0.6832682291666666 0.009765625 0.025390625
84 0.735595703125 0.6826171875 0.00927734375 0.026692708333333332
98 0.748779296875 0.6806640625 0.00927734375 0.025390625
97 0.7578125 0.6813151041666666 0.0087890625 0.024088541666666664
79 0.766845703125 0.6813151041666666 0.00927734375 0.024088541666666664
71 0.776123046875 0.6809895833333333 0.00634765625 0.024739583333333332
78 0.785400390625 0.6809895833333333 0.00732421875 0.024739583333333332
14 0.7314453125 0.44108072916666663 0.01171875 0.06315104166666666
