47 0.5068359375 0.6630859375 0.0068359375 0.017578125
84 0.516357421875 0.6627604166666666 0.00830078125 0.018229166666666664
82 0.529541015625 0.6630859375 0.00732421875 0.018880208333333332
78 0.53955078125 0.6627604166666666 0.0078125 0.018229166666666664
76 0.54931640625 0.6634114583333333 0.0078125 0.018229166666666664
80 0.55908203125 0.6634114583333333 0.0078125 0.018229166666666664
78 0.568603515625 0.6634114583333333 0.00732421875 0.018229166666666664
18 0.53759765625 0.6624348958333333 0.0732421875 0.030598958333333332
12 0.62548828125 0.23470052083333331 0.0927734375 0.047526041666666664
13 0.630126953125 0.3089192708333333 0.02685546875 0.011067708333333332
17 0.40673828125 0.22135416666666666 0.0126953125 0.014322916666666666
17 0.4228515625 0.21809895833333331 0.009765625 0.015625
17 0.4228515625 0.23404947916666666 0.0126953125 0.013671875
17 0.388671875 0.23177083333333331 0.0126953125 0.013020833333333332
17 0.401123046875 0.24055989583333331 0.01220703125 0.012369791666666666
17 0.41552734375 0.2509765625 0.0068359375 0.009765625
17 0.39697265625 0.255859375 0.0107421875 0.013020833333333332
17 0.40625 0.2620442708333333 0.013671875 0.013671875
17 0.385498046875 0.271484375 0.01123046875 0.015625
17 0.4033203125 0.27799479166666663 0.0126953125 0.015625
11 0.539794921875 0.34635416666666663 0.36669921875 0.29557291666666663
4 0.5498046875 0.3684895833333333 0.4287109375 0.73046875
