2 0.38232421875 0.48046875 0.24609375 0.40625
11 0.386474609375 0.41178385416666663 0.18408203125 0.115234375
18 0.378662109375 0.6110026041666666 0.06689453125 0.026692708333333332
47 0.3505859375 0.6103515625 0.009765625 0.024088541666666664
83 0.359619140625 0.6097005208333333 0.00830078125 0.022786458333333332
87 0.3720703125 0.6110026041666666 0.0087890625 0.024088541666666664
99 0.380615234375 0.6116536458333333 0.00830078125 0.022786458333333332
73 0.388916015625 0.6106770833333333 0.00830078125 0.0234375
73 0.397216796875 0.6116536458333333 0.00830078125 0.022786458333333332
74 0.40625 0.61328125 0.009765625 0.022135416666666664
172 0.3818359375 0.5657552083333333 0.025390625 0.02734375
15 0.38525390625 0.4384765625 0.017578125 0.030598958333333332
17 0.31591796875 0.3704427083333333 0.009765625 0.009114583333333332
17 0.32861328125 0.3694661458333333 0.0126953125 0.011067708333333332
