17 0.56103515625 0.3050130208333333 0.01171875 0.009765625
17 0.574951171875 0.3059895833333333 0.01318359375 0.010416666666666666
11 0.64990234375 0.34928385416666663 0.201171875 0.099609375
111 0.660888671875 0.5240885416666666 0.02099609375 0.028645833333333332
47 0.6318359375 0.5631510416666666 0.0087890625 0.022135416666666664
84 0.640380859375 0.5638020833333333 0.00927734375 0.020833333333333332
101 0.654052734375 0.5634765625 0.01025390625 0.021484375
73 0.66357421875 0.5647786458333333 0.0078125 0.020182291666666664
79 0.672119140625 0.5638020833333333 0.00830078125 0.0234375
79 0.6806640625 0.5638020833333333 0.0087890625 0.022135416666666664
76 0.6904296875 0.5651041666666666 0.0078125 0.0234375
18 0.660888671875 0.5621744791666666 0.07177734375 0.030598958333333332
1 0.644287109375 0.4163411458333333 0.29248046875 0.419921875
