17 0.35888671875 0.302734375 0.01171875 0.01171875
17 0.35986328125 0.31510416666666663 0.0126953125 0.010416666666666666
17 0.356201171875 0.3291015625 0.01123046875 0.009765625
11 0.429931640625 0.34830729166666663 0.21826171875 0.109375
150 0.421875 0.53515625 0.0322265625 0.022135416666666664
47 0.3935546875 0.6126302083333333 0.0078125 0.0234375
84 0.40185546875 0.6123046875 0.0087890625 0.022786458333333332
82 0.414794921875 0.6136067708333333 0.00830078125 0.022786458333333332
82 0.423583984375 0.6142578125 0.00927734375 0.024088541666666664
75 0.432861328125 0.6149088541666666 0.01025390625 0.025390625
76 0.442626953125 0.6145833333333333 0.00927734375 0.0234375
77 0.452392578125 0.6139322916666666 0.00830078125 0.020833333333333332
18 0.422607421875 0.6142578125 0.07080078125 0.027994791666666664
2 0.435546875 0.4270833333333333 0.30859375 0.4348958333333333
