118 0.62158203125 0.5595703125 0.0126953125 0.012369791666666666
47 0.595458984375 0.5904947916666666 0.00634765625 0.016927083333333332
84 0.603515625 0.5904947916666666 0.0068359375 0.016927083333333332
98 0.61474609375 0.5904947916666666 0.0068359375 0.015625
84 0.62255859375 0.5908203125 0.0068359375 0.016276041666666664
71 0.630859375 0.5908203125 0.0029296875 0.017578125
77 0.638916015625 0.5911458333333333 0.00732421875 0.016927083333333332
72 0.6474609375 0.5908203125 0.0068359375 0.017578125
18 0.62109375 0.5904947916666666 0.0625 0.026041666666666664
11 0.614990234375 0.4934895833333333 0.17236328125 0.06901041666666666
1 0.597412109375 0.5533854166666666 0.25830078125 0.31119791666666663
