119 0.394775390625 0.52734375 0.01513671875 0.016927083333333332
47 0.369384765625 0.5598958333333333 0.00537109375 0.014322916666666666
81 0.377685546875 0.5602213541666666 0.00634765625 0.016276041666666664
72 0.38818359375 0.5602213541666666 0.005859375 0.016276041666666664
76 0.39599609375 0.5602213541666666 0.005859375 0.016276041666666664
78 0.40380859375 0.5602213541666666 0.005859375 0.013671875
82 0.41162109375 0.5602213541666666 0.005859375 0.016276041666666664
104 0.419677734375 0.560546875 0.00537109375 0.016927083333333332
18 0.39501953125 0.5602213541666666 0.0595703125 0.025390625
17 0.33349609375 0.3616536458333333 0.0107421875 0.005859375
17 0.3310546875 0.3675130208333333 0.0068359375 0.003255208333333333
17 0.331298828125 0.3779296875 0.00830078125 0.004557291666666666
17 0.32958984375 0.39029947916666663 0.009765625 0.008463541666666666
11 0.392822265625 0.40397135416666663 0.16748046875 0.099609375
1 0.393310546875 0.462890625 0.24365234375 0.3515625
