17 0.489990234375 0.28971354166666663 0.01123046875 0.01171875
17 0.485595703125 0.302734375 0.01416015625 0.009114583333333332
16 0.53564453125 0.35514322916666663 0.0087890625 0.014973958333333332
16 0.55810546875 0.3548177083333333 0.0166015625 0.015625
15 0.506591796875 0.3564453125 0.02978515625 0.009765625
11 0.5654296875 0.32584635416666663 0.2138671875 0.08919270833333333
111 0.56689453125 0.513671875 0.0205078125 0.02734375
43 0.53564453125 0.5537109375 0.0087890625 0.022786458333333332
84 0.544921875 0.5537109375 0.009765625 0.021484375
99 0.55810546875 0.5550130208333333 0.0087890625 0.024088541666666664
99 0.56689453125 0.5546875 0.0087890625 0.0234375
76 0.576416015625 0.5550130208333333 0.00634765625 0.024088541666666664
78 0.5849609375 0.5550130208333333 0.009765625 0.020182291666666664
73 0.5947265625 0.5546875 0.009765625 0.020833333333333332
18 0.56591796875 0.5533854166666666 0.0693359375 0.028645833333333332
1 0.5673828125 0.40234375 0.2978515625 0.42578125
