17 0.4462890625 0.29752604166666663 0.013671875 0.010416666666666666
17 0.44384765625 0.30924479166666663 0.013671875 0.010416666666666666
11 0.51708984375 0.33365885416666663 0.1923828125 0.09700520833333333
111 0.51904296875 0.48795572916666663 0.021484375 0.026692708333333332
47 0.4912109375 0.5296223958333333 0.0087890625 0.020182291666666664
84 0.5 0.5296223958333333 0.0087890625 0.022786458333333332
83 0.51171875 0.5296223958333333 0.009765625 0.020182291666666664
97 0.52099609375 0.5289713541666666 0.0087890625 0.020182291666666664
73 0.529052734375 0.5286458333333333 0.00830078125 0.01953125
72 0.53857421875 0.5296223958333333 0.009765625 0.020182291666666664
75 0.5458984375 0.5276692708333333 0.0078125 0.020182291666666664
18 0.518310546875 0.5276692708333333 0.06591796875 0.024088541666666664
1 0.51904296875 0.3968098958333333 0.271484375 0.349609375
