47 0.552978515625 0.6647135416666666 0.00634765625 0.015625
84 0.560791015625 0.6595052083333333 0.00537109375 0.0078125
75 0.58056640625 0.6643880208333333 0.005859375 0.016276041666666664
79 0.588134765625 0.6647135416666666 0.00634765625 0.016927083333333332
73 0.595703125 0.6647135416666666 0.0068359375 0.016927083333333332
76 0.60400390625 0.6653645833333333 0.0068359375 0.015625
18 0.578369140625 0.6643880208333333 0.06201171875 0.026692708333333332
128 0.57958984375 0.587890625 0.0205078125 0.015625
17 0.509033203125 0.4114583333333333 0.00927734375 0.009114583333333332
17 0.50390625 0.4251302083333333 0.009765625 0.009114583333333332
17 0.521728515625 0.4114583333333333 0.00927734375 0.009114583333333332
17 0.52001953125 0.4202473958333333 0.009765625 0.011067708333333332
17 0.530517578125 0.41764322916666663 0.00537109375 0.007161458333333333
11 0.5751953125 0.4573567708333333 0.1826171875 0.12044270833333333
3 0.5673828125 0.5032552083333333 0.21875 0.41015625
144 0.415283203125 0.14876302083333331 0.02001953125 0.012369791666666666
47 0.4013671875 0.18131510416666666 0.0029296875 0.009765625
84 0.405517578125 0.18098958333333331 0.00439453125 0.010416666666666666
97 0.412109375 0.18131510416666666 0.00390625 0.009765625
98 0.4169921875 0.1806640625 0.00390625 0.009765625
78 0.421875 0.18033854166666666 0.00390625 0.009114583333333332
71 0.4267578125 0.18033854166666666 0.001953125 0.009114583333333332
77 0.431396484375 0.18001302083333331 0.00439453125 0.009765625
18 0.416259765625 0.18001302083333331 0.03759765625 0.016276041666666664
17 0.363037109375 0.05891927083333333 0.00732421875 0.004557291666666666
17 0.362548828125 0.06380208333333333 0.00732421875 0.00390625
17 0.371337890625 0.056315104166666664 0.00634765625 0.004557291666666666
17 0.3701171875 0.06184895833333333 0.0068359375 0.005208333333333333
17 0.37890625 0.0556640625 0.0068359375 0.003255208333333333
11 0.408447265625 0.07389322916666666 0.11865234375 0.048828125
1 0.40625 0.11588541666666666 0.1689453125 0.18880208333333331
