17 0.21826171875 0.291015625 0.01171875 0.014322916666666666
17 0.22998046875 0.294921875 0.01171875 0.013020833333333332
17 0.2197265625 0.3076171875 0.0166015625 0.012369791666666666
11 0.281982421875 0.3294270833333333 0.19189453125 0.10286458333333333
128 0.273193359375 0.4814453125 0.02392578125 0.017578125
43 0.24609375 0.5638020833333333 0.0087890625 0.01953125
84 0.25537109375 0.5634765625 0.0087890625 0.022786458333333332
83 0.26611328125 0.5638020833333333 0.009765625 0.0234375
102 0.275390625 0.5638020833333333 0.0078125 0.0234375
78 0.2841796875 0.5638020833333333 0.009765625 0.0234375
77 0.29443359375 0.564453125 0.009765625 0.022135416666666664
71 0.302001953125 0.5647786458333333 0.00732421875 0.021484375
18 0.273681640625 0.5631510416666666 0.06787109375 0.029947916666666664
3 0.2822265625 0.3811848958333333 0.2744140625 0.4602864583333333
