2 0.7607421875 0.4202473958333333 0.30078125 0.462890625
143 0.783935546875 0.5289713541666666 0.03662109375 0.035807291666666664
11 0.76220703125 0.34635416666666663 0.2001953125 0.109375
18 0.78515625 0.5921223958333333 0.0654296875 0.029296875
47 0.75732421875 0.5940755208333333 0.0078125 0.024088541666666664
83 0.766357421875 0.5914713541666666 0.01025390625 0.024088541666666664
88 0.778076171875 0.5921223958333333 0.00927734375 0.025390625
82 0.787109375 0.5927734375 0.0068359375 0.024088541666666664
80 0.795166015625 0.5914713541666666 0.00927734375 0.024088541666666664
80 0.812744140625 0.5934244791666666 0.00830078125 0.022786458333333332
75 0.8046875 0.5927734375 0.0078125 0.024088541666666664
17 0.6806640625 0.3059895833333333 0.0107421875 0.013020833333333332
17 0.6767578125 0.31998697916666663 0.01171875 0.011067708333333332
17 0.694091796875 0.3046875 0.01025390625 0.013020833333333332
17 0.706787109375 0.3040364583333333 0.01416015625 0.014322916666666666
17 0.720947265625 0.30338541666666663 0.01220703125 0.014322916666666666
17 0.73388671875 0.3037109375 0.01171875 0.017578125
