7 0.42431640625 0.44 0.158203125 0.40375
17 0.049560546875 0.074375 0.01220703125 0.01125
17 0.063720703125 0.07187500000000001 0.01513671875 0.01
17 0.044921875 0.08750000000000001 0.0146484375 0.01125
11 0.123779296875 0.111875 0.24755859375 0.12
43 0.055908203125 0.390625 0.00927734375 0.0225
81 0.065673828125 0.3903125 0.00927734375 0.021875000000000002
74 0.078857421875 0.39 0.00927734375 0.02125
74 0.088134765625 0.3896875 0.00927734375 0.023125
92 0.097412109375 0.3896875 0.00927734375 0.023125
98 0.10693359375 0.38906250000000003 0.0087890625 0.023125
77 0.116455078125 0.3884375 0.00830078125 0.021875000000000002
18 0.08642578125 0.389375 0.0751953125 0.0325
1 0.166259765625 0.2134375 0.33251953125 0.426875
