114 0.437744140625 0.560546875 0.01611328125 0.013020833333333332
47 0.412109375 0.611328125 0.005859375 0.015625
84 0.419677734375 0.6106770833333333 0.00732421875 0.016927083333333332
82 0.43115234375 0.611328125 0.0068359375 0.015625
99 0.439208984375 0.611328125 0.00634765625 0.015625
71 0.447265625 0.6110026041666666 0.0029296875 0.016276041666666664
78 0.455322265625 0.6116536458333333 0.00634765625 0.016276041666666664
77 0.463623046875 0.6106770833333333 0.00634765625 0.016927083333333332
18 0.437744140625 0.611328125 0.06103515625 0.026041666666666664
17 0.369140625 0.38834635416666663 0.009765625 0.007161458333333333
17 0.371337890625 0.3782552083333333 0.00927734375 0.0078125
16 0.43701171875 0.44303385416666663 0.0146484375 0.009765625
14 0.431884765625 0.40690104166666663 0.00830078125 0.03515625
11 0.435546875 0.41959635416666663 0.1884765625 0.10872395833333333
1 0.43505859375 0.48209635416666663 0.2548828125 0.34440104166666663
