121 0.474365234375 0.6259765625 0.02099609375 0.009765625
84 0.456787109375 0.6806640625 0.00634765625 0.014973958333333332
82 0.468505859375 0.6809895833333333 0.00634765625 0.016927083333333332
97 0.476806640625 0.681640625 0.00634765625 0.016927083333333332
77 0.48486328125 0.6813151041666666 0.0068359375 0.017578125
78 0.493408203125 0.6813151041666666 0.00634765625 0.016276041666666664
76 0.501708984375 0.6813151041666666 0.00634765625 0.018880208333333332
18 0.4775390625 0.6803385416666666 0.0556640625 0.020833333333333332
17 0.39404296875 0.4798177083333333 0.01171875 0.010416666666666666
17 0.391357421875 0.49967447916666663 0.01025390625 0.011067708333333332
17 0.39111328125 0.4905598958333333 0.0068359375 0.005859375
11 0.4697265625 0.49609375 0.1953125 0.10546875
1 0.470458984375 0.5533854166666666 0.22509765625 0.33984375
112 0.43212890625 0.11946614583333333 0.01171875 0.013671875
47 0.419189453125 0.14420572916666666 0.00244140625 0.008463541666666666
80 0.42333984375 0.14420572916666666 0.00390625 0.009765625
105 0.4296875 0.14388020833333331 0.00390625 0.009114583333333332
79 0.43408203125 0.14290364583333331 0.0029296875 0.009765625
79 0.438720703125 0.14322916666666666 0.00341796875 0.009114583333333332
77 0.443359375 0.14290364583333331 0.00390625 0.009765625
72 0.447998046875 0.14322916666666666 0.00439453125 0.010416666666666666
18 0.433837890625 0.14322916666666666 0.03564453125 0.015625
16 0.421142578125 0.05696614583333333 0.00732421875 0.009765625
11 0.421630859375 0.044596354166666664 0.11376953125 0.051432291666666664
1 0.4189453125 0.08951822916666666 0.16015625 0.17252604166666666
