35 0.376220703125 0.7298177083333333 0.00830078125 0.01953125
85 0.386962890625 0.7291666666666666 0.00732421875 0.020833333333333332
78 0.401123046875 0.7298177083333333 0.00732421875 0.01953125
99 0.41162109375 0.7298177083333333 0.0087890625 0.01953125
71 0.421875 0.7298177083333333 0.0029296875 0.022135416666666664
80 0.4326171875 0.7294921875 0.0078125 0.020182291666666664
98 0.443115234375 0.7291666666666666 0.00732421875 0.020833333333333332
18 0.41015625 0.7291666666666666 0.080078125 0.033854166666666664
17 0.3203125 0.42936197916666663 0.009765625 0.008463541666666666
17 0.334716796875 0.4290364583333333 0.01123046875 0.009114583333333332
17 0.3515625 0.4300130208333333 0.0126953125 0.009765625
17 0.3173828125 0.44108072916666663 0.013671875 0.012369791666666666
17 0.31396484375 0.45572916666666663 0.0146484375 0.014322916666666666
11 0.407470703125 0.4710286458333333 0.24072265625 0.12955729166666666
2 0.40771484375 0.544921875 0.330078125 0.5546875
