7 0.375244140625 0.573125 0.13623046875 0.41125
180 0.76708984375 0.0521875 0.03125 0.041875
43 0.746826171875 0.115625 0.00634765625 0.015
81 0.753662109375 0.11625 0.00634765625 0.01625
75 0.76220703125 0.115625 0.005859375 0.01625
98 0.7685546875 0.1153125 0.005859375 0.015625
90 0.775390625 0.1153125 0.0068359375 0.015625
76 0.78173828125 0.114375 0.005859375 0.015
78 0.7880859375 0.1146875 0.005859375 0.014375
18 0.767822265625 0.1159375 0.05126953125 0.023125
2 0.7451171875 0.0725 0.23046875 0.145
