17 0.4443359375 0.31705729166666663 0.0126953125 0.010416666666666666
14 0.5419921875 0.3587239583333333 0.0078125 0.0546875
16 0.5400390625 0.3938802083333333 0.009765625 0.016927083333333332
11 0.541259765625 0.3557942708333333 0.23486328125 0.111328125
122 0.55126953125 0.5266927083333333 0.033203125 0.018229166666666664
47 0.5224609375 0.5973307291666666 0.0078125 0.018880208333333332
90 0.531982421875 0.5963541666666666 0.00927734375 0.01953125
106 0.543212890625 0.5963541666666666 0.00927734375 0.020833333333333332
98 0.552490234375 0.5963541666666666 0.00927734375 0.024739583333333332
73 0.561279296875 0.5970052083333333 0.00927734375 0.024739583333333332
73 0.5712890625 0.5973307291666666 0.0078125 0.021484375
72 0.58056640625 0.5970052083333333 0.0087890625 0.020833333333333332
18 0.55078125 0.5947265625 0.0693359375 0.027994791666666664
2 0.5380859375 0.4270833333333333 0.341796875 0.4817708333333333
