7 0.05809507978723404 0.5077369439071566 0.07463430851063829 0.48065764023210833
7 0.5572639627659575 0.5091876208897486 0.07962101063829786 0.47775628626692457
7 0.19539561170212766 0.12911025145067698 0.0460438829787234 0.25822050290135395
7 0.3874667553191489 0.17263056092843326 0.049867021276595744 0.3452611218568665
7 0.6965591755319149 0.12983558994197292 0.04870345744680851 0.25967117988394584
7 0.8870511968085106 0.17359767891682784 0.051695478723404256 0.3471953578336557
18 0.5501163563829787 0.022969052224371372 0.028756648936170214 0.028529980657640234
1 0.5604222074468085 0.0362669245647969 0.08992686170212766 0.0725338491295938
18 0.051030585106382975 0.022243713733075435 0.027925531914893616 0.027079303675048357
1 0.06067154255319149 0.04013539651837524 0.0894281914893617 0.08027079303675048
