7 0.386962890625 0.2015625 0.10986328125 0.320625
112 0.501953125 0.035312500000000004 0.0185546875 0.018125
43 0.48095703125 0.06875 0.0068359375 0.0175
81 0.488037109375 0.06875 0.00732421875 0.01875
80 0.497802734375 0.0678125 0.00732421875 0.015625
74 0.50537109375 0.068125 0.0068359375 0.0175
84 0.51220703125 0.0671875 0.0068359375 0.018125
85 0.51904296875 0.0659375 0.0078125 0.016875
83 0.52685546875 0.065625 0.0068359375 0.0175
18 0.50390625 0.068125 0.0576171875 0.02625
2 0.477783203125 0.0584375 0.24658203125 0.116875
