7 0.403076171875 0.36562500000000003 0.12744140625 0.44625000000000004
17 0.0498046875 0.07375 0.01171875 0.01125
17 0.064453125 0.07125000000000001 0.013671875 0.01
17 0.046142578125 0.0871875 0.01611328125 0.013125
11 0.12353515625 0.11125 0.2470703125 0.11875000000000001
43 0.056640625 0.39125 0.0087890625 0.02125
81 0.065185546875 0.39125 0.00830078125 0.02125
74 0.078857421875 0.39 0.00830078125 0.02125
74 0.087890625 0.3896875 0.0087890625 0.021875000000000002
92 0.09765625 0.389375 0.0087890625 0.02125
98 0.10693359375 0.389375 0.009765625 0.0225
77 0.116455078125 0.38875 0.00732421875 0.02125
18 0.086181640625 0.390625 0.07470703125 0.03375
1 0.166259765625 0.213125 0.33251953125 0.42625
