111 0.55419921875 0.5725911458333333 0.021484375 0.029296875
47 0.52392578125 0.6136067708333333 0.0068359375 0.017578125
84 0.533203125 0.61328125 0.0068359375 0.018229166666666664
101 0.546142578125 0.6145833333333333 0.00732421875 0.018229166666666664
73 0.55517578125 0.6142578125 0.0068359375 0.018880208333333332
79 0.564453125 0.6145833333333333 0.0068359375 0.018229166666666664
79 0.573974609375 0.615234375 0.00634765625 0.01953125
77 0.583251953125 0.6145833333333333 0.00732421875 0.01953125
18 0.55322265625 0.61328125 0.0712890625 0.03125
16 0.526123046875 0.41764322916666663 0.02783203125 0.022786458333333332
12 0.48779296875 0.36490885416666663 0.0380859375 0.020182291666666664
17 0.458984375 0.376953125 0.0126953125 0.010416666666666666
17 0.4541015625 0.38932291666666663 0.0107421875 0.010416666666666666
11 0.54541015625 0.400390625 0.2109375 0.11458333333333333
1 0.545654296875 0.45865885416666663 0.28955078125 0.427734375
