142 0.640869140625 0.5166015625 0.01123046875 0.013671875
47 0.61474609375 0.5514322916666666 0.005859375 0.016927083333333332
84 0.62255859375 0.5514322916666666 0.005859375 0.016927083333333332
87 0.633544921875 0.55078125 0.00634765625 0.015625
105 0.6416015625 0.546875 0.005859375 0.010416666666666666
75 0.649169921875 0.5504557291666666 0.00634765625 0.014973958333333332
79 0.656982421875 0.5514322916666666 0.00634765625 0.016927083333333332
72 0.664794921875 0.5517578125 0.00732421875 0.016276041666666664
18 0.6396484375 0.5517578125 0.0595703125 0.025390625
11 0.6396484375 0.4554036458333333 0.15625 0.06705729166666666
1 0.606201171875 0.5152994791666666 0.27587890625 0.2962239583333333
