17 0.299560546875 0.09016927083333333 0.01123046875 0.016276041666666664
17 0.301025390625 0.10319010416666666 0.01025390625 0.008463541666666666
17 0.309814453125 0.10807291666666666 0.01220703125 0.013020833333333332
17 0.2919921875 0.11360677083333333 0.01171875 0.009765625
17 0.290283203125 0.126953125 0.01025390625 0.013020833333333332
17 0.302734375 0.12532552083333331 0.009765625 0.013671875
17 0.3154296875 0.12532552083333331 0.009765625 0.014973958333333332
17 0.314453125 0.14192708333333331 0.0107421875 0.013020833333333332
17 0.2880859375 0.1416015625 0.01171875 0.014973958333333332
17 0.300048828125 0.14029947916666666 0.01123046875 0.013671875
11 0.4482421875 0.22493489583333331 0.34375 0.283203125
216 0.44287109375 0.4680989583333333 0.0302734375 0.029947916666666664
47 0.41357421875 0.5533854166666666 0.0068359375 0.018229166666666664
84 0.421630859375 0.5533854166666666 0.00830078125 0.020833333333333332
83 0.433837890625 0.5533854166666666 0.00830078125 0.020833333333333332
80 0.4423828125 0.5533854166666666 0.0087890625 0.020833333333333332
71 0.450927734375 0.552734375 0.00634765625 0.022135416666666664
75 0.46044921875 0.5533854166666666 0.0087890625 0.020833333333333332
79 0.468505859375 0.5533854166666666 0.00830078125 0.020833333333333332
18 0.44140625 0.552734375 0.0654296875 0.0234375
4 0.439208984375 0.2952473958333333 0.41845703125 0.5891927083333333
11 0.824951171875 0.045572916666666664 0.11767578125 0.07291666666666666
6 0.808349609375 0.12174479166666666 0.19189453125 0.23697916666666666
