11 0.18132242672119975 0.5780532598714417 0.24130879345603273 0.14049586776859505
128 0.18302658486707568 0.669880624426079 0.03612815269256987 0.028466483011937556
47 0.1554192229038855 0.7327823691460055 0.010906612133605999 0.025711662075298437
84 0.1663258350374915 0.7337006427915519 0.00954328561690525 0.025711662075298437
85 0.18098159509202455 0.731404958677686 0.011588275391956374 0.02662993572084481
103 0.19120654396728018 0.7309458218549127 0.008861622358554875 0.023875114784205693
79 0.20211315610088618 0.7295684113865932 0.008861622358554875 0.024793388429752067
78 0.21267893660531698 0.72910927456382 0.010906612133605999 0.025711662075298437
76 0.2225630538513974 0.7281910009182736 0.011588275391956374 0.025711662075298437
18 0.18916155419222905 0.7304866850321395 0.08384458077709611 0.04132231404958678
3 0.22358554873892297 0.5858585858585859 0.3449216087252897 0.5307621671258035
