205 0.449951171875 0.4964192708333333 0.03173828125 0.009765625
42 0.4248046875 0.5390625 0.005859375 0.015625
94 0.4326171875 0.5390625 0.005859375 0.015625
80 0.44287109375 0.5390625 0.005859375 0.015625
86 0.450927734375 0.5390625 0.00634765625 0.015625
74 0.4580078125 0.5393880208333333 0.005859375 0.014973958333333332
75 0.4658203125 0.5390625 0.0048828125 0.015625
79 0.473388671875 0.5397135416666666 0.00537109375 0.015625
18 0.4482421875 0.5364583333333333 0.0576171875 0.022135416666666664
14 0.448486328125 0.3548177083333333 0.00634765625 0.03645833333333333
17 0.393798828125 0.31608072916666663 0.00927734375 0.009765625
17 0.380126953125 0.32096354166666663 0.01123046875 0.009114583333333332
17 0.379638671875 0.3333333333333333 0.01025390625 0.010416666666666666
17 0.377685546875 0.3450520833333333 0.01123046875 0.009114583333333332
17 0.375732421875 0.3577473958333333 0.01025390625 0.009765625
11 0.4453125 0.3525390625 0.1796875 0.09700520833333333
6 0.447509765625 0.4182942708333333 0.25732421875 0.3470052083333333
