7 0.2222406914893617 0.5268375241779497 0.07313829787234043 0.49081237911025144
7 0.4183843085106383 0.5437620889748549 0.05319148936170213 0.4811411992263056
7 0.35679853723404253 0.05415860735009671 0.03440824468085106 0.10831721470019343
7 0.7239029255319149 0.5292553191489362 0.07147606382978723 0.48500967117988397
7 0.9187167553191489 0.5413442940038685 0.0538563829787234 0.47050290135396516
7 0.8567985372340425 0.05488394584139265 0.0347406914893617 0.1097678916827853
11 0.5375664893617021 0.09501934235976789 0.07579787234042552 0.14845261121856868
111 0.5207779255319149 0.29134429400386846 0.011968085106382979 0.0362669245647969
43 0.5076462765957447 0.33679883945841393 0.003989361702127659 0.024661508704061894
83 0.5123836436170213 0.33631528046421666 0.0044880319148936166 0.022727272727272728
90 0.5184507978723404 0.33583172147001933 0.004321808510638298 0.022727272727272728
76 0.522689494680851 0.3351063829787234 0.004155585106382979 0.025145067698259187
76 0.53125 0.3341392649903288 0.003989361702127659 0.022243713733075435
76 0.535654920212766 0.3341392649903288 0.0038231382978723403 0.022243713733075435
71 0.5270113031914894 0.33462282398452614 0.0028257978723404253 0.024177949709864605
18 0.5219414893617021 0.33462282398452614 0.03623670212765957 0.04061895551257253
1 0.5495345744680851 0.20406189555125726 0.09973404255319149 0.3839458413926499
2 0.5535239361702128 0.07688588007736943 0.10139627659574468 0.15377176015473887
11 0.037732712765957445 0.09429400386847195 0.07546542553191489 0.14990328820116056
111 0.02127659574468085 0.29134429400386846 0.013297872340425532 0.035299806576402325
43 0.008061835106382979 0.33776595744680854 0.0044880319148936166 0.022727272727272728
83 0.012134308510638297 0.33607350096711797 0.003989361702127659 0.02321083172147002
90 0.018284574468085107 0.33583172147001933 0.003989361702127659 0.022727272727272728
76 0.022689494680851064 0.3351063829787234 0.0044880319148936166 0.024177949709864605
76 0.03141622340425532 0.3338974854932302 0.004321808510638298 0.022727272727272728
76 0.03548869680851064 0.33317214700193426 0.0038231382978723403 0.024177949709864605
71 0.02734375 0.33438104448742745 0.0038231382978723403 0.023694390715667313
18 0.02169215425531915 0.3348646034816248 0.035738031914893616 0.04206963249516441
1 0.04970079787234043 0.2016441005802708 0.09940159574468085 0.37620889748549324
2 0.053773271276595744 0.07591876208897486 0.10123005319148935 0.1518375241779497
