113 0.5283582089552239 0.46627373935821875 0.01791044776119403 0.019646365422396856
47 0.49850746268656715 0.5268500327439424 0.007164179104477612 0.015062213490504257
84 0.5074626865671642 0.5265225933202358 0.007164179104477612 0.015717092337917488
85 0.5202985074626866 0.5268500327439424 0.007761194029850746 0.016371971185330715
75 0.5295522388059701 0.5268500327439424 0.007164179104477612 0.015062213490504257
76 0.5382089552238806 0.5268500327439424 0.007761194029850746 0.015062213490504257
77 0.5480597014925374 0.5265225933202358 0.007164179104477612 0.015717092337917488
75 0.5570149253731344 0.5268500327439424 0.007164179104477612 0.015062213490504257
18 0.5277611940298508 0.5265225933202358 0.06925373134328358 0.023575638506876228
17 0.43671641791044774 0.29960707269155207 0.01253731343283582 0.009823182711198428
17 0.4513432835820896 0.2973149967256058 0.011940298507462687 0.0091683038637852
17 0.4343283582089552 0.30844793713163066 0.011343283582089553 0.0091683038637852
17 0.4501492537313433 0.30812049770792405 0.013134328358208956 0.008513425016371971
11 0.5223880597014925 0.33628028814669286 0.2244776119402985 0.10281597904387689
2 0.5182089552238806 0.3994760969220694 0.3176119402985075 0.36804191224623445
