7 0.5986535904255319 0.5889748549323017 0.0945811170212766 0.48065764023210833
7 0.09765625 0.5911508704061895 0.09624335106382978 0.4859767891682785
11 0.0378158244680851 0.09743713733075435 0.0756316489361702 0.15425531914893617
111 0.02086103723404255 0.2915860735009671 0.01180186170212766 0.0367504835589942
43 0.007646276595744681 0.33631528046421666 0.004654255319148936 0.022727272727272728
83 0.012134308510638297 0.33679883945841393 0.004321808510638298 0.022727272727272728
90 0.018450797872340424 0.3355899419729207 0.003989361702127659 0.024177949709864605
76 0.022606382978723402 0.33438104448742745 0.004321808510638298 0.023694390715667313
76 0.03141622340425532 0.3338974854932302 0.004321808510638298 0.024661508704061894
76 0.03565492021276596 0.33293036750483557 0.004155585106382979 0.02562862669245648
71 0.02701130319148936 0.3338974854932302 0.004155585106382979 0.024661508704061894
18 0.02152593085106383 0.33534816247582205 0.03640292553191489 0.04013539651837524
1 0.049451462765957445 0.20188588007736943 0.09890292553191489 0.3718568665377176
2 0.05269281914893617 0.07688588007736943 0.10305851063829786 0.15570599613152805
11 0.23179853723404253 0.9240812379110251 0.1700465425531915 0.09477756286266925
1 0.23238031914893617 0.8430851063829787 0.21309840425531915 0.2548355899419729
11 0.7322972074468085 0.9221470019342359 0.16938164893617022 0.09671179883945842
1 0.7324634308510638 0.8430851063829787 0.2119348404255319 0.25290135396518376
11 0.5375664893617021 0.09647001934235977 0.07480053191489361 0.1513539651837524
111 0.5207779255319149 0.2908607350096712 0.013297872340425532 0.03723404255319149
43 0.5076462765957447 0.3365570599613153 0.003989361702127659 0.02321083172147002
83 0.512217420212766 0.3372823984526112 0.004820478723404255 0.024661508704061894
90 0.5184507978723404 0.33583172147001933 0.004321808510638298 0.023694390715667313
76 0.5226063829787234 0.33438104448742745 0.003989361702127659 0.023694390715667313
76 0.5311668882978723 0.3341392649903288 0.0044880319148936166 0.024177949709864605
76 0.535654920212766 0.33365570599613154 0.004155585106382979 0.024177949709864605
71 0.5266788563829787 0.3338974854932302 0.0038231382978723403 0.024661508704061894
18 0.5212765957446809 0.3348646034816248 0.036569148936170214 0.04110251450676983
1 0.5498670212765957 0.20357833655705995 0.09940159574468085 0.3733075435203095
2 0.5523603723404256 0.0756769825918762 0.10305851063829786 0.1513539651837524
7 0.38638630319148937 0.11194390715667311 0.0590093085106383 0.22388781431334623
7 0.8854720744680851 0.11097678916827854 0.0581781914893617 0.22195357833655707
