8 0.6563331117021276 0.5106382978723404 0.07263962765957446 0.49806576402321084
8 0.1580784574468085 0.5091876208897486 0.07546542553191489 0.48936170212765956
11 0.5374833776595744 0.09574468085106383 0.07596409574468085 0.15087040618955513
111 0.5209441489361702 0.2911025145067698 0.012632978723404254 0.0367504835589942
43 0.5077293882978723 0.33679883945841393 0.0044880319148936166 0.024661508704061894
83 0.5119680851063829 0.3355899419729207 0.003989361702127659 0.025145067698259187
90 0.5185339095744681 0.33607350096711797 0.004155585106382979 0.024177949709864605
76 0.522689494680851 0.3351063829787234 0.004155585106382979 0.022243713733075435
76 0.5314162234042553 0.33438104448742745 0.003989361702127659 0.023694390715667313
76 0.5357380319148936 0.3338974854932302 0.003989361702127659 0.023694390715667313
71 0.526845079787234 0.3338974854932302 0.003490691489361702 0.023694390715667313
18 0.5215259308510638 0.3341392649903288 0.036070478723404256 0.04061895551257253
1 0.5493683510638298 0.20091876208897486 0.10006648936170212 0.3718568665377176
2 0.5521941489361702 0.07616054158607351 0.10339095744680851 0.15232108317214701
11 0.0378158244680851 0.09574468085106383 0.0756316489361702 0.1518375241779497
111 0.020944148936170214 0.2915860735009671 0.012965425531914893 0.0367504835589942
43 0.007563164893617021 0.33704061895551257 0.004155585106382979 0.022243713733075435
83 0.012051196808510639 0.33583172147001933 0.004155585106382979 0.024661508704061894
90 0.018533909574468085 0.3348646034816248 0.0038231382978723403 0.023694390715667313
76 0.022689494680851064 0.33534816247582205 0.0044880319148936166 0.024661508704061894
76 0.031166888297872338 0.3341392649903288 0.0044880319148936166 0.022243713733075435
76 0.03548869680851064 0.3341392649903288 0.004155585106382979 0.027079303675048357
71 0.026845079787234043 0.3341392649903288 0.0038231382978723403 0.027079303675048357
18 0.02152593085106383 0.33365570599613154 0.03640292553191489 0.03868471953578337
1 0.0499501329787234 0.2021276595744681 0.0999002659574468 0.37524177949709864
2 0.052942154255319146 0.07712765957446809 0.10289228723404255 0.15425531914893617
