11 0.19808201058201058 0.55701394585726 0.21626984126984125 0.118129614438064
111 0.18783068783068782 0.6735028712059066 0.022486772486772486 0.024610336341263334
42 0.16005291005291006 0.7087776866283839 0.009259259259259259 0.019688269073010665
94 0.16997354497354497 0.7091878589007383 0.009259259259259259 0.01886792452830189
79 0.18353174603174602 0.7087776866283839 0.008597883597883597 0.019688269073010665
75 0.2037037037037037 0.7063166529942576 0.010582010582010581 0.01804757998359311
73 0.2136243386243386 0.7054963084495488 0.009259259259259259 0.021328958162428222
78 0.22354497354497355 0.7054963084495488 0.009259259259259259 0.021328958162428222
81 0.19378306878306878 0.7075471698113208 0.010582010582010581 0.020508613617719443
18 0.19345238095238093 0.7095980311730927 0.08002645502645503 0.029532403609516
11 0.7764550264550264 0.12592288761279738 0.16005291005291006 0.081214109926169
128 0.7817460317460317 0.17719442165709598 0.02513227513227513 0.016406890894175553
47 0.7615740740740741 0.21616078753076293 0.005952380952380952 0.01394585726004922
84 0.7678571428571428 0.21657095980311733 0.006613756613756613 0.013125512715340444
77 0.7916666666666666 0.21452009844134537 0.006613756613756613 0.015586546349466776
78 0.7843915343915343 0.214109926168991 0.006613756613756613 0.014766201804758
79 0.8048941798941799 0.2136997538966366 0.005291005291005291 0.01394585726004922
72 0.7989417989417988 0.2136997538966366 0.006613756613756613 0.01394585726004922
104 0.7781084656084656 0.21575061525840855 0.007275132275132275 0.014766201804758
18 0.783068783068783 0.21452009844134537 0.05423280423280423 0.020508613617719443
3 0.7546296296296295 0.15914684167350288 0.23412698412698413 0.29532403609516
1 0.23015873015873015 0.5943396226415095 0.33597883597883593 0.4273995077932732
