17 0.3837890625 0.4072265625 0.01171875 0.012369791666666666
17 0.380615234375 0.41764322916666663 0.00830078125 0.011067708333333332
11 0.471923828125 0.4456380208333333 0.20751953125 0.10611979166666666
47 0.435791015625 0.6793619791666666 0.00732421875 0.024088541666666664
84 0.44580078125 0.6787109375 0.009765625 0.020182291666666664
101 0.4580078125 0.6790364583333333 0.0107421875 0.024739583333333332
75 0.46826171875 0.6796875 0.0087890625 0.022135416666666664
75 0.478271484375 0.6809895833333333 0.01025390625 0.024739583333333332
75 0.4970703125 0.6813151041666666 0.009765625 0.025390625
78 0.487548828125 0.6793619791666666 0.00927734375 0.024088541666666664
18 0.466552734375 0.6790364583333333 0.07568359375 0.03255208333333333
1 0.4716796875 0.5143229166666666 0.291015625 0.4270833333333333
