150 0.536376953125 0.5133463541666666 0.03271484375 0.020182291666666664
47 0.5078125 0.58984375 0.0068359375 0.018229166666666664
84 0.516845703125 0.5901692708333333 0.00634765625 0.016276041666666664
82 0.529296875 0.5901692708333333 0.0068359375 0.017578125
82 0.5380859375 0.5908203125 0.0068359375 0.017578125
75 0.54736328125 0.5901692708333333 0.0068359375 0.018880208333333332
76 0.555908203125 0.5904947916666666 0.00732421875 0.016927083333333332
77 0.565185546875 0.5901692708333333 0.00732421875 0.017578125
18 0.536376953125 0.58984375 0.06982421875 0.029947916666666664
17 0.450927734375 0.28287760416666663 0.01123046875 0.007161458333333333
17 0.450927734375 0.29361979166666663 0.01025390625 0.009114583333333332
17 0.448974609375 0.3069661458333333 0.01220703125 0.011067708333333332
11 0.529052734375 0.3313802083333333 0.22314453125 0.12239583333333333
2 0.527099609375 0.4091796875 0.30712890625 0.443359375
