1 0.25634765625 0.324375 0.1455078125 0.315
17 0.753173828125 0.0271875 0.00830078125 0.008125
17 0.75244140625 0.03625 0.01171875 0.00875
17 0.75048828125 0.045 0.0107421875 0.00875
11 0.82421875 0.0565625 0.1787109375 0.088125
16 0.82666015625 0.074375 0.01171875 0.0125
113 0.8505859375 0.1859375 0.0166015625 0.020625
43 0.82861328125 0.22 0.0068359375 0.01625
81 0.835205078125 0.2203125 0.00732421875 0.018125
76 0.84521484375 0.2190625 0.005859375 0.016875
72 0.85205078125 0.2196875 0.0068359375 0.016875
84 0.859375 0.21875 0.0068359375 0.01625
86 0.866455078125 0.2190625 0.00634765625 0.016875
75 0.874267578125 0.218125 0.00634765625 0.0175
18 0.850341796875 0.2190625 0.06005859375 0.028125
2 0.813720703125 0.1296875 0.27099609375 0.259375
