113 0.310546875 0.5227864583333333 0.0185546875 0.0234375
47 0.285400390625 0.55859375 0.00537109375 0.015625
84 0.292724609375 0.55859375 0.00634765625 0.015625
84 0.303955078125 0.5595703125 0.00634765625 0.016276041666666664
99 0.311767578125 0.5595703125 0.00537109375 0.016276041666666664
72 0.320068359375 0.5602213541666666 0.00634765625 0.016276041666666664
73 0.3271484375 0.5595703125 0.005859375 0.014973958333333332
77 0.335205078125 0.5598958333333333 0.00634765625 0.015625
18 0.310302734375 0.5592447916666666 0.06005859375 0.02734375
17 0.245361328125 0.35416666666666663 0.00830078125 0.006510416666666666
17 0.26123046875 0.3544921875 0.0068359375 0.007161458333333333
11 0.31298828125 0.3889973958333333 0.17578125 0.08919270833333333
1 0.31201171875 0.4485677083333333 0.24609375 0.30729166666666663
