111 0.383544921875 0.08854166666666666 0.01123046875 0.015625
47 0.369384765625 0.1083984375 0.00244140625 0.008463541666666666
84 0.3740234375 0.10904947916666666 0.00390625 0.009765625
101 0.38037109375 0.10872395833333333 0.0048828125 0.010416666666666666
73 0.385009765625 0.10904947916666666 0.00341796875 0.009765625
75 0.389404296875 0.10904947916666666 0.00341796875 0.009765625
76 0.393798828125 0.109375 0.00341796875 0.009114583333333332
76 0.3984375 0.11002604166666666 0.00390625 0.010416666666666666
18 0.3837890625 0.10872395833333333 0.0361328125 0.015625
15 0.355712890625 0.029947916666666664 0.00830078125 0.01171875
17 0.33837890625 0.0006510416666666666 0.0048828125 0.0013020833333333333
11 0.379638671875 0.0205078125 0.10693359375 0.041015625
1 0.378662109375 0.07291666666666666 0.14794921875 0.14583333333333331
18 0.34814453125 0.7115885416666666 0.060546875 0.024739583333333332
11 0.345458984375 0.51171875 0.18505859375 0.11848958333333333
3 0.350341796875 0.5719401041666666 0.25830078125 0.39908854166666663
