142 0.47607421875 0.484375 0.03125 0.03515625
47 0.4462890625 0.5729166666666666 0.0068359375 0.01953125
84 0.454345703125 0.572265625 0.00634765625 0.01953125
101 0.468017578125 0.5729166666666666 0.00830078125 0.01953125
71 0.476318359375 0.5735677083333333 0.00244140625 0.01953125
77 0.48583984375 0.5729166666666666 0.0068359375 0.01953125
72 0.494384765625 0.5732421875 0.00732421875 0.020182291666666664
80 0.50341796875 0.5735677083333333 0.0078125 0.01953125
18 0.474365234375 0.5725911458333333 0.06591796875 0.027994791666666664
15 0.610595703125 0.3564453125 0.02783203125 0.027994791666666664
12 0.556640625 0.201171875 0.0849609375 0.026041666666666664
17 0.343994140625 0.1953125 0.01220703125 0.014322916666666666
17 0.331787109375 0.2109375 0.01220703125 0.014322916666666666
17 0.31689453125 0.21028645833333331 0.0087890625 0.013020833333333332
11 0.477294921875 0.2561848958333333 0.36279296875 0.30533854166666663
4 0.47705078125 0.294921875 0.4375 0.5911458333333333
