7 0.19905252659574468 0.6716634429400387 0.09557845744680851 0.5531914893617021
7 0.6996343085106382 0.6731141199226306 0.09740691489361702 0.5444874274661509
11 0.020611702127659573 0.3131044487427466 0.041223404255319146 0.1590909090909091
11 0.5209441489361702 0.31262088974854935 0.04222074468085106 0.16005802707930367
2 0.5353224734042553 0.4185203094777563 0.07097739361702128 0.543036750483559
2 0.0355718085106383 0.4158607350096712 0.0711436170212766 0.5415860735009671
100 0.046708776595744676 0.0892166344294004 0.004321808510638298 0.017891682785299807
71 0.0503656914893617 0.08849129593810445 0.002327127659574468 0.019342359767891684
93 0.053773271276595744 0.08994197292069632 0.004155585106382979 0.02321083172147002
78 0.05743018617021276 0.08873307543520309 0.0031582446808510636 0.020793036750483558
77 0.06100398936170213 0.08679883945841392 0.003324468085106383 0.021760154738878143
18 0.049119015957446804 0.08800773694390716 0.028424202127659573 0.027079303675048357
2 0.0542719414893617 0.0766441005802708 0.09956781914893617 0.1532882011605416
100 0.5467918882978723 0.0892166344294004 0.003490691489361702 0.019825918762088977
71 0.550282579787234 0.08970019342359768 0.002160904255319149 0.018858800773694392
93 0.5537732712765957 0.0892166344294004 0.0038231382978723403 0.019825918762088977
78 0.5576795212765957 0.0882495164410058 0.0036569148936170214 0.017891682785299807
77 0.5610039893617021 0.08873307543520309 0.0026595744680851063 0.019825918762088977
18 0.5492852393617021 0.08776595744680851 0.028756648936170214 0.028529980657640234
2 0.5531914893617021 0.07688588007736943 0.1023936170212766 0.15377176015473887
