17 0.44091796875 0.35026041666666663 0.013671875 0.010416666666666666
17 0.434326171875 0.3616536458333333 0.01025390625 0.014973958333333332
12 0.5595703125 0.35709635416666663 0.0546875 0.020182291666666664
11 0.512939453125 0.3896484375 0.21337890625 0.08658854166666666
47 0.478515625 0.6315104166666666 0.0068359375 0.026041666666666664
84 0.48828125 0.6315104166666666 0.009765625 0.024739583333333332
99 0.5009765625 0.6315104166666666 0.0087890625 0.022135416666666664
85 0.509765625 0.630859375 0.009765625 0.022135416666666664
76 0.5185546875 0.630859375 0.0087890625 0.022135416666666664
76 0.5283203125 0.6311848958333333 0.0107421875 0.022786458333333332
78 0.537109375 0.630859375 0.0078125 0.022135416666666664
18 0.50732421875 0.630859375 0.0703125 0.02734375
1 0.506103515625 0.4651692708333333 0.30712890625 0.39518229166666663
