7 0.6904296875 0.40125 0.1396484375 0.4425
17 0.049072265625 0.07375 0.01220703125 0.0125
17 0.0634765625 0.07062500000000001 0.013671875 0.01
17 0.044921875 0.08750000000000001 0.015625 0.0125
11 0.123291015625 0.111875 0.24658203125 0.11875000000000001
43 0.054931640625 0.3903125 0.00927734375 0.021875000000000002
81 0.06494140625 0.3909375 0.0078125 0.021875000000000002
74 0.077880859375 0.39 0.00927734375 0.0225
74 0.08740234375 0.39 0.0087890625 0.02125
77 0.115966796875 0.38875 0.00927734375 0.02125
92 0.096923828125 0.38906250000000003 0.00927734375 0.023125
98 0.1064453125 0.389375 0.0078125 0.0225
18 0.085205078125 0.39 0.07470703125 0.0325
1 0.165771484375 0.2121875 0.33154296875 0.424375
