17 0.389892578125 0.3577473958333333 0.01220703125 0.012369791666666666
11 0.470703125 0.3818359375 0.2158203125 0.10611979166666666
113 0.46630859375 0.5537109375 0.0244140625 0.026692708333333332
47 0.4384765625 0.6136067708333333 0.0068359375 0.022786458333333332
84 0.447265625 0.6136067708333333 0.0087890625 0.024088541666666664
106 0.459228515625 0.6129557291666666 0.00927734375 0.022786458333333332
75 0.468994140625 0.6129557291666666 0.01123046875 0.021484375
72 0.47900390625 0.6129557291666666 0.0087890625 0.021484375
72 0.48681640625 0.6145833333333333 0.0068359375 0.0234375
71 0.49755859375 0.6149088541666666 0.009765625 0.024088541666666664
18 0.467041015625 0.6123046875 0.07373046875 0.029296875
1 0.465576171875 0.455078125 0.29833984375 0.38671875
