5 0.061767578125 0.5638020833333333 0.12353515625 0.8671875
119 0.479248046875 0.5042317708333333 0.01611328125 0.014973958333333332
47 0.454345703125 0.5501302083333333 0.00537109375 0.015625
84 0.462158203125 0.5501302083333333 0.00634765625 0.015625
81 0.47314453125 0.5501302083333333 0.005859375 0.015625
97 0.48046875 0.55078125 0.005859375 0.014322916666666666
73 0.48828125 0.55078125 0.0068359375 0.016927083333333332
77 0.49609375 0.5501302083333333 0.005859375 0.015625
80 0.504150390625 0.5501302083333333 0.00537109375 0.014322916666666666
18 0.479248046875 0.5501302083333333 0.05908203125 0.024739583333333332
15 0.46630859375 0.3889973958333333 0.0263671875 0.014973958333333332
12 0.51513671875 0.330078125 0.0478515625 0.02734375
17 0.4052734375 0.3203125 0.0107421875 0.0078125
17 0.403564453125 0.32975260416666663 0.00927734375 0.008463541666666666
14 0.471435546875 0.3411458333333333 0.00537109375 0.026041666666666664
11 0.474609375 0.3577473958333333 0.1767578125 0.11393229166666666
2 0.474365234375 0.4182942708333333 0.24853515625 0.40299479166666663
