7 0.879638671875 0.669375 0.16552734375 0.465
7 0.539306640625 0.434375 0.15087890625 0.445
17 0.04931640625 0.0740625 0.0126953125 0.011875
17 0.0634765625 0.0709375 0.013671875 0.010625
17 0.04541015625 0.088125 0.0146484375 0.00875
11 0.123291015625 0.11156250000000001 0.24658203125 0.11937500000000001
43 0.055419921875 0.390625 0.00927734375 0.02125
81 0.065185546875 0.39 0.00830078125 0.02125
74 0.078369140625 0.3903125 0.00830078125 0.020625
74 0.08740234375 0.3896875 0.0087890625 0.021875000000000002
77 0.11572265625 0.3884375 0.0078125 0.020625
92 0.0966796875 0.38906250000000003 0.0087890625 0.021875000000000002
98 0.106201171875 0.38875 0.00927734375 0.02125
18 0.085205078125 0.39 0.07470703125 0.0325
1 0.166259765625 0.21375 0.33251953125 0.4275
