8 0.6274933510638298 0.528046421663443 0.06881648936170212 0.4864603481624758
8 0.1266622340425532 0.530705996131528 0.06648936170212766 0.49177949709864605
43 0.04030917553191489 0.02248549323017408 0.0031582446808510636 0.016924564796905222
81 0.043550531914893616 0.022727272727272728 0.0026595744680851063 0.017408123791102514
104 0.04812167553191489 0.021760154738878143 0.0031582446808510636 0.017408123791102514
73 0.05152925531914893 0.0215183752417795 0.003324468085106383 0.018858800773694392
74 0.054936835106382975 0.02200193423597679 0.0031582446808510636 0.018858800773694392
71 0.05809507978723404 0.0215183752417795 0.002160904255319149 0.016924564796905222
80 0.06133643617021276 0.021760154738878143 0.0029920212765957447 0.0183752417794971
18 0.051030585106382975 0.022243713733075435 0.026595744680851064 0.024177949709864605
1 0.06067154255319149 0.03795938104448743 0.08843085106382978 0.07591876208897486
43 0.5402260638297872 0.022727272727272728 0.003324468085106383 0.014506769825918761
81 0.5435505319148936 0.022969052224371372 0.0029920212765957447 0.014990328820116054
104 0.5481216755319149 0.022243713733075435 0.0031582446808510636 0.01644100580270793
73 0.5517785904255319 0.02321083172147002 0.0031582446808510636 0.01644100580270793
74 0.5550199468085106 0.02200193423597679 0.003324468085106383 0.015957446808510637
71 0.558095079787234 0.02321083172147002 0.002160904255319149 0.013539651837524178
80 0.5615026595744681 0.022243713733075435 0.0029920212765957447 0.01644100580270793
18 0.5511136968085106 0.02127659574468085 0.026097074468085107 0.02127659574468085
1 0.5610871010638298 0.035783365570599614 0.08793218085106383 0.07156673114119923
