17 0.798583984375 0.3450520833333333 0.01318359375 0.01171875
17 0.812744140625 0.3450520833333333 0.01416015625 0.01171875
17 0.79541015625 0.357421875 0.0146484375 0.013020833333333332
11 0.8837890625 0.39225260416666663 0.19921875 0.119140625
134 0.897216796875 0.5364583333333333 0.02587890625 0.026041666666666664
43 0.87060546875 0.6354166666666666 0.0078125 0.022135416666666664
84 0.87939453125 0.6373697916666666 0.009765625 0.0234375
84 0.8916015625 0.6357421875 0.009765625 0.024088541666666664
105 0.90087890625 0.6344401041666666 0.0087890625 0.024088541666666664
73 0.9091796875 0.6354166666666666 0.009765625 0.022135416666666664
77 0.91748046875 0.6363932291666666 0.0087890625 0.024088541666666664
79 0.927001953125 0.6357421875 0.01025390625 0.025390625
18 0.8984375 0.6370442708333333 0.068359375 0.029296875
6 0.8447265625 0.4505208333333333 0.314453125 0.4505208333333333
