11 0.13704427083333331 0.5808197989172468 0.25065104166666663 0.12838360402165508
127 0.13639322916666666 0.6732405259087394 0.024088541666666664 0.017788089713843776
47 0.107421875 0.7138437741686002 0.01171875 0.020108275328692964
84 0.11686197916666666 0.711523588553751 0.011067708333333332 0.020108275328692964
98 0.13151041666666666 0.7107501933488013 0.010416666666666666 0.020108275328692964
106 0.1416015625 0.7103634957463264 0.009765625 0.019334880123743233
73 0.1533203125 0.7088167053364269 0.009765625 0.017788089713843776
71 0.1630859375 0.7080433101314773 0.008463541666666666 0.020881670533642694
72 0.17252604166666666 0.7088167053364269 0.009114583333333332 0.020881670533642694
18 0.13997395833333331 0.7103634957463264 0.08333333333333333 0.03480278422273782
2 0.18001302083333331 0.6017014694508894 0.36002604166666663 0.4454756380510441
