7 0.287841796875 0.57875 0.14990234375 0.38875
159 0.606689453125 0.07375 0.01513671875 0.01875
43 0.5869140625 0.1046875 0.0068359375 0.014375
81 0.593994140625 0.105 0.00634765625 0.01375
76 0.602294921875 0.1040625 0.00634765625 0.013125
78 0.609130859375 0.10375000000000001 0.00634765625 0.01375
79 0.615234375 0.1034375 0.0048828125 0.013125
90 0.621826171875 0.10375000000000001 0.00634765625 0.015
93 0.628173828125 0.10375000000000001 0.00537109375 0.015
1 0.582763671875 0.0734375 0.21826171875 0.146875
