7 0.6112034574468085 0.5181334622823984 0.07746010638297872 0.46663442940038685
7 0.1124501329787234 0.5207930367504836 0.0816156914893617 0.47195357833655704
11 0.5374002659574468 0.09598646034816248 0.07546542553191489 0.15038684719535783
111 0.5211934840425532 0.2911025145067698 0.01180186170212766 0.033849129593810444
43 0.5076462765957447 0.33607350096711797 0.004321808510638298 0.02321083172147002
83 0.512217420212766 0.33607350096711797 0.0038231382978723403 0.02321083172147002
90 0.5185339095744681 0.33583172147001933 0.004155585106382979 0.022727272727272728
76 0.5227726063829787 0.33438104448742745 0.004321808510638298 0.023694390715667313
76 0.5311668882978723 0.33293036750483557 0.0038231382978723403 0.021760154738878143
76 0.5354886968085106 0.33220502901353965 0.0038231382978723403 0.024177949709864605
71 0.5267619680851063 0.3338974854932302 0.0026595744680851063 0.022727272727272728
18 0.5211103723404256 0.3341392649903288 0.03590425531914893 0.03481624758220503
1 0.5497839095744681 0.20309477756286268 0.09923537234042552 0.3771760154738878
2 0.5526097074468085 0.07712765957446809 0.10255984042553191 0.15425531914893617
11 0.0378158244680851 0.097678916827853 0.0756316489361702 0.1518375241779497
111 0.020777925531914893 0.2915860735009671 0.012632978723404254 0.03481624758220503
43 0.007563164893617021 0.33704061895551257 0.0044880319148936166 0.024177949709864605
83 0.012217420212765957 0.33583172147001933 0.0044880319148936166 0.021760154738878143
100 0.018533909574468085 0.3348646034816248 0.0038231382978723403 0.021760154738878143
76 0.022606382978723402 0.3341392649903288 0.0036569148936170214 0.02321083172147002
76 0.031166888297872338 0.3338974854932302 0.0038231382978723403 0.023694390715667313
76 0.035738031914893616 0.33268858800773693 0.003989361702127659 0.024177949709864605
71 0.02676196808510638 0.3341392649903288 0.003989361702127659 0.024177949709864605
18 0.021609042553191488 0.33293036750483557 0.0355718085106383 0.035299806576402325
1 0.049783909574468085 0.2047872340425532 0.09956781914893617 0.3786266924564797
2 0.05393949468085106 0.07712765957446809 0.10023271276595744 0.15425531914893617
