7 0.375244140625 0.5806250000000001 0.17431640625 0.3925
218 0.81689453125 0.0478125 0.0244140625 0.026875
43 0.794677734375 0.1015625 0.00634765625 0.015625
81 0.80078125 0.1009375 0.005859375 0.014375
71 0.810791015625 0.1009375 0.00439453125 0.014375
71 0.8291015625 0.1009375 0.00390625 0.013125
77 0.8173828125 0.100625 0.005859375 0.015
80 0.8232421875 0.1 0.005859375 0.015
80 0.834716796875 0.0996875 0.00634765625 0.013125
84 0.8408203125 0.0996875 0.0048828125 0.015625
18 0.8173828125 0.10125 0.0634765625 0.02375
11 0.797119140625 0.01 0.24658203125 0.02
