7 0.452880859375 0.42312500000000003 0.16845703125 0.43
11 0.908935546875 0.0140625 0.18115234375 0.028125
111 0.947265625 0.1440625 0.0224609375 0.030625
43 0.91748046875 0.184375 0.0078125 0.02
90 0.927490234375 0.1834375 0.00927734375 0.020625
72 0.938720703125 0.1846875 0.00732421875 0.019375
72 0.9755859375 0.185 0.0078125 0.02
79 0.947509765625 0.1846875 0.00830078125 0.018125
79 0.966552734375 0.185625 0.00830078125 0.02
91 0.95703125 0.185 0.009765625 0.02
18 0.946533203125 0.1840625 0.07373046875 0.030625
1 0.882568359375 0.1196875 0.23486328125 0.239375
