111 0.39794921875 0.6598307291666666 0.021484375 0.027994791666666664
47 0.366943359375 0.703125 0.00830078125 0.022135416666666664
84 0.37646484375 0.703125 0.0087890625 0.01953125
101 0.390380859375 0.703125 0.00830078125 0.01953125
73 0.400146484375 0.7034505208333333 0.00732421875 0.020182291666666664
72 0.41064453125 0.7041015625 0.0078125 0.020182291666666664
75 0.420654296875 0.7034505208333333 0.00732421875 0.020182291666666664
71 0.429931640625 0.7034505208333333 0.00341796875 0.020182291666666664
18 0.398193359375 0.7018229166666666 0.07568359375 0.03125
15 0.322509765625 0.4993489583333333 0.03466796875 0.014322916666666666
17 0.314208984375 0.42154947916666663 0.01318359375 0.008463541666666666
16 0.379638671875 0.4837239583333333 0.02294921875 0.028645833333333332
17 0.330322265625 0.42252604166666663 0.01416015625 0.01171875
17 0.34375 0.421875 0.0087890625 0.005208333333333333
11 0.3984375 0.4710286458333333 0.2265625 0.12174479166666666
1 0.399169921875 0.5325520833333333 0.30908203125 0.4505208333333333
