1 0.58935546875 0.5074869791666666 0.2900390625 0.4329427083333333
111 0.590576171875 0.6217447916666666 0.02392578125 0.03515625
18 0.590087890625 0.6663411458333333 0.06884765625 0.030598958333333332
47 0.56298828125 0.6666666666666666 0.0087890625 0.026041666666666664
84 0.57177734375 0.6663411458333333 0.009765625 0.025390625
83 0.5849609375 0.6656901041666666 0.009765625 0.024088541666666664
104 0.594482421875 0.6650390625 0.00927734375 0.025390625
78 0.603759765625 0.6643880208333333 0.00830078125 0.024088541666666664
78 0.613037109375 0.6650390625 0.00634765625 0.025390625
75 0.621826171875 0.6637369791666666 0.00732421875 0.025390625
11 0.583740234375 0.42838541666666663 0.21435546875 0.10416666666666666
17 0.496826171875 0.38639322916666663 0.01416015625 0.011067708333333332
17 0.51220703125 0.3857421875 0.01171875 0.012369791666666666
17 0.523681640625 0.38541666666666663 0.00830078125 0.009114583333333332
14 0.580322265625 0.42447916666666663 0.01220703125 0.05208333333333333
