11 0.18912760416666666 0.2695167286245353 0.04622395833333333 0.026022304832713755
18 0.27115885416666663 0.3108736059479554 0.007161458333333333 0.006505576208178439
5 0.14420572916666666 0.2869423791821561 0.2884114583333333 0.12964684014869887
134 0.19498697916666666 0.7634758364312267 0.021484375 0.0120817843866171
11 0.19368489583333331 0.725139405204461 0.20638020833333331 0.05994423791821561
47 0.1689453125 0.7950743494423791 0.007161458333333333 0.011152416356877323
84 0.17740885416666666 0.7950743494423791 0.008463541666666666 0.010223048327137546
84 0.19108072916666666 0.7946096654275092 0.008463541666666666 0.011152416356877323
99 0.19986979166666666 0.7941449814126393 0.0078125 0.010223048327137546
78 0.20963541666666666 0.7941449814126393 0.0078125 0.010223048327137546
79 0.21875 0.7936802973977695 0.006510416666666666 0.010223048327137546
79 0.22819010416666666 0.7936802973977695 0.007161458333333333 0.010223048327137546
18 0.19921875 0.7946096654275092 0.07291666666666666 0.01765799256505576
3 0.2197265625 0.7274628252788103 0.2845052083333333 0.26440520446096655
