11 0.505615234375 0.22395833333333331 0.36962890625 0.14322916666666666
48 0.4794921875 0.58203125 0.0087890625 0.026041666666666664
11 0.489990234375 0.5823567708333333 0.01025390625 0.024088541666666664
73 0.503173828125 0.5826822916666666 0.00927734375 0.0234375
75 0.512939453125 0.5830078125 0.00927734375 0.024088541666666664
75 0.531982421875 0.5826822916666666 0.00927734375 0.0234375
79 0.5224609375 0.5817057291666666 0.009765625 0.022786458333333332
79 0.541015625 0.5830078125 0.0078125 0.025390625
18 0.5107421875 0.5817057291666666 0.072265625 0.029296875
5 0.509033203125 0.3544921875 0.52392578125 0.6985677083333333
