7 0.652099609375 0.4596875 0.14208984375 0.439375
17 0.05029296875 0.074375 0.0126953125 0.01125
17 0.064697265625 0.07187500000000001 0.01416015625 0.01
17 0.04541015625 0.088125 0.0146484375 0.01125
11 0.12353515625 0.1128125 0.2470703125 0.11937500000000001
43 0.05615234375 0.39125 0.009765625 0.0225
81 0.065673828125 0.390625 0.00927734375 0.02125
74 0.07861328125 0.390625 0.0087890625 0.02125
74 0.087890625 0.3896875 0.0087890625 0.021875000000000002
92 0.09716796875 0.389375 0.0087890625 0.0225
98 0.106689453125 0.3896875 0.00927734375 0.021875000000000002
77 0.115966796875 0.389375 0.00830078125 0.02125
18 0.0859375 0.39 0.07421875 0.0325
1 0.16552734375 0.211875 0.3310546875 0.42375
