7 0.56640625 0.406875 0.134765625 0.40875
17 0.050537109375 0.0746875 0.01123046875 0.011875
17 0.063232421875 0.07187500000000001 0.01318359375 0.01
17 0.04541015625 0.0884375 0.015625 0.011875
11 0.12353515625 0.1121875 0.2470703125 0.11937500000000001
43 0.0556640625 0.390625 0.009765625 0.0225
81 0.0654296875 0.3909375 0.0087890625 0.021875000000000002
74 0.078857421875 0.39 0.00830078125 0.02125
74 0.08837890625 0.3896875 0.0087890625 0.021875000000000002
92 0.09765625 0.389375 0.009765625 0.0225
98 0.107177734375 0.38875 0.00927734375 0.02125
77 0.1162109375 0.38875 0.0087890625 0.02375
18 0.08642578125 0.39 0.07421875 0.03125
1 0.165771484375 0.2134375 0.33154296875 0.426875
