51 0.21878224974200206 0.1265658747300216 0.10113519091847264 0.08034557235421166
51 0.8524251805985551 0.5140388768898488 0.2786377708978328 0.2159827213822894
51 0.21852425180598553 0.1101511879049676 0.06553147574819401 0.0224622030237581
51 0.22136222910216716 0.14514038876889848 0.02063983488132095 0.009503239740820735
51 0.8859649122807017 0.48077753779697624 0.17750257997936014 0.05356371490280777
51 0.8888028895768834 0.5654427645788337 0.06449948400412796 0.02159827213822894
51 0.8632610939112486 0.5656587473002159 0.01135190918472652 0.018574514038876888
51 0.8717750257997935 0.5663066954643629 0.007739938080495355 0.020734341252699785
51 0.881578947368421 0.5665226781857451 0.00980392156862745 0.018574514038876888
51 0.8911248710010319 0.5660907127429805 0.008255933952528379 0.021166306695464362
51 0.8978328173374612 0.5658747300215983 0.009287925696594427 0.01814254859611231
51 0.9058307533539731 0.5663066954643629 0.007739938080495355 0.019870410367170625
51 0.9135706914344685 0.5667386609071274 0.010835913312693497 0.02159827213822894