3 0.753173828125 0.5055338541666666 0.26220703125 0.4915364583333333
186 0.7646484375 0.6337890625 0.01953125 0.029296875
11 0.74853515625 0.4280598958333333 0.189453125 0.12174479166666666
18 0.764892578125 0.6861979166666666 0.06982421875 0.02734375
17 0.67529296875 0.3831380208333333 0.0126953125 0.013671875
17 0.67431640625 0.39615885416666663 0.0126953125 0.014973958333333332
47 0.735107421875 0.6861979166666666 0.00927734375 0.022135416666666664
84 0.74462890625 0.6861979166666666 0.009765625 0.022135416666666664
87 0.757568359375 0.685546875 0.00830078125 0.0234375
92 0.76708984375 0.6845703125 0.0087890625 0.022786458333333332
78 0.778076171875 0.685546875 0.00732421875 0.0234375
75 0.787353515625 0.6839192708333333 0.00732421875 0.024088541666666664
80 0.796142578125 0.6848958333333333 0.00927734375 0.022135416666666664
