17 0.338134765625 0.3460286458333333 0.01123046875 0.011067708333333332
15 0.33740234375 0.4052734375 0.0283203125 0.021484375
11 0.41064453125 0.3753255208333333 0.1953125 0.091796875
181 0.409912109375 0.51953125 0.01806640625 0.010416666666666666
47 0.38232421875 0.5914713541666666 0.0087890625 0.020182291666666664
84 0.391845703125 0.5921223958333333 0.00927734375 0.020182291666666664
87 0.404052734375 0.5911458333333333 0.00830078125 0.020833333333333332
85 0.41259765625 0.591796875 0.0068359375 0.020833333333333332
71 0.423828125 0.5911458333333333 0.0107421875 0.01953125
71 0.43017578125 0.5911458333333333 0.0078125 0.0234375
76 0.439208984375 0.5908203125 0.01025390625 0.022786458333333332
18 0.410888671875 0.5908203125 0.06787109375 0.026692708333333332
1 0.412109375 0.4544270833333333 0.2890625 0.3645833333333333
