112 0.549072265625 0.6419270833333333 0.02490234375 0.024739583333333332
47 0.522705078125 0.685546875 0.00634765625 0.016927083333333332
84 0.531005859375 0.6858723958333333 0.00634765625 0.016276041666666664
105 0.542724609375 0.685546875 0.00634765625 0.016927083333333332
79 0.551025390625 0.6858723958333333 0.00634765625 0.016276041666666664
79 0.559326171875 0.685546875 0.00634765625 0.016927083333333332
77 0.5673828125 0.6858723958333333 0.0068359375 0.017578125
72 0.575439453125 0.6861979166666666 0.00634765625 0.016927083333333332
18 0.549072265625 0.685546875 0.06298828125 0.024739583333333332
11 0.5380859375 0.4817708333333333 0.2041015625 0.10026041666666666
1 0.5361328125 0.5494791666666666 0.28125 0.37760416666666663
