11 0.39225260416666663 0.683852140077821 0.21028645833333331 0.09533073929961089
150 0.3929036458333333 0.7551880674448768 0.026692708333333332 0.013618677042801557
47 0.3636067708333333 0.7850194552529183 0.008463541666666666 0.017509727626459144
84 0.3743489583333333 0.7850194552529183 0.010416666666666666 0.017509727626459144
84 0.38736979166666663 0.7843709468223087 0.010416666666666666 0.014915693904020751
80 0.4189453125 0.7827496757457847 0.008463541666666666 0.01556420233463035
79 0.4280598958333333 0.7821011673151751 0.007161458333333333 0.016861219195849545
75 0.40787760416666663 0.7827496757457847 0.011067708333333332 0.016861219195849545
71 0.39811197916666663 0.7833981841763943 0.005859375 0.016861219195849545
18 0.39615885416666663 0.7837224383916991 0.080078125 0.022697795071335927
1 0.4033203125 0.693579766536965 0.3118489583333333 0.3430609597924773
