142 0.48193359375 0.498046875 0.0283203125 0.03645833333333333
47 0.454833984375 0.58203125 0.00537109375 0.015625
84 0.462646484375 0.5813802083333333 0.00634765625 0.015625
81 0.4736328125 0.58203125 0.0068359375 0.016927083333333332
77 0.481201171875 0.5817057291666666 0.00634765625 0.016276041666666664
72 0.4892578125 0.58203125 0.0068359375 0.016927083333333332
78 0.4970703125 0.5813802083333333 0.0068359375 0.015625
76 0.5048828125 0.5817057291666666 0.005859375 0.016276041666666664
18 0.479736328125 0.5813802083333333 0.05810546875 0.022135416666666664
12 0.5458984375 0.2529296875 0.0986328125 0.055338541666666664
17 0.358154296875 0.22005208333333331 0.00732421875 0.01171875
17 0.36865234375 0.22005208333333331 0.009765625 0.013020833333333332
17 0.382080078125 0.21647135416666666 0.01025390625 0.012369791666666666
17 0.39453125 0.21842447916666666 0.009765625 0.011067708333333332
17 0.359130859375 0.2333984375 0.00927734375 0.011067708333333332
17 0.37060546875 0.23470052083333331 0.0087890625 0.011067708333333332
11 0.48046875 0.3271484375 0.30078125 0.2727864583333333
4 0.4873046875 0.3255208333333333 0.3486328125 0.5963541666666666
