124 0.458843704066634 0.4725196288365453 0.024987751102400785 0.028551034975017844
47 0.4333659970602646 0.5235546038543897 0.006369426751592357 0.017844396859386154
84 0.44120529152376287 0.5224839400428265 0.0053895149436550705 0.017130620985010708
99 0.451984321411073 0.523197715917202 0.0053895149436550705 0.018558172733761598
71 0.4600685938265556 0.5242683797287652 0.002939735423811857 0.01641684511063526
73 0.46790788829005386 0.5235546038543897 0.006859382655560999 0.017844396859386154
76 0.4759921607055365 0.5242683797287652 0.0053895149436550705 0.01641684511063526
79 0.48309652131308184 0.5242683797287652 0.005879470847623714 0.01641684511063526
18 0.4578637922586967 0.523197715917202 0.060264576188143064 0.02569593147751606
17 0.3799608035276825 0.26873661670235544 0.009309162175404213 0.007851534618129907
17 0.39196472317491426 0.2676659528907923 0.009799118079372856 0.007137758743754461
11 0.45688388045075945 0.31548893647394716 0.18863302302792748 0.11563169164882227
3 0.45247427731504164 0.37865810135617417 0.26800587947084764 0.42041399000713775
