145 0.509033203125 0.5716145833333333 0.02294921875 0.015625
47 0.4794921875 0.6220703125 0.0068359375 0.018880208333333332
84 0.488525390625 0.6223958333333333 0.00830078125 0.01953125
99 0.501708984375 0.6214192708333333 0.00732421875 0.018880208333333332
82 0.510986328125 0.6227213541666666 0.00732421875 0.020182291666666664
71 0.521240234375 0.6223958333333333 0.00244140625 0.020833333333333332
76 0.5302734375 0.6220703125 0.0068359375 0.018880208333333332
72 0.5400390625 0.6227213541666666 0.0068359375 0.020182291666666664
18 0.50927734375 0.6223958333333333 0.0712890625 0.028645833333333332
15 0.50927734375 0.4319661458333333 0.0419921875 0.020182291666666664
17 0.42529296875 0.35319010416666663 0.013671875 0.013671875
17 0.42333984375 0.37076822916666663 0.01171875 0.012369791666666666
11 0.507080078125 0.3997395833333333 0.22412109375 0.14973958333333331
6 0.50537109375 0.4622395833333333 0.3076171875 0.4895833333333333
