159 0.53564453125 0.5930989583333333 0.0263671875 0.03645833333333333
47 0.50439453125 0.6419270833333333 0.0078125 0.018229166666666664
84 0.513916015625 0.6416015625 0.00732421875 0.018880208333333332
97 0.52685546875 0.642578125 0.0078125 0.018229166666666664
100 0.5361328125 0.6422526041666666 0.0068359375 0.017578125
72 0.545654296875 0.6422526041666666 0.00732421875 0.018880208333333332
76 0.5546875 0.6422526041666666 0.0068359375 0.018880208333333332
78 0.56396484375 0.642578125 0.0068359375 0.018229166666666664
18 0.53369140625 0.6412760416666666 0.0712890625 0.03125
15 0.51025390625 0.42252604166666663 0.0341796875 0.033854166666666664
14 0.525146484375 0.3909505208333333 0.00830078125 0.022786458333333332
17 0.45068359375 0.36002604166666663 0.01171875 0.0078125
17 0.465087890625 0.3587239583333333 0.01123046875 0.009114583333333332
11 0.52783203125 0.408203125 0.220703125 0.12630208333333331
1 0.525634765625 0.47623697916666663 0.31591796875 0.39908854166666663
