11 0.240234375 0.36937830687830686 0.14453125 0.052248677248677246
181 0.24381510416666666 0.4193121693121693 0.016276041666666664 0.007936507936507936
47 0.22330729166666666 0.44047619047619047 0.005208333333333333 0.011904761904761904
84 0.23014322916666666 0.4401455026455026 0.005859375 0.012566137566137565
72 0.24641927083333331 0.43981481481481477 0.005859375 0.011904761904761904
72 0.259765625 0.439484126984127 0.006510416666666666 0.011243386243386243
76 0.2529296875 0.439484126984127 0.005859375 0.012566137566137565
92 0.2392578125 0.4401455026455026 0.007161458333333333 0.012566137566137565
78 0.2659505208333333 0.439484126984127 0.004557291666666666 0.011243386243386243
18 0.24479166666666666 0.44047619047619047 0.05598958333333333 0.018518518518518517
1 0.23014322916666666 0.40608465608465605 0.21809895833333331 0.1997354497354497
11 0.32194010416666663 0.6544312169312169 0.21028645833333331 0.09722222222222221
201 0.3232421875 0.7080026455026455 0.022786458333333332 0.016534391534391533
47 0.2913411458333333 0.7483465608465608 0.008463541666666666 0.017857142857142856
81 0.30143229166666663 0.748015873015873 0.009114583333333332 0.018518518518518517
81 0.31510416666666663 0.7473544973544973 0.0078125 0.017195767195767195
80 0.32486979166666663 0.7473544973544973 0.009114583333333332 0.017195767195767195
82 0.35319010416666663 0.7466931216931216 0.009765625 0.017195767195767195
78 0.3349609375 0.7470238095238095 0.008463541666666666 0.016534391534391533
77 0.34342447916666663 0.7463624338624338 0.007161458333333333 0.016534391534391533
18 0.3225911458333333 0.7473544973544973 0.07486979166666666 0.023809523809523808
3 0.29947916666666663 0.6693121693121693 0.30338541666666663 0.3412698412698413
140 0.8440755208333333 0.6944444444444444 0.020182291666666664 0.017195767195767195
47 0.8111979166666666 0.7622354497354497 0.0078125 0.013888888888888888
84 0.8196614583333333 0.7628968253968254 0.009114583333333332 0.016534391534391533
83 0.83203125 0.7615740740740741 0.0078125 0.01521164021164021
78 0.8401692708333333 0.7622354497354497 0.007161458333333333 0.013888888888888888
80 0.8492838541666666 0.7619047619047619 0.007161458333333333 0.013227513227513227
80 0.8577473958333333 0.7619047619047619 0.007161458333333333 0.01455026455026455
78 0.8658854166666666 0.7612433862433862 0.0078125 0.01455026455026455
18 0.8382161458333333 0.763558201058201 0.06705729166666666 0.01917989417989418
6 0.7581380208333333 0.6058201058201058 0.41471354166666663 0.33730158730158727
