11 0.012254901960784314 0.3072646404744255 0.024509803921568627 0.1089696071163825
1 0.03504901960784314 0.38584136397331353 0.07009803921568628 0.3699036323202372
181 0.41911764705882354 0.42735359525574496 0.018627450980392157 0.009636767976278725
47 0.39387254901960783 0.4922164566345441 0.005392156862745098 0.016308376575240917
84 0.40147058823529413 0.4918458117123795 0.0058823529411764705 0.018532246108228317
100 0.4122549019607843 0.4922164566345441 0.006862745098039216 0.01927353595255745
72 0.4198529411764706 0.49258710155670865 0.005392156862745098 0.018532246108228317
76 0.42745098039215684 0.4929577464788732 0.006862745098039216 0.017790956263899184
77 0.43529411764705883 0.49258710155670865 0.0058823529411764705 0.01704966641957005
75 0.4428921568627451 0.4929577464788732 0.005392156862745098 0.017790956263899184
18 0.4183823529411765 0.4922164566345441 0.058333333333333334 0.02816901408450704
17 0.35661764705882354 0.257227575982209 0.009313725490196078 0.010378057820607857
11 0.416421568627451 0.2965159377316531 0.1838235294117647 0.1111934766493699
1 0.4183823529411765 0.3650852483320978 0.26029411764705884 0.36100815418828763
11 0.9139705882352941 0.13787991104521868 0.12892156862745097 0.057820607857672346
47 0.9083333333333333 0.2772424017790956 0.004901960784313725 0.014825796886582653
84 0.9142156862745098 0.2776130467012602 0.0058823529411764705 0.01408450704225352
98 0.9230392156862745 0.2776130467012602 0.004901960784313725 0.015567086730911787
71 0.9291666666666667 0.27835433654558933 0.0024509803921568627 0.01704966641957005
77 0.9355392156862745 0.2776130467012602 0.004411764705882353 0.01408450704225352
80 0.9419117647058823 0.2776130467012602 0.005392156862745098 0.01408450704225352
78 0.9480392156862745 0.2787249814677539 0.00392156862745098 0.014825796886582653
18 0.9276960784313726 0.2765011119347665 0.047549019607843135 0.022238695329873978
1 0.884313725490196 0.1990363232023721 0.22941176470588234 0.2601927353595256
