3 0.7991536458333333 0.5391134289439374 0.291015625 0.37027379400260757
11 0.2845052083333333 0.6626466753585397 0.21223958333333331 0.09322033898305085
150 0.28125 0.7614080834419817 0.02734375 0.01694915254237288
47 0.25162760416666663 0.7985658409387223 0.009765625 0.01955671447196871
84 0.26171875 0.7975880052151239 0.009114583333333332 0.01890482398956975
80 0.28515625 0.796284224250326 0.01171875 0.016297262059973925
104 0.2747395833333333 0.7969361147327249 0.009114583333333332 0.01890482398956975
77 0.29557291666666663 0.796284224250326 0.01171875 0.01890482398956975
77 0.3154296875 0.7946544980443285 0.009765625 0.01955671447196871
79 0.30533854166666663 0.796284224250326 0.010416666666666666 0.01890482398956975
18 0.2845052083333333 0.7982398956975227 0.08333333333333333 0.033246414602346806
1 0.30338541666666663 0.7069752281616688 0.30729166666666663 0.3422425032594524
