6 0.78515625 0.7817460317460317 0.421875 0.4
6 0.2552083333333333 0.5257936507936508 0.32682291666666663 0.4738095238095238
170 0.2421875 0.6587301587301587 0.033854166666666664 0.031746031746031744
47 0.21744791666666666 0.7194444444444444 0.0078125 0.018253968253968255
88 0.2275390625 0.7182539682539683 0.009765625 0.01746031746031746
84 0.2503255208333333 0.7166666666666667 0.008463541666666666 0.01904761904761905
80 0.26953125 0.7150793650793651 0.009114583333333332 0.020634920634920634
92 0.24088541666666666 0.7170634920634921 0.010416666666666666 0.01984126984126984
75 0.2796223958333333 0.7146825396825397 0.007161458333333333 0.016666666666666666
73 0.2600911458333333 0.7158730158730159 0.008463541666666666 0.01904761904761905
18 0.2490234375 0.7178571428571429 0.080078125 0.030952380952380953
11 0.697265625 0.2575396825396825 0.15885416666666666 0.08174603174603175
47 0.6813151041666666 0.3603174603174603 0.005859375 0.01746031746031746
84 0.6891276041666666 0.3603174603174603 0.007161458333333333 0.015873015873015872
99 0.6985677083333333 0.35912698412698413 0.0078125 0.018253968253968255
76 0.70703125 0.35873015873015873 0.006510416666666666 0.015873015873015872
79 0.7141927083333333 0.35753968253968255 0.006510416666666666 0.01507936507936508
74 0.7223307291666666 0.35714285714285715 0.007161458333333333 0.015873015873015872
72 0.7298177083333333 0.35714285714285715 0.0078125 0.015873015873015872
18 0.705078125 0.35793650793650794 0.05989583333333333 0.025396825396825397
1 0.6822916666666666 0.30158730158730157 0.26041666666666663 0.2920634920634921
