128 0.1591796875 0.9104817708333333 0.0224609375 0.018880208333333332
47 0.122802734375 0.9899088541666666 0.00732421875 0.018880208333333332
84 0.1337890625 0.9892578125 0.0087890625 0.020182291666666664
84 0.150390625 0.9889322916666666 0.0087890625 0.020833333333333332
73 0.162109375 0.9876302083333333 0.009765625 0.020833333333333332
73 0.17431640625 0.9876302083333333 0.0087890625 0.020833333333333332
72 0.185546875 0.9876302083333333 0.0087890625 0.020833333333333332
80 0.197998046875 0.9876302083333333 0.01025390625 0.020833333333333332
18 0.160400390625 0.9853515625 0.09228515625 0.027994791666666664
15 0.097412109375 0.7223307291666666 0.03955078125 0.013671875
17 0.059326171875 0.6087239583333333 0.01513671875 0.016927083333333332
17 0.05712890625 0.6266276041666666 0.0166015625 0.016276041666666664
11 0.157958984375 0.6744791666666666 0.26318359375 0.1796875
3 0.167724609375 0.6979166666666666 0.33544921875 0.5989583333333333
