8 0.1337890625 0.5807291666666666 0.119140625 0.37760416666666663
17 0.7578125 0.3095703125 0.0126953125 0.013671875
17 0.769775390625 0.306640625 0.01123046875 0.010416666666666666
17 0.769287109375 0.3173828125 0.01220703125 0.011067708333333332
17 0.84228515625 0.34830729166666663 0.2021484375 0.09895833333333333
143 0.8583984375 0.5146484375 0.02734375 0.029296875
47 0.833251953125 0.5716145833333333 0.00732421875 0.020833333333333332
84 0.841796875 0.5706380208333333 0.009765625 0.022786458333333332
87 0.853759765625 0.5699869791666666 0.00927734375 0.020182291666666664
84 0.8623046875 0.5709635416666666 0.0078125 0.022135416666666664
98 0.871337890625 0.5699869791666666 0.00830078125 0.020182291666666664
78 0.87939453125 0.5696614583333333 0.0078125 0.020833333333333332
75 0.887939453125 0.5686848958333333 0.00732421875 0.022786458333333332
18 0.861328125 0.5693359375 0.06640625 0.029296875
3 0.829345703125 0.40592447916666663 0.28857421875 0.4524739583333333
