181 0.58203125 0.5201822916666666 0.025390625 0.016927083333333332
47 0.553466796875 0.5927734375 0.00732421875 0.017578125
84 0.562744140625 0.5930989583333333 0.00634765625 0.016927083333333332
84 0.5751953125 0.5930989583333333 0.0068359375 0.018229166666666664
79 0.583984375 0.5924479166666666 0.0068359375 0.018229166666666664
80 0.59326171875 0.5930989583333333 0.0068359375 0.016927083333333332
80 0.6025390625 0.5930989583333333 0.0068359375 0.016927083333333332
76 0.611328125 0.5927734375 0.0078125 0.017578125
18 0.58251953125 0.5924479166666666 0.0693359375 0.028645833333333332
16 0.568603515625 0.3665364583333333 0.01904296875 0.020833333333333332
17 0.4892578125 0.298828125 0.0126953125 0.009114583333333332
17 0.503662109375 0.29752604166666663 0.01220703125 0.006510416666666666
17 0.516845703125 0.29654947916666663 0.01123046875 0.007161458333333333
17 0.488037109375 0.310546875 0.01220703125 0.010416666666666666
17 0.5009765625 0.3095703125 0.01171875 0.011067708333333332
11 0.5712890625 0.33984375 0.234375 0.11848958333333333
2 0.569091796875 0.4111328125 0.32958984375 0.4563802083333333
