206 0.714599609375 0.54296875 0.02490234375 0.04296875
5 0.691650390625 0.3636067708333333 0.39404296875 0.7259114583333333
18 0.714599609375 0.6708984375 0.07373046875 0.029296875
47 0.684814453125 0.6725260416666666 0.00830078125 0.026041666666666664
83 0.693359375 0.671875 0.0087890625 0.024739583333333332
75 0.70703125 0.671875 0.0078125 0.024739583333333332
87 0.716064453125 0.6695963541666666 0.01025390625 0.025390625
79 0.72607421875 0.6705729166666666 0.0078125 0.02734375
79 0.735595703125 0.6695963541666666 0.00927734375 0.025390625
72 0.745361328125 0.6705729166666666 0.00830078125 0.02734375
11 0.712158203125 0.3828125 0.31396484375 0.17838541666666666
17 0.565673828125 0.3470052083333333 0.01123046875 0.013020833333333332
17 0.580810546875 0.33951822916666663 0.01318359375 0.020182291666666664
17 0.580810546875 0.3206380208333333 0.01513671875 0.017578125
