17 0.832763671875 0.3323567708333333 0.01025390625 0.014973958333333332
17 0.84765625 0.3313802083333333 0.01171875 0.014322916666666666
43 0.887451171875 0.6354166666666666 0.00634765625 0.018229166666666664
84 0.896240234375 0.6360677083333333 0.00830078125 0.01953125
98 0.907958984375 0.6360677083333333 0.00927734375 0.020833333333333332
98 0.917236328125 0.6363932291666666 0.00927734375 0.020182291666666664
76 0.925537109375 0.6360677083333333 0.00927734375 0.01953125
80 0.935546875 0.6357421875 0.0107421875 0.018880208333333332
77 0.9443359375 0.6360677083333333 0.009765625 0.020833333333333332
18 0.91650390625 0.6357421875 0.0693359375 0.025390625
5 0.8779296875 0.33463541666666663 0.244140625 0.6458333333333333
