7 0.4248046875 0.305 0.103515625 0.41500000000000004
7 0.5849609375 0.4575 0.126953125 0.42
7 0.9306640625 0.6675 0.134765625 0.465
1 0.16796875 0.21125 0.33984375 0.4175
11 0.125 0.105 0.24609375 0.115
18 0.0869140625 0.38875 0.076171875 0.0325
43 0.056396484375 0.39 0.01220703125 0.02625
81 0.066162109375 0.3909375 0.00927734375 0.024375
74 0.0791015625 0.38906250000000003 0.0087890625 0.025625000000000002
74 0.088134765625 0.38906250000000003 0.01025390625 0.025625000000000002
92 0.097900390625 0.3884375 0.01025390625 0.026875
98 0.107421875 0.38906250000000003 0.009765625 0.025625000000000002
77 0.116943359375 0.38875 0.01123046875 0.025
214 0.08203125 0.31125 0.015625 0.02
