17 0.472900390625 0.39225260416666663 0.01220703125 0.007161458333333333
17 0.47265625 0.4033203125 0.01171875 0.009765625
12 0.4951171875 0.38151041666666663 0.0546875 0.013020833333333332
12 0.593017578125 0.3837890625 0.05419921875 0.011067708333333332
11 0.541259765625 0.42057291666666663 0.20068359375 0.09765625
111 0.5546875 0.580078125 0.025390625 0.026041666666666664
47 0.526123046875 0.6259765625 0.00830078125 0.024088541666666664
84 0.534912109375 0.6256510416666666 0.01123046875 0.024739583333333332
83 0.54736328125 0.625 0.0087890625 0.024739583333333332
87 0.556640625 0.6246744791666666 0.009765625 0.025390625
75 0.566162109375 0.6263020833333333 0.00927734375 0.026041666666666664
77 0.575927734375 0.6259765625 0.01025390625 0.025390625
71 0.584228515625 0.6263020833333333 0.00537109375 0.026041666666666664
18 0.55517578125 0.6236979166666666 0.072265625 0.028645833333333332
1 0.548583984375 0.4925130208333333 0.28662109375 0.369140625
