127 0.52490234375 0.5520833333333333 0.0263671875 0.03125
47 0.494140625 0.6197916666666666 0.0068359375 0.01953125
88 0.50341796875 0.6197916666666666 0.0078125 0.01953125
87 0.516357421875 0.6201171875 0.00634765625 0.018880208333333332
87 0.526123046875 0.6197916666666666 0.00732421875 0.018229166666666664
77 0.53564453125 0.6197916666666666 0.005859375 0.01953125
77 0.5537109375 0.6197916666666666 0.0068359375 0.01953125
76 0.544677734375 0.6207682291666666 0.00732421875 0.017578125
18 0.5244140625 0.6217447916666666 0.072265625 0.03515625
17 0.43115234375 0.32682291666666663 0.01171875 0.010416666666666666
17 0.4443359375 0.32682291666666663 0.01171875 0.009114583333333332
17 0.4267578125 0.3372395833333333 0.01171875 0.009114583333333332
11 0.517822265625 0.37662760416666663 0.22607421875 0.12565104166666666
2 0.516845703125 0.4475911458333333 0.31591796875 0.482421875
