205 0.634033203125 0.7044270833333333 0.04541015625 0.015625
22 0.606689453125 0.7509765625 0.00732421875 0.017578125
88 0.615478515625 0.7496744791666666 0.00830078125 0.017578125
105 0.62841796875 0.75 0.0068359375 0.01953125
77 0.637451171875 0.7509765625 0.00732421875 0.020182291666666664
73 0.64599609375 0.7509765625 0.0068359375 0.017578125
80 0.655029296875 0.7509765625 0.00732421875 0.017578125
79 0.664306640625 0.7509765625 0.00732421875 0.017578125
18 0.6357421875 0.7506510416666666 0.0693359375 0.028645833333333332
11 0.618896484375 0.53515625 0.20947265625 0.11328125
2 0.61767578125 0.6142578125 0.291015625 0.435546875
