112 0.5596868884540117 0.46359048305695744 0.025440313111545987 0.023071377072819033
37 0.5283757338551859 0.5652487382840663 0.00684931506849315 0.020187454938716654
91 0.5379158512720156 0.5656092285508291 0.007338551859099804 0.022350396539293438
81 0.550880626223092 0.5659697188175918 0.00684931506849315 0.020187454938716654
73 0.559931506849315 0.5656092285508291 0.007338551859099804 0.02090843547224225
73 0.5689823874755381 0.5663302090843547 0.00684931506849315 0.02090843547224225
75 0.5785225048923679 0.5670511896178803 0.007338551859099804 0.02090843547224225
75 0.5878180039138943 0.5666906993511175 0.006360078277886497 0.020187454938716654
18 0.5584637964774951 0.5663302090843547 0.06996086105675146 0.033886085075702954
17 0.45963796477495106 0.2202595529920692 0.01223091976516634 0.007930785868781542
11 0.5538160469667319 0.2844268204758471 0.2455968688845401 0.17519826964671953
3 0.5528375733855185 0.34030281182408073 0.3395303326810176 0.5897620764239365
