1 0.2421875 0.045572916666666664 0.05859375 0.08854166666666666
17 0.189697265625 0.4554036458333333 0.01416015625 0.009765625
17 0.187255859375 0.46354166666666663 0.01025390625 0.010416666666666666
17 0.201416015625 0.462890625 0.01416015625 0.009114583333333332
11 0.274169921875 0.4951171875 0.23779296875 0.11393229166666666
123 0.26171875 0.7180989583333333 0.02734375 0.029947916666666664
43 0.22998046875 0.7584635416666666 0.0078125 0.020833333333333332
84 0.23974609375 0.7600911458333333 0.0107421875 0.022786458333333332
99 0.253662109375 0.759765625 0.01025390625 0.0234375
73 0.26416015625 0.7604166666666666 0.0107421875 0.0234375
79 0.273681640625 0.7607421875 0.00927734375 0.022786458333333332
71 0.2822265625 0.76171875 0.009765625 0.026041666666666664
78 0.292236328125 0.7626953125 0.01025390625 0.022786458333333332
18 0.26171875 0.7610677083333333 0.076171875 0.03645833333333333
1 0.27490234375 0.5846354166666666 0.3427734375 0.45703125
