52 0.19807564698075647 0.3482758620689655 0.2276045122760451 0.1896551724137931
54 0.1997345719973457 0.3137931034482759 0.139349701393497 0.04942528735632184
0 0.205706702057067 0.375 0.050431320504313204 0.013218390804597701
1 0.1838088918380889 0.37471264367816093 0.0092899800928998 0.01264367816091954
13 0.19210351692103517 0.37528735632183907 0.0072992700729927005 0.01264367816091954
39 0.19873921698739216 0.37471264367816093 0.0072992700729927005 0.01264367816091954
20 0.205706702057067 0.37442528735632186 0.0053085600530856005 0.010919540229885057
14 0.21068347710683477 0.375 0.005972130059721301 0.01206896551724138
26 0.21532846715328466 0.37471264367816093 0.005972130059721301 0.01264367816091954
6 0.22362309223623092 0.37557471264367814 0.0079628400796284 0.014367816091954023
85 0.20437956204379562 0.3586206896551724 0.023888520238885203 0.010344827586206896
88 0.3158593231585932 0.6933908045977012 0.3609820836098208 0.35919540229885055
0 0.3433974784339748 0.8439655172413792 0.08427339084273391 0.027011494252873563
88 0.7976111479761114 0.6867816091954023 0.39681486396814863 0.4436781609195402
54 0.9306569343065694 0.864367816091954 0.0869276708692767 0.01954022988505747