181 0.7096354166666666 0.7843866171003717 0.020833333333333332 0.007434944237918215
11 0.7073567708333333 0.7276951672862453 0.201171875 0.05669144981412639
47 0.6793619791666666 0.7971654275092936 0.009765625 0.011617100371747211
84 0.6888020833333333 0.7969330855018587 0.009114583333333332 0.011152416356877323
83 0.7024739583333333 0.7964684014869888 0.0078125 0.011152416356877323
93 0.7122395833333333 0.7971654275092936 0.009114583333333332 0.011617100371747211
73 0.72265625 0.7971654275092936 0.009114583333333332 0.011617100371747211
73 0.7317708333333333 0.7964684014869888 0.0078125 0.0120817843866171
80 0.7415364583333333 0.7962360594795539 0.009114583333333332 0.011617100371747211
18 0.7099609375 0.7964684014869888 0.07486979166666666 0.016728624535315983
1 0.7057291666666666 0.7555762081784386 0.2981770833333333 0.22026022304832713
