17 0.392333984375 0.2890625 0.01025390625 0.010416666666666666
17 0.390380859375 0.29752604166666663 0.00927734375 0.009114583333333332
17 0.3896484375 0.3059895833333333 0.0107421875 0.0078125
17 0.40087890625 0.3059895833333333 0.01171875 0.0078125
17 0.402587890625 0.29752604166666663 0.01025390625 0.0078125
17 0.41455078125 0.2893880208333333 0.009765625 0.008463541666666666
14 0.466064453125 0.3216145833333333 0.01611328125 0.05078125
16 0.46630859375 0.36002604166666663 0.01171875 0.014322916666666666
16 0.480224609375 0.3636067708333333 0.01123046875 0.014973958333333332
11 0.46826171875 0.3304036458333333 0.201171875 0.10481770833333333
151 0.47412109375 0.48111979166666663 0.03125 0.01171875
47 0.447021484375 0.5598958333333333 0.00830078125 0.020833333333333332
83 0.455078125 0.5602213541666666 0.0087890625 0.020182291666666664
75 0.466796875 0.5602213541666666 0.009765625 0.021484375
83 0.475830078125 0.5592447916666666 0.00830078125 0.0234375
80 0.484375 0.5595703125 0.0078125 0.020182291666666664
80 0.4931640625 0.5598958333333333 0.009765625 0.01953125
74 0.501708984375 0.5595703125 0.00732421875 0.020182291666666664
18 0.474365234375 0.5595703125 0.06689453125 0.026692708333333332
2 0.470458984375 0.39713541666666663 0.30712890625 0.42838541666666663
