159 0.54052734375 0.5833333333333333 0.0224609375 0.029947916666666664
42 0.509033203125 0.638671875 0.00830078125 0.01953125
81 0.5185546875 0.6380208333333333 0.0078125 0.01953125
71 0.53173828125 0.6389973958333333 0.0029296875 0.020182291666666664
101 0.540771484375 0.6389973958333333 0.00732421875 0.020182291666666664
85 0.55029296875 0.6389973958333333 0.0078125 0.020182291666666664
79 0.5595703125 0.6396484375 0.0068359375 0.018880208333333332
79 0.5693359375 0.6389973958333333 0.0078125 0.020182291666666664
18 0.5390625 0.6402994791666666 0.072265625 0.037109375
14 0.52685546875 0.40006510416666663 0.005859375 0.048828125
17 0.44775390625 0.3567708333333333 0.013671875 0.009114583333333332
17 0.465576171875 0.35611979166666663 0.01123046875 0.010416666666666666
17 0.479248046875 0.35546875 0.01123046875 0.009114583333333332
17 0.442626953125 0.3655598958333333 0.01220703125 0.008463541666666666
17 0.45458984375 0.36881510416666663 0.0107421875 0.008463541666666666
17 0.45556640625 0.3616536458333333 0.0087890625 0.004557291666666666
17 0.44140625 0.3753255208333333 0.013671875 0.011067708333333332
11 0.53076171875 0.40234375 0.2294921875 0.1171875
1 0.52783203125 0.4729817708333333 0.3154296875 0.4290364583333333
