17 0.397216796875 0.36588541666666663 0.01123046875 0.0078125
17 0.39453125 0.37467447916666663 0.01171875 0.008463541666666666
16 0.443603515625 0.4456380208333333 0.02587890625 0.014973958333333332
15 0.399169921875 0.43912760416666663 0.02490234375 0.025390625
12 0.523193359375 0.3665364583333333 0.05224609375 0.013020833333333332
11 0.47216796875 0.40885416666666663 0.2060546875 0.11067708333333333
47 0.447265625 0.6321614583333333 0.0068359375 0.01953125
84 0.4560546875 0.6331380208333333 0.0087890625 0.021484375
90 0.468994140625 0.6311848958333333 0.00927734375 0.020182291666666664
83 0.478759765625 0.6318359375 0.00830078125 0.020182291666666664
76 0.4873046875 0.6318359375 0.0087890625 0.022786458333333332
75 0.496337890625 0.6318359375 0.00830078125 0.024088541666666664
78 0.505126953125 0.6318359375 0.00830078125 0.020182291666666664
18 0.475341796875 0.6321614583333333 0.06884765625 0.026041666666666664
1 0.470458984375 0.4765625 0.30615234375 0.375
