127 0.426025390625 0.4944661458333333 0.01708984375 0.018880208333333332
47 0.402099609375 0.5322265625 0.00634765625 0.014973958333333332
84 0.40966796875 0.5322265625 0.005859375 0.014973958333333332
102 0.419921875 0.5315755208333333 0.005859375 0.014973958333333332
77 0.427490234375 0.5322265625 0.00537109375 0.014973958333333332
71 0.43505859375 0.5325520833333333 0.00390625 0.015625
79 0.4423828125 0.5322265625 0.005859375 0.014973958333333332
79 0.449462890625 0.5328776041666666 0.00537109375 0.014973958333333332
18 0.426025390625 0.5319010416666666 0.05810546875 0.0234375
17 0.35986328125 0.31705729166666663 0.0107421875 0.005208333333333333
17 0.371826171875 0.3173828125 0.01025390625 0.007161458333333333
11 0.426025390625 0.3528645833333333 0.17431640625 0.09375
1 0.42333984375 0.4173177083333333 0.244140625 0.31119791666666663
