17 0.431884765625 0.3486328125 0.01123046875 0.012369791666666666
11 0.50146484375 0.3763020833333333 0.2216796875 0.1015625
165 0.50634765625 0.5504557291666666 0.0224609375 0.029296875
47 0.4765625 0.6324869791666666 0.0087890625 0.022786458333333332
84 0.485595703125 0.6315104166666666 0.00830078125 0.020833333333333332
94 0.49853515625 0.6305338541666666 0.009765625 0.021484375
78 0.508544921875 0.630859375 0.00830078125 0.020833333333333332
80 0.518310546875 0.6321614583333333 0.00830078125 0.0234375
72 0.52685546875 0.6311848958333333 0.0078125 0.021484375
77 0.537353515625 0.6321614583333333 0.00830078125 0.026041666666666664
18 0.505859375 0.6315104166666666 0.072265625 0.02734375
2 0.507080078125 0.4563802083333333 0.31884765625 0.4544270833333333
