1 0.6103515625 0.48990885416666663 0.2626953125 0.40299479166666663
113 0.618896484375 0.6070963541666666 0.01708984375 0.026692708333333332
11 0.60791015625 0.41959635416666663 0.1923828125 0.11263020833333333
18 0.618896484375 0.6448567708333333 0.06982421875 0.029296875
17 0.5283203125 0.3740234375 0.0126953125 0.013671875
17 0.5439453125 0.3733723958333333 0.013671875 0.014973958333333332
17 0.558837890625 0.373046875 0.01220703125 0.01171875
17 0.52734375 0.384765625 0.0107421875 0.0078125
15 0.615966796875 0.4658203125 0.02685546875 0.017578125
16 0.608642578125 0.4482421875 0.01708984375 0.025390625
47 0.59033203125 0.6448567708333333 0.0078125 0.024088541666666664
81 0.599365234375 0.6429036458333333 0.01025390625 0.022786458333333332
88 0.61279296875 0.6442057291666666 0.0087890625 0.022786458333333332
81 0.621337890625 0.6435546875 0.00830078125 0.024088541666666664
77 0.630615234375 0.6435546875 0.00830078125 0.026692708333333332
74 0.639404296875 0.6448567708333333 0.00927734375 0.026692708333333332
75 0.6494140625 0.6435546875 0.0107421875 0.026692708333333332
