128 0.54443359375 0.521484375 0.0244140625 0.01953125
47 0.513916015625 0.6145833333333333 0.00732421875 0.01953125
84 0.5234375 0.6142578125 0.0068359375 0.018880208333333332
82 0.5361328125 0.6139322916666666 0.0068359375 0.018229166666666664
102 0.54541015625 0.6142578125 0.0078125 0.018880208333333332
78 0.554443359375 0.6145833333333333 0.00732421875 0.018229166666666664
71 0.5634765625 0.6149088541666666 0.0029296875 0.020182291666666664
79 0.572998046875 0.6149088541666666 0.00732421875 0.018880208333333332
18 0.54296875 0.6145833333333333 0.0693359375 0.029947916666666664
17 0.458740234375 0.3255208333333333 0.01123046875 0.01171875
11 0.54052734375 0.36393229166666663 0.2109375 0.14973958333333331
3 0.539794921875 0.40983072916666663 0.29443359375 0.48502604166666663
