7 0.259765625 0.56125 0.1171875 0.405
7 0.330078125 0.18125 0.078125 0.275
4 0.8115234375 0.09625 0.373046875 0.2
18 0.845947265625 0.1609375 0.05908203125 0.021875000000000002
43 0.821044921875 0.1609375 0.00732421875 0.021875000000000002
81 0.827880859375 0.1603125 0.00830078125 0.020625
71 0.838623046875 0.1603125 0.00830078125 0.020625
73 0.845458984375 0.16125 0.00732421875 0.01625
77 0.851806640625 0.1609375 0.00537109375 0.019375
71 0.857421875 0.1603125 0.005859375 0.020625
72 0.863525390625 0.1603125 0.00830078125 0.018125
84 0.87109375 0.1596875 0.0068359375 0.019375
