17 0.477294921875 0.3186848958333333 0.01123046875 0.013671875
17 0.460205078125 0.3294270833333333 0.01220703125 0.010416666666666666
17 0.47705078125 0.333984375 0.013671875 0.01171875
17 0.448974609375 0.3430989583333333 0.01318359375 0.01171875
14 0.525634765625 0.35026041666666663 0.00927734375 0.05989583333333333
11 0.52490234375 0.3577473958333333 0.2060546875 0.09830729166666666
134 0.52783203125 0.5133463541666666 0.01171875 0.013671875
47 0.4951171875 0.5934244791666666 0.009765625 0.020182291666666664
81 0.50439453125 0.5944010416666666 0.009765625 0.022135416666666664
78 0.51611328125 0.5950520833333333 0.0078125 0.022135416666666664
80 0.52490234375 0.5947265625 0.0087890625 0.018880208333333332
72 0.5341796875 0.5963541666666666 0.0087890625 0.022135416666666664
90 0.542236328125 0.5950520833333333 0.00927734375 0.022135416666666664
71 0.551025390625 0.5953776041666666 0.00732421875 0.025390625
18 0.52294921875 0.59375 0.068359375 0.028645833333333332
6 0.526123046875 0.45182291666666663 0.26611328125 0.3958333333333333
