17 0.490966796875 0.43033854166666663 0.01318359375 0.010416666666666666
17 0.506103515625 0.4267578125 0.01513671875 0.012369791666666666
15 0.51123046875 0.47721354166666663 0.029296875 0.024739583333333332
11 0.580810546875 0.44498697916666663 0.21240234375 0.10221354166666666
111 0.5869140625 0.6328125 0.0205078125 0.02734375
47 0.5556640625 0.677734375 0.0078125 0.022135416666666664
84 0.56591796875 0.6764322916666666 0.009765625 0.024739583333333332
101 0.5791015625 0.6770833333333333 0.0087890625 0.024739583333333332
73 0.588623046875 0.6767578125 0.01025390625 0.024088541666666664
76 0.59912109375 0.6767578125 0.0087890625 0.021484375
75 0.607666015625 0.6767578125 0.00830078125 0.025390625
75 0.617431640625 0.6780598958333333 0.00732421875 0.024088541666666664
18 0.58642578125 0.677734375 0.0751953125 0.03125
1 0.578125 0.5074869791666666 0.3173828125 0.4290364583333333
