165 0.478271484375 0.1181640625 0.02197265625 0.030598958333333332
47 0.45751953125 0.16048177083333331 0.00390625 0.012369791666666666
84 0.463623046875 0.1611328125 0.00537109375 0.012369791666666666
83 0.47216796875 0.16145833333333331 0.005859375 0.013020833333333332
77 0.478271484375 0.1611328125 0.00439453125 0.013671875
77 0.490478515625 0.16178385416666666 0.00439453125 0.012369791666666666
76 0.49658203125 0.16243489583333331 0.0048828125 0.013671875
78 0.484619140625 0.162109375 0.00537109375 0.013020833333333332
18 0.477294921875 0.16080729166666666 0.04541015625 0.018229166666666664
15 0.51904296875 0.016927083333333332 0.021484375 0.013020833333333332
11 0.482421875 0.017252604166666664 0.19921875 0.03450520833333333
5 0.478515625 0.10709635416666666 0.2763671875 0.216796875
219 0.183837890625 0.6201171875 0.01904296875 0.018880208333333332
47 0.15283203125 0.6624348958333333 0.0068359375 0.017578125
88 0.162109375 0.6627604166666666 0.0087890625 0.018229166666666664
77 0.17529296875 0.6617838541666666 0.0068359375 0.017578125
76 0.18505859375 0.6634114583333333 0.0078125 0.016927083333333332
71 0.194580078125 0.6630859375 0.00244140625 0.017578125
77 0.203857421875 0.6634114583333333 0.00634765625 0.01953125
75 0.213623046875 0.6640625 0.00732421875 0.018229166666666664
14 0.18310546875 0.6634114583333333 0.0732421875 0.029947916666666664
18 0.19921875 0.4163411458333333 0.0078125 0.044921875
17 0.12353515625 0.37760416666666663 0.013671875 0.009114583333333332
17 0.120849609375 0.38736979166666663 0.01318359375 0.009114583333333332
11 0.195068359375 0.4306640625 0.22314453125 0.123046875
1 0.19873046875 0.50390625 0.30859375 0.40625
