137 0.41455078125 0.5263671875 0.0166015625 0.021484375
24 0.38525390625 0.5804036458333333 0.0068359375 0.017578125
84 0.39453125 0.580078125 0.0068359375 0.018229166666666664
94 0.406982421875 0.580078125 0.00732421875 0.018229166666666664
102 0.416015625 0.5807291666666666 0.0068359375 0.01953125
79 0.4248046875 0.5810546875 0.0068359375 0.018880208333333332
76 0.43408203125 0.5810546875 0.0068359375 0.018880208333333332
77 0.44287109375 0.5810546875 0.0068359375 0.018880208333333332
18 0.4140625 0.580078125 0.068359375 0.028645833333333332
17 0.33447265625 0.33854166666666663 0.013671875 0.010416666666666666
17 0.334228515625 0.3509114583333333 0.01220703125 0.010416666666666666
11 0.41552734375 0.36328125 0.212890625 0.11588541666666666
1 0.4169921875 0.4306640625 0.2890625 0.4016927083333333
