6 0.224609375 0.2953271028037383 0.203125 0.25171339563862927
5 0.6783854166666666 0.4224299065420561 0.4036458333333333 0.6305295950155764
47 0.13802083333333331 0.2853582554517134 0.01953125 0.019937694704049845
84 0.16178385416666666 0.28660436137071654 0.013671875 0.022429906542056077
80 0.1806640625 0.2872274143302181 0.012369791666666666 0.02118380062305296
72 0.2060546875 0.288785046728972 0.012369791666666666 0.02180685358255452
74 0.22102864583333331 0.2900311526479751 0.012369791666666666 0.02180685358255452
72 0.23958333333333331 0.2922118380062305 0.013020833333333332 0.022429906542056077
78 0.25944010416666663 0.2953271028037383 0.011067708333333332 0.02118380062305296
18 0.5192057291666666 0.6401869158878505 0.064453125 0.034267912772585674
47 0.5247395833333333 0.5242990654205608 0.0390625 0.04797507788161994
83 0.5673828125 0.5283489096573208 0.035807291666666664 0.049844236760124616
85 0.6048177083333333 0.5302180685358255 0.028645833333333332 0.049844236760124616
75 0.640625 0.5336448598130842 0.028645833333333332 0.049221183800623056
73 0.677734375 0.5342679127725857 0.028645833333333332 0.04797507788161994
72 0.720703125 0.5355140186915888 0.03515625 0.03925233644859813
76 0.7652994791666666 0.5411214953271029 0.039713541666666664 0.04797507788161994
47 0.5091145833333333 0.6333333333333334 0.013020833333333332 0.014330218068535827
83 0.5319010416666666 0.6339563862928349 0.014322916666666666 0.01557632398753894
85 0.49609375 0.645171339563863 0.013020833333333332 0.01806853582554517
75 0.5084635416666666 0.6470404984423677 0.014322916666666666 0.016822429906542057
73 0.51953125 0.6467289719626168 0.013020833333333332 0.02118380062305296
72 0.5325520833333333 0.6495327102803738 0.013020833333333332 0.01806853582554517
76 0.544921875 0.6495327102803738 0.009114583333333332 0.01806853582554517
