7 0.4658203125 0.46875 0.150390625 0.44
1 0.1669921875 0.21 0.333984375 0.4175
214 0.08349609375 0.309375 0.017578125 0.025
18 0.0859375 0.38875 0.07421875 0.035
11 0.123779296875 0.1065625 0.24658203125 0.108125
17 0.0458984375 0.0865625 0.0126953125 0.014375
17 0.05029296875 0.0734375 0.009765625 0.011875
17 0.064697265625 0.0709375 0.01220703125 0.011875
43 0.0556640625 0.39 0.0107421875 0.03
81 0.0654296875 0.3896875 0.009765625 0.030625
74 0.079345703125 0.39 0.00927734375 0.0275
74 0.08837890625 0.39 0.0087890625 0.0275
92 0.097900390625 0.388125 0.01025390625 0.02625
98 0.107666015625 0.38875 0.00927734375 0.02875
77 0.116455078125 0.3878125 0.00927734375 0.029375000000000002
