17 0.203369140625 0.6656901041666666 0.01806640625 0.021484375
17 0.182373046875 0.7200520833333333 0.02001953125 0.0234375
17 0.18017578125 0.7405598958333333 0.015625 0.018880208333333332
14 0.43798828125 0.9134114583333333 0.0166015625 0.07552083333333333
11 0.4365234375 0.802734375 0.5888671875 0.3919270833333333
4 0.4306640625 0.572265625 0.7353515625 0.8463541666666666
18 0.749267578125 0.09309895833333333 0.03271484375 0.013020833333333332
91 0.7392578125 0.09375 0.00390625 0.009114583333333332
77 0.75390625 0.09375 0.0029296875 0.009114583333333332
77 0.76220703125 0.09407552083333333 0.00390625 0.009765625
11 0.747314453125 0.0126953125 0.09423828125 0.025390625
2 0.7275390625 0.0673828125 0.1650390625 0.134765625
