3 0.1394891944990177 0.49270072992700725 0.28028814669286184 0.37372262773722625
11 0.09659462999345121 0.46678832116788316 0.18402095612311722 0.10583941605839416
18 0.09364767518009169 0.5635036496350364 0.06810740013097577 0.032116788321167884
47 0.06516044531761625 0.5613138686131387 0.011132940406024886 0.02335766423357664
84 0.07596594629993451 0.5635036496350364 0.010478061558611657 0.02335766423357664
103 0.0870988867059594 0.5631386861313868 0.010478061558611657 0.02262773722627737
76 0.0962671905697446 0.5627737226277372 0.0091683038637852 0.024817518248175182
76 0.10445317616240996 0.5627737226277372 0.007203667321545515 0.02335766423357664
77 0.11329404060248854 0.5631386861313868 0.010478061558611657 0.02408759124087591
78 0.12115258677144729 0.5642335766423358 0.0091683038637852 0.020437956204379562
2 0.6335952848722987 0.3492700729927007 0.21414538310412576 0.2605839416058394
178 0.6352324819908317 0.36751824817518247 0.011787819253438114 0.01678832116788321
11 0.6398166339227244 0.3240875912408759 0.14800261951538965 0.05693430656934306
1 0.6489849377865096 0.7773722627737226 0.3248199083169614 0.29781021897810217
1 0.9423706614276359 0.3259124087591241 0.11132940406024885 0.21386861313868613
