144 0.477783203125 0.57421875 0.02880859375 0.016927083333333332
47 0.451416015625 0.6002604166666666 0.00634765625 0.015625
88 0.459228515625 0.6005859375 0.00634765625 0.016276041666666664
90 0.470703125 0.6005859375 0.0068359375 0.016276041666666664
104 0.478759765625 0.6009114583333333 0.00634765625 0.016927083333333332
75 0.48681640625 0.6015625 0.005859375 0.016927083333333332
80 0.494873046875 0.6018880208333333 0.00634765625 0.016276041666666664
79 0.503173828125 0.6018880208333333 0.00537109375 0.016276041666666664
18 0.477294921875 0.6012369791666666 0.06103515625 0.026692708333333332
16 0.49560546875 0.44791666666666663 0.015625 0.018229166666666664
14 0.47265625 0.4212239583333333 0.0048828125 0.022135416666666664
17 0.401611328125 0.3889973958333333 0.01025390625 0.005859375
17 0.397216796875 0.3968098958333333 0.01220703125 0.007161458333333333
11 0.473388671875 0.4189453125 0.20166015625 0.09700520833333333
1 0.473388671875 0.4915364583333333 0.27001953125 0.34765625
