17 0.5234375 0.427734375 0.013671875 0.0078125
17 0.521240234375 0.43619791666666663 0.01318359375 0.0078125
16 0.58935546875 0.50390625 0.0234375 0.018229166666666664
11 0.60546875 0.4710286458333333 0.2119140625 0.107421875
159 0.613037109375 0.6630859375 0.02685546875 0.035807291666666664
47 0.5830078125 0.712890625 0.0087890625 0.020833333333333332
84 0.5927734375 0.7119140625 0.0107421875 0.022786458333333332
99 0.60498046875 0.7109375 0.0087890625 0.022135416666666664
84 0.614501953125 0.7112630208333333 0.00927734375 0.021484375
75 0.623779296875 0.7119140625 0.00927734375 0.020182291666666664
75 0.642822265625 0.7119140625 0.01025390625 0.022786458333333332
79 0.63330078125 0.7125651041666666 0.009765625 0.024088541666666664
18 0.612060546875 0.7119140625 0.07177734375 0.029296875
1 0.603515625 0.54296875 0.31640625 0.4114583333333333
