16 0.3662109375 0.41080729166666663 0.0166015625 0.01171875
17 0.3037109375 0.33072916666666663 0.013671875 0.01171875
17 0.31689453125 0.3310546875 0.0107421875 0.008463541666666666
17 0.30126953125 0.34375 0.01171875 0.010416666666666666
17 0.298828125 0.35807291666666663 0.013671875 0.010416666666666666
14 0.37548828125 0.37858072916666663 0.005859375 0.047526041666666664
11 0.377197265625 0.37760416666666663 0.21142578125 0.11588541666666666
111 0.3818359375 0.5439453125 0.0234375 0.029296875
47 0.352783203125 0.5940755208333333 0.00732421875 0.017578125
84 0.362060546875 0.5940755208333333 0.00732421875 0.018880208333333332
97 0.374755859375 0.59375 0.00732421875 0.01953125
76 0.3837890625 0.59375 0.0068359375 0.018229166666666664
73 0.39306640625 0.5934244791666666 0.0068359375 0.018880208333333332
80 0.401611328125 0.59375 0.00732421875 0.018229166666666664
78 0.410888671875 0.59375 0.00732421875 0.018229166666666664
18 0.382080078125 0.5934244791666666 0.06982421875 0.029296875
1 0.37646484375 0.4462890625 0.2841796875 0.392578125
