11 0.7421875 0.5592665356908972 0.21484375 0.07858546168958742
180 0.7721354166666666 0.6329404060248854 0.014322916666666666 0.021611001964636542
47 0.7444661458333333 0.6872953503601834 0.005859375 0.0137524557956778
84 0.7526041666666666 0.6872953503601834 0.009114583333333332 0.015062213490504257
99 0.7646484375 0.6866404715127702 0.007161458333333333 0.0137524557956778
79 0.7972005208333333 0.6846758349705305 0.008463541666666666 0.012442698100851343
78 0.7809244791666666 0.6853307138179437 0.007161458333333333 0.012442698100851343
78 0.7893880208333333 0.6846758349705305 0.007161458333333333 0.0137524557956778
101 0.7727864583333333 0.685985592665357 0.0078125 0.0137524557956778
18 0.7708333333333333 0.6869679109364768 0.06510416666666666 0.022265880812049773
2 0.69921875 0.5779305828421742 0.35546875 0.29011132940406026
11 0.2470703125 0.38310412573673874 0.15169270833333331 0.044531761624099546
181 0.2503255208333333 0.42436149312377214 0.020182291666666664 0.0091683038637852
47 0.22981770833333331 0.4554682383759005 0.006510416666666666 0.012442698100851343
84 0.23600260416666666 0.4554682383759005 0.005859375 0.012442698100851343
80 0.2587890625 0.4544859201047806 0.005859375 0.011787819253438114
80 0.265625 0.454158480681074 0.006510416666666666 0.011132940406024886
88 0.24576822916666666 0.45514079895219384 0.007161458333333333 0.011787819253438114
77 0.27213541666666663 0.454158480681074 0.005208333333333333 0.012442698100851343
100 0.2522786458333333 0.45514079895219384 0.005859375 0.011787819253438114
18 0.25065104166666663 0.4554682383759005 0.053385416666666664 0.01899148657498363
2 0.23372395833333331 0.404060248853962 0.23828125 0.2200392927308448
