7 0.4892578125 0.42625 0.123046875 0.43
1 0.166015625 0.21125 0.33203125 0.41500000000000004
11 0.1259765625 0.10375000000000001 0.244140625 0.115
17 0.045166015625 0.08625000000000001 0.01220703125 0.015
17 0.052490234375 0.0721875 0.00830078125 0.009375
17 0.06396484375 0.07125000000000001 0.01171875 0.01125
214 0.081787109375 0.3103125 0.00830078125 0.016875
18 0.0859375 0.38906250000000003 0.072265625 0.028125
43 0.05517578125 0.39 0.009765625 0.02375
81 0.0654296875 0.3896875 0.0087890625 0.023125
74 0.078369140625 0.3884375 0.00927734375 0.023125
74 0.088134765625 0.388125 0.00927734375 0.0225
92 0.0966796875 0.388125 0.009765625 0.02625
98 0.1064453125 0.388125 0.009765625 0.02625
77 0.11669921875 0.3875 0.0087890625 0.025
