2 0.20944625407166126 0.4428032683846637 0.2664495114006515 0.23947203016970459
126 0.17622149837133552 0.46008799497171593 0.011074918566775244 0.011313639220615965
18 0.1768729641693811 0.47705845380263984 0.055374592833876225 0.02011313639220616
11 0.18241042345276873 0.4245757385292269 0.15765472312703585 0.04714016341923319
47 0.15374592833876222 0.47548711502199875 0.007817589576547232 0.014456316781898178
84 0.16123778501628666 0.475801382778127 0.008469055374592834 0.01508485229415462
71 0.1710097719869707 0.4764299182903834 0.005863192182410423 0.01508485229415462
77 0.17817589576547233 0.4764299182903834 0.008469055374592834 0.016341923318667503
79 0.18631921824104236 0.47674418604651164 0.007817589576547232 0.01571338780641106
71 0.1931596091205212 0.4764299182903834 0.005863192182410423 0.016341923318667503
76 0.2003257328990228 0.47705845380263984 0.008469055374592834 0.016341923318667503
3 0.6775244299674268 0.3698931489629164 0.2814332247557003 0.4154619736015085
11 0.686970684039088 0.3262099308610937 0.23648208469055376 0.08673790069138906
47 0.6166123778501629 0.44720301697045883 0.02280130293159609 0.025769956002514142
84 0.6403908794788273 0.4478315524827153 0.018241042345276876 0.02702702702702703
81 0.6635179153094463 0.4484600879949717 0.021498371335504887 0.028284098051539912
79 0.6863192182410424 0.4478315524827153 0.018892508143322478 0.0295411690760528
76 0.7084690553745928 0.4497171590194846 0.02280130293159609 0.028284098051539912
72 0.7312703583061889 0.45034569453174106 0.02280130293159609 0.03205531112507857
73 0.7527687296416938 0.4522313010685104 0.020195439739413682 0.03331238214959145
18 0.6791530944625408 0.5461973601508485 0.05407166123778502 0.02765556253928347
47 0.6700325732899023 0.5373978629792583 0.01237785016286645 0.01257071024512885
84 0.6872964169381108 0.5373978629792583 0.010423452768729642 0.01257071024512885
81 0.6579804560260587 0.5499685732243872 0.009120521172638438 0.01508485229415462
79 0.6680781758957655 0.5499685732243872 0.00977198697068404 0.016341923318667503
76 0.6778501628664495 0.5509113764927719 0.00977198697068404 0.01697045883092395
72 0.6889250814332248 0.5509113764927719 0.011074918566775244 0.01697045883092395
73 0.6996742671009772 0.5502828409805154 0.010423452768729642 0.01697045883092395
