11 0.5836601307189542 0.5435403283369022 0.20130718954248364 0.07922912205567452
134 0.5905228758169935 0.599214846538187 0.01895424836601307 0.019271948608137045
47 0.5620915032679739 0.632762312633833 0.00784313725490196 0.01641684511063526
88 0.5712418300653594 0.6316916488222698 0.00915032679738562 0.017130620985010708
86 0.5823529411764705 0.6313347608850821 0.00784313725490196 0.01641684511063526
102 0.5918300653594771 0.6309778729478943 0.00718954248366013 0.015703069236259814
73 0.6006535947712418 0.6302640970735189 0.00784313725490196 0.017130620985010708
73 0.6098039215686274 0.6302640970735189 0.00784313725490196 0.017130620985010708
78 0.6186274509803921 0.6295503211991434 0.0058823529411764705 0.015703069236259814
18 0.5892156862745097 0.6313347608850821 0.06993464052287582 0.026409707351891507
2 0.5473856209150326 0.5660242683797287 0.3196078431372549 0.34403997144896503
