111 0.4853515625 0.6067708333333333 0.0244140625 0.03125
47 0.453857421875 0.6604817708333333 0.00732421875 0.018880208333333332
84 0.4638671875 0.66015625 0.0087890625 0.01953125
90 0.4775390625 0.6604817708333333 0.0078125 0.018880208333333332
93 0.487060546875 0.66015625 0.00830078125 0.01953125
71 0.496826171875 0.6608072916666666 0.00341796875 0.020833333333333332
79 0.5068359375 0.66015625 0.0078125 0.018229166666666664
78 0.51611328125 0.6604817708333333 0.0078125 0.018880208333333332
18 0.485107421875 0.6598307291666666 0.07470703125 0.030598958333333332
17 0.395263671875 0.37955729166666663 0.01220703125 0.01171875
17 0.40966796875 0.37890625 0.013671875 0.01171875
17 0.39111328125 0.3938802083333333 0.0126953125 0.009114583333333332
12 0.534423828125 0.3759765625 0.06103515625 0.020182291666666664
11 0.482177734375 0.41015625 0.23681640625 0.1328125
2 0.480712890625 0.486328125 0.32080078125 0.484375
111 0.79150390625 0.07356770833333333 0.0126953125 0.016927083333333332
47 0.773681640625 0.09798177083333333 0.00341796875 0.011067708333333332
81 0.77880859375 0.0986328125 0.00390625 0.011067708333333332
102 0.786865234375 0.09765625 0.00439453125 0.010416666666666666
92 0.7919921875 0.09895833333333333 0.0048828125 0.013020833333333332
76 0.7978515625 0.09830729166666666 0.0048828125 0.010416666666666666
77 0.802978515625 0.09830729166666666 0.00439453125 0.01171875
77 0.808837890625 0.09830729166666666 0.00341796875 0.01171875
18 0.791259765625 0.09895833333333333 0.04248046875 0.01953125
1 0.76611328125 0.07584635416666666 0.2021484375 0.15559895833333331
