47 0.7112630208333333 0.7983271375464683 0.008463541666666666 0.011152416356877323
84 0.7213541666666666 0.7985594795539033 0.009114583333333332 0.011617100371747211
78 0.7353515625 0.7987918215613382 0.007161458333333333 0.011152416356877323
80 0.7457682291666666 0.7980947955390334 0.008463541666666666 0.010687732342007435
79 0.7555338541666666 0.7983271375464683 0.008463541666666666 0.011152416356877323
72 0.7659505208333333 0.7985594795539033 0.008463541666666666 0.011617100371747211
72 0.7757161458333333 0.7978624535315985 0.007161458333333333 0.0120817843866171
18 0.7434895833333333 0.7987918215613382 0.07682291666666666 0.016728624535315983
11 0.7447916666666666 0.7486059479553903 0.23958333333333331 0.0604089219330855
2 0.7298177083333333 0.758131970260223 0.33203125 0.2616171003717472
