11 0.29459635416666663 0.28252788104089216 0.025390625 0.015799256505576207
18 0.3095703125 0.3150557620817844 0.007161458333333333 0.0027881040892193307
2 0.22330729166666666 0.30157992565055763 0.20182291666666666 0.05855018587360594
181 0.20540364583333331 0.7423327137546468 0.022786458333333332 0.006970260223048327
47 0.18326822916666666 0.7899628252788103 0.007161458333333333 0.011152416356877323
84 0.19173177083333331 0.7897304832713754 0.008463541666666666 0.010687732342007435
85 0.20475260416666666 0.7897304832713754 0.008463541666666666 0.010687732342007435
100 0.21354166666666666 0.7890334572490706 0.0078125 0.010223048327137546
85 0.22265625 0.7888011152416357 0.0078125 0.010687732342007435
87 0.23111979166666666 0.7885687732342007 0.0078125 0.010223048327137546
72 0.240234375 0.7883364312267658 0.0078125 0.010687732342007435
18 0.21158854166666666 0.7888011152416357 0.06901041666666666 0.017193308550185873
11 0.20930989583333331 0.7030669144981412 0.19856770833333331 0.04925650557620818
2 0.23177083333333331 0.716542750929368 0.296875 0.21003717472118957
