6 0.8010505581089954 0.47880539499036606 0.3795141168745896 0.6127167630057804
11 0.1625082074852265 0.5317919075144508 0.21208141825344712 0.13872832369942195
128 0.1680892974392646 0.619942196531792 0.03151674326986211 0.027938342967244702
47 0.14018384766907419 0.6840077071290944 0.00984898227183191 0.025048169556840076
84 0.15101772816808928 0.682562620423892 0.010505581089954037 0.024084778420038536
99 0.1644780039395929 0.682562620423892 0.00984898227183191 0.024084778420038536
101 0.17531188443860798 0.680635838150289 0.011818778726198291 0.024084778420038536
73 0.1851608667104399 0.6796724470134875 0.009192383453709783 0.024084778420038536
78 0.19566644780039394 0.6796724470134875 0.009192383453709783 0.024084778420038536
78 0.20617202889034797 0.6777456647398844 0.009192383453709783 0.024084778420038536
18 0.17367038739330268 0.6791907514450867 0.08338804990151016 0.04431599229287091
3 0.20551543007222586 0.5394990366088632 0.3414313854235062 0.5645472061657033
