11 0.21549479166666666 0.5848721590909091 0.25390625 0.11292613636363637
135 0.21419270833333331 0.6576704545454546 0.020833333333333332 0.024147727272727272
47 0.1875 0.7009943181818182 0.009114583333333332 0.018465909090909092
84 0.197265625 0.7002840909090909 0.009114583333333332 0.018465909090909092
84 0.21061197916666666 0.6999289772727273 0.009765625 0.01775568181818182
80 0.232421875 0.6985085227272727 0.009114583333333332 0.019176136363636364
80 0.24153645833333331 0.6981534090909091 0.009114583333333332 0.018465909090909092
104 0.220703125 0.6985085227272727 0.010416666666666666 0.019176136363636364
79 0.25162760416666663 0.6974431818181819 0.009765625 0.019886363636363636
18 0.21907552083333331 0.6999289772727273 0.080078125 0.03196022727272727
2 0.2451171875 0.5880681818181819 0.34049479166666663 0.42613636363636365
