3 0.689697265625 0.46940104166666663 0.27783203125 0.51171875
128 0.705322265625 0.609375 0.02783203125 0.024739583333333332
18 0.705810546875 0.6591796875 0.06787109375 0.027994791666666664
11 0.693115234375 0.41178385416666663 0.19873046875 0.11263020833333333
17 0.610107421875 0.373046875 0.01123046875 0.013020833333333332
17 0.625 0.373046875 0.013671875 0.013020833333333332
17 0.65478515625 0.3704427083333333 0.0126953125 0.013020833333333332
17 0.610595703125 0.38639322916666663 0.01220703125 0.011067708333333332
17 0.626953125 0.38834635416666663 0.013671875 0.012369791666666666
17 0.639404296875 0.37467447916666663 0.01123046875 0.014973958333333332
14 0.68994140625 0.4192708333333333 0.013671875 0.07161458333333333
38 0.6767578125 0.6608072916666666 0.0087890625 0.024739583333333332
82 0.685302734375 0.6595052083333333 0.01025390625 0.024739583333333332
78 0.698974609375 0.66015625 0.00830078125 0.0234375
86 0.707763671875 0.6595052083333333 0.00927734375 0.024739583333333332
98 0.71728515625 0.6588541666666666 0.009765625 0.0234375
80 0.727294921875 0.6588541666666666 0.00830078125 0.0234375
75 0.736083984375 0.6595052083333333 0.00927734375 0.024739583333333332
