17 0.418701171875 0.3447265625 0.01513671875 0.009765625
17 0.41650390625 0.3548177083333333 0.01171875 0.010416666666666666
14 0.49169921875 0.38671875 0.0146484375 0.05598958333333333
15 0.414306640625 0.4114583333333333 0.01806640625 0.018229166666666664
111 0.499267578125 0.5481770833333333 0.02197265625 0.028645833333333332
11 0.494384765625 0.3831380208333333 0.20849609375 0.09440104166666666
47 0.47119140625 0.5885416666666666 0.009765625 0.020833333333333332
84 0.480712890625 0.5882161458333333 0.00830078125 0.020182291666666664
101 0.49267578125 0.5885416666666666 0.0087890625 0.020833333333333332
73 0.501220703125 0.5882161458333333 0.00927734375 0.021484375
73 0.527587890625 0.5891927083333333 0.00830078125 0.022135416666666664
76 0.510009765625 0.5882161458333333 0.00830078125 0.020182291666666664
76 0.51953125 0.5888671875 0.0078125 0.021484375
18 0.5 0.5869140625 0.0673828125 0.025390625
1 0.5 0.44401041666666663 0.26953125 0.3958333333333333
