8 0.5325520833333333 0.22451888809693515 0.07552083333333333 0.16821097647897365
2 0.6451822916666666 0.3813257305773343 0.2109375 0.2551674982181041
112 0.6484375 0.398431931575196 0.014322916666666666 0.014255167498218105
18 0.6484375 0.4183891660727014 0.05598958333333333 0.022808267997148968
47 0.6256510416666666 0.4180327868852459 0.0078125 0.01924447612259444
84 0.6324869791666666 0.41945830363506775 0.007161458333333333 0.01781895937277263
77 0.642578125 0.4191019244476123 0.0078125 0.017106200997861726
75 0.6500651041666666 0.4191019244476123 0.007161458333333333 0.017106200997861726
78 0.6572265625 0.42052744119743407 0.007161458333333333 0.019957234497505347
72 0.6634114583333333 0.41874554526015684 0.0078125 0.01924447612259444
79 0.6715494791666666 0.4198146828225232 0.007161458333333333 0.017106200997861726
11 0.646484375 0.3545972915181754 0.15364583333333331 0.05773342836778332
1 0.13639322916666666 0.4793300071275838 0.2727864583333333 0.30719885958660015
181 0.0703125 0.5146115466856735 0.01953125 0.015680684248039915
18 0.07194010416666666 0.5459729151817534 0.06575520833333333 0.0270848182466144
47 0.04524739583333333 0.5441910192444761 0.008463541666666666 0.020669992872416252
84 0.0537109375 0.544903777619387 0.009765625 0.022095509622238062
101 0.06477864583333333 0.544903777619387 0.009765625 0.022095509622238062
72 0.07389322916666666 0.5452601568068425 0.008463541666666666 0.022808267997148968
77 0.08203125 0.5463292943692089 0.0078125 0.020669992872416252
72 0.09049479166666666 0.5463292943692089 0.009114583333333332 0.020669992872416252
78 0.09895833333333333 0.5470420527441198 0.0078125 0.01781895937277263
1 0.6315104166666666 0.7644333570919458 0.3333333333333333 0.3271560940841055
2 0.9368489583333333 0.383464005702067 0.12369791666666666 0.24803991446899504
