128 0.467529296875 0.4778645833333333 0.02490234375 0.018229166666666664
47 0.443115234375 0.5172526041666666 0.00537109375 0.014973958333333332
84 0.45068359375 0.517578125 0.005859375 0.015625
97 0.461181640625 0.5179036458333333 0.00537109375 0.014973958333333332
75 0.46875 0.5179036458333333 0.005859375 0.014973958333333332
78 0.475830078125 0.5185546875 0.00537109375 0.014973958333333332
72 0.4833984375 0.5185546875 0.005859375 0.014973958333333332
73 0.490966796875 0.5179036458333333 0.00634765625 0.014973958333333332
18 0.466796875 0.5182291666666666 0.056640625 0.026041666666666664
17 0.394775390625 0.3076171875 0.01025390625 0.008463541666666666
11 0.463623046875 0.3388671875 0.17041015625 0.10611979166666666
3 0.46142578125 0.388671875 0.2470703125 0.37890625
