111 0.518310546875 0.5400390625 0.02001953125 0.027994791666666664
47 0.489013671875 0.5804036458333333 0.00634765625 0.017578125
84 0.497802734375 0.5804036458333333 0.00634765625 0.017578125
101 0.5107421875 0.5807291666666666 0.0078125 0.018229166666666664
73 0.519287109375 0.5804036458333333 0.00732421875 0.017578125
76 0.528564453125 0.5807291666666666 0.00634765625 0.016927083333333332
76 0.537109375 0.5813802083333333 0.0068359375 0.016927083333333332
73 0.546142578125 0.5807291666666666 0.00732421875 0.018229166666666664
18 0.517333984375 0.580078125 0.06982421875 0.028645833333333332
14 0.509521484375 0.37858072916666663 0.00439453125 0.044921875
16 0.470458984375 0.3916015625 0.02001953125 0.025390625
15 0.427978515625 0.392578125 0.02099609375 0.02734375
17 0.4326171875 0.3284505208333333 0.013671875 0.008463541666666666
17 0.429931640625 0.33854166666666663 0.01123046875 0.009114583333333332
11 0.51171875 0.3733723958333333 0.20703125 0.11002604166666666
1 0.51220703125 0.4228515625 0.2841796875 0.3977864583333333
