11 0.23697916666666666 0.434699714013346 0.23958333333333331 0.12392755004766444
179 0.2314453125 0.546234509056244 0.021484375 0.030505243088655862
22 0.21419270833333331 0.6468064823641563 0.009114583333333332 0.0219256434699714
88 0.22428385416666666 0.6472831267874166 0.009765625 0.022878932316491896
78 0.23763020833333331 0.6458531935176358 0.0078125 0.023832221163012392
73 0.24674479166666666 0.6439466158245948 0.009114583333333332 0.0219256434699714
77 0.2561848958333333 0.6444232602478551 0.009765625 0.022878932316491896
71 0.2659505208333333 0.6429933269780743 0.007161458333333333 0.025738798856053385
76 0.2757161458333333 0.6415633937082936 0.008463541666666666 0.02478551000953289
18 0.24544270833333331 0.6491897044804575 0.0859375 0.040038131553860816
2 0.26041666666666663 0.4432793136320305 0.3216145833333333 0.49761677788369874
