7 0.5556640625 0.1575 0.103515625 0.28750000000000003
7 0.8759765625 0.1925 0.107421875 0.34750000000000003
1 0.1630859375 0.22125 0.326171875 0.41500000000000004
214 0.0830078125 0.310625 0.0107421875 0.02125
11 0.123779296875 0.10625 0.24462890625 0.10625
18 0.08544921875 0.389375 0.0732421875 0.03125
43 0.056640625 0.39 0.0107421875 0.0275
81 0.06689453125 0.3909375 0.009765625 0.025625000000000002
74 0.0791015625 0.39 0.009765625 0.025
74 0.088623046875 0.389375 0.00927734375 0.02625
92 0.097900390625 0.3884375 0.00927734375 0.026875
98 0.10791015625 0.3875 0.0107421875 0.02625
77 0.117431640625 0.3878125 0.00830078125 0.023125
