119 0.6943359375 0.5478515625 0.0166015625 0.021484375
47 0.666259765625 0.59765625 0.00830078125 0.01953125
84 0.67431640625 0.5989583333333333 0.0068359375 0.018229166666666664
97 0.685791015625 0.599609375 0.00634765625 0.016927083333333332
102 0.6943359375 0.5986328125 0.0068359375 0.018880208333333332
76 0.702392578125 0.5999348958333333 0.00732421875 0.017578125
75 0.7109375 0.599609375 0.0078125 0.016927083333333332
79 0.71923828125 0.5999348958333333 0.0068359375 0.016276041666666664
18 0.692626953125 0.5986328125 0.06396484375 0.027994791666666664
11 0.694091796875 0.4925130208333333 0.17724609375 0.09309895833333333
3 0.666748046875 0.5517578125 0.27099609375 0.37955729166666663
