126 0.40576171875 0.5302734375 0.01171875 0.011067708333333332
47 0.37939453125 0.591796875 0.005859375 0.015625
84 0.387451171875 0.591796875 0.00634765625 0.015625
78 0.398681640625 0.5921223958333333 0.00537109375 0.014973958333333332
71 0.40673828125 0.5921223958333333 0.001953125 0.016276041666666664
71 0.42236328125 0.5924479166666666 0.001953125 0.016927083333333332
75 0.41455078125 0.5921223958333333 0.0068359375 0.016276041666666664
75 0.43017578125 0.5924479166666666 0.005859375 0.015625
18 0.4052734375 0.5921223958333333 0.0615234375 0.025390625
11 0.40283203125 0.39615885416666663 0.197265625 0.08919270833333333
1 0.403076171875 0.462890625 0.27294921875 0.3528645833333333
