2 0.624755859375 0.4495442708333333 0.31201171875 0.46549479166666663
151 0.6435546875 0.5657552083333333 0.0390625 0.01953125
11 0.62890625 0.3841145833333333 0.2041015625 0.109375
17 0.540283203125 0.3421223958333333 0.01123046875 0.013671875
17 0.5546875 0.3421223958333333 0.01171875 0.013671875
17 0.538818359375 0.3564453125 0.01318359375 0.009765625
14 0.62451171875 0.3802083333333333 0.013671875 0.057291666666666664
18 0.6455078125 0.6416015625 0.0693359375 0.030598958333333332
38 0.61669921875 0.6416015625 0.0087890625 0.022786458333333332
90 0.625732421875 0.640625 0.00927734375 0.0234375
76 0.637939453125 0.640625 0.00830078125 0.0234375
83 0.647216796875 0.6399739583333333 0.00830078125 0.024739583333333332
82 0.656494140625 0.640625 0.00927734375 0.026041666666666664
80 0.665771484375 0.6389973958333333 0.00927734375 0.024088541666666664
79 0.675048828125 0.6402994791666666 0.00927734375 0.026692708333333332
